00000
00000
00000
00000
,
00000
00001
00000
10000
,
00000
00100
00000
01000
,
00000
00010
00000
01000
,
00000
00100
00000
01100
,
00000
00010
00000
00100
,
00000
00110
00000
00001
,
00000
00200
00000
00300
,
00000
00001
00100
00001
,
00000
10000
00000
10000
,
00000
00001
00000
00001
,
00000
10000
00000
00001
,
00000
00100
00100
00100
,
00000
00110
00000
01000
,
00000
00010
00000
01000
,
00000
00100
00000
01100
,
00000
00010
00100
00100
,
00000
00020
00000
00030
,
00000
02000
00000
03000
,
00000
00200
00000
00300
,
10001
00000
00000
00000
,
10000
00001
10000
00000
,
00100
00000
01000
00000
,
00010
00000
00100
00100
,
00100
00000
00000
00000
,
00010
00010
01000
00000
,
00100
00000
00100
00000
,
10000
00000
00001
00000
,
00200
00000
00000
00300
,
00000
00010
00010
00010
,
00000
01000
01000
01000
,
00000
00100
00000
00100
,
00000
10001
10001
00000
,
00000
00010
00000
01000
,
00000
00010
00000
01100
,
00000
10000
00000
00001
,
00000
10000
00001
10000
,
00100
00000
01100
00000
,
00010
00000
01100
00000
,
00010
00010
01000
01000
,
00010
01000
00010
00000
,
00100
00000
00100
00000
,
00100
00000
00100
00000
,
10001
00000
00000
00000