000000
000000
000000
000000
,
000000
000000
000000
000000
,
000000
000000
000000
000000
,
000000
000000
000000
000000
,
000000
000000
000000
000000
,
000100
001000
000010
010000
000001
000000
000100
000000
000010
000000
000010
000000
000020
000000
001030
000000
,
001000
000100
000010
000000
000100
000000
001000
000000
010000
000000
110000
000000
000000
000000
101000
000000
,
001000
100000
001000
100000
010000
000000
100000
000000
000100
000000
010000
000000
000010
000000
001000
000000
,
000000
000000
000001
000000
000000
000000
100000
000000
000000
000000
100001
000000
000100
001000
000000
000000
,
000010
010000
001000
010000
000010
000000
000110
000000
,
000100
010000
000100
000010
010000
001000
100000
000000
,
001000
010000
000010
000000
000100
000010
010000
000000
,
000001
000100
000010
010000
001000
200000
300100
000000
,
000100
010000
001010
000000
000010
000100
000001
000000
,
010000
001000
100000
001000
010000
000100
001000
000000
,
000100
000010
000001
000000
001000
010000
100000
000000
,
101000
010000
000100
001000
000110
000001
000110
000000
,
000010
000100
000001
000100
000010
000001
000010
000100
000010
000000
001000
000000
001100
000000
000100
000000
,
010000
000000
001000
000000
100000
001000
010000
100000
010000
000000
001000
000000
100000
000000
010000
001000
,
000100
000000
010000
000000
001000
000000
000010
000000
000100
001000
010000
100000
000000
001000
010000
000010
,
000100
000000
000001
000010
000001
000100
000001
001000
000000
000000
000010
000000
010000
001000
000000
000000
,
101000
000000
000000
000000
110000
000000
000000
000000
100000
000000
000001
000000
000100
000010
000100
000020
,
000000
010030
000000
010000
000100
001000
000010
000100
,
000010
001000
000100
010000
001000
100000
001000
010000
,
000100
000010
000001
000100
000010
010000
010010
000000
,
000010
000000
100000
001000
010000
000000
001000
000000
100000
000000
010000
000000
001000
000100
000010
000000
,
000100
001000
000010
000100
000010
010000
001000
100100
,
000000
010001
000000
000000
100000
000100
020000
000002
,
000000
000000
000000
000000
000000
000000
000000
000000
030003
000000
000010
000100
000010
000100
000010
000000
,
001000
000000
000100
000000
010000
000000
000010
000000
010000
000000
000001
000010
000001
000000
000100
000000
,
000001
000000
000010
000000
000100
000000
010000
000000
000100
000010
000001
000000
000100
000000
010000
100000
,
001000
010000
000100
001000
000010
001000
000100
010000
,
011000
000000
010100
000000
010010
000000
010001
000000
010010
000000
000010
010000
001000
010000
000100
001000
,
010000
100000
001000
010000
000010
001000
001100
000000
,
000100
001000
000001
000010
000001
001000
001010
000000
,
000010
010000
011000
000000
010000
000100
000110
000000
,
000001
000100
000010
010000
001000
000010
001000
010000
,
000100
000010
001000
010000
000010
000100
000101
000000
,
000100
000000
000010
000000
001000
000000
000100
000000
010000
001000
010000
000000
010100
000000
000000
000000
,
010000
001000
100000
000000
000010
000100
000001
000000
,
001000
000100
000010
000001
001000
000100
000010
000000
,
000011
000101
000110
011000
,
110000
101000
011000
000110
,
001100
000000
000000
000000