00000
00000
00000
00000
,
00000
00000
00000
00000
,
00000
00000
00000
00000
,
00000
00000
00000
00000
,
01000
00010
00100
00000
01010
00000
00100
00000
10000
00000
00001
00000
00100
00000
00101
00000
,
00001
10000
00100
00000
10001
00000
10000
00100
00000
00100
01000
00000
00010
00000
00100
00001
,
10000
00000
01000
00000
00100
00000
00010
00000
01000
00100
10000
00000
10100
00000
00110
00000
,
00010
00100
00010
01000
00100
00000
10000
00001
00100
00001
10000
00000
00101
00000
01100
00000
,
00001
10000
00100
00000
10001
00000
00100
00000
00010
00000
01000
00000
00100
00000
01100
00000
,
01000
00010
00100
00000
01010
00000
00010
00100
00000
00100
00001
00000
10000
00000
00100
01000
,
00010
00000
00001
00000
00100
00000
10000
00000
00001
00100
00010
00000
00110
00000
10100
00000
,
10000
00100
10000
00000
00010
00100
00010
01000
00010
00100
00010
01000
01100
00000
00101
00000
,
10000
00101
00000
01000
00110
00000
01010
00000
00000
00000
10101
00000
10000
00100
10000
00000
,
00001
10100
00000
00010
01100
00000
01010
00000
00000
00000
10101
00000
00001
10000
00200
00300
,
10000
00101
00000
01000
00110
00000
01010
00000
00000
00000
10101
00000
10000
00010
00100
00000
,
02002
00000
00000
00000
00200
00000
00000
03303
,
00001
10000
00000
10000
00100
00000
02000
00000
03000
00000
00010
00100
00001
00100
10010
00000
,
10000
00001
00000
00001
00100
00000
00020
00000
00030
00000
01000
00100
10000
00100
01000
00000
,
01000
00010
00000
00010
01000
00000
00100
00000
10100
00000
10000
00100
01000
00100
10010
00000
,
00001
00010
00100
01000
10000
01000
00100
00010
00001
00000
00100
00000
00111
00000
00000
00000
,
20000
00000
00000
30000
01000
00100
00010
00000
01000
00100
01000
00010
00100
00010
01000
00000
,
00001
00100
00001
00010
00100
01000
00010
00000
10000
00100
10000
00000
00001
00100
00001
10000
,
00100
01000
00010
00000
01010
00000
01000
00010
00100
00000
10001
00000
10000
00100
01000
00000
,
01000
00100
00010
00000
00011
00000
00001
00100
10000
00000
01000
00100
10000
01000
00100
00000
,
00020
02000
00000
00000
00000
00000
03030
00000
20202
00000
00000
00000
00000
00000
30303
00000
,
10000
00010
00100
00010
10000
00000
00101
00000
00100
00001
01000
00000
01100
00000
01000
00010
,
00100
00010
01000
00000
00010
01000
00100
10000
00001
00100
10000
01000
00100
00000
10000
00010
,
01000
00001
00100
00000
00010
00100
10000
01000
00100
00010
00001
00100
01000
10000
00100
00000
,
10101
00000
10000
00100
00001
00010
00100
00000
00001
00100
10000
01000
00100
00000
01100
00000
,
01010
00000
00010
00100
00001
00010
00100
00000
01000
00010
00100
00001
10000
00000
10100
00000
,
00010
00001
00100
10000
01000
00100
00010
00000
01010
00000
01000
00100
00010
00100
01000
00000
,
01010
00000
00000
01100
00000
00000
00110
00000
10001
00000
01101
00000
10010
00000
01001
00000
,
00001
00000
00100
00000
00001
00000
10000
00000
00100
01000
00010
00000
00100
00000
00001
00000
10000
00000
00100
00000
01000
00000
00010
00000
00100
00000
00000
00000
01001
00000
00000
00000
,
01000
00000
00100
00000
10000
00001
00100
00010
01000
00100
10000
00000
00001
00000
00100
00000
00010
00000
01000
00000
00100
00000
10000
00000
00001
00000
00000
00000
00101
00000
00000
00000
,
00001
00100
00000
00100
00010
00000
00110
00000
00100
00001
10000
00100
01000
00000
01100
00000
,
02020
00000
00000
00000
,
00000
00000
00000
00000
00000
00000
00000
00000
03030
00000
00000
00000
00000
00000
00010
00100
,
00010
01000
00100
00001
00010
00100
01000
10000
00100
00000
10100
00000
10001
00000
01000
00100
,
00010
00100
01000
00010
00100
00000
00001
10000
00100
00000
01100
00000
00110
00000
00001
00100
,
10000
00100
00001
10000
00100
00000
01000
00100
01000
00000
01100
00000
00101
00000
00001
00100
,
00001
00000
10000
00100
10000
00000
01000
00100
00010
00000
00110
00000
01010
00000
00010
00001
,
01000
10000
00010
00001
01000
10000
00010
00001
00100
00000
10100
00000
01010
00000
01000
10000
,
00010
00001
01000
10000
00010
00001
01000
10000
00100
00000
00101
00000
01010
00000
01000
00010
,
00100
00000
01010
00000
00110
00000
00100
00010
01000
00000
01100
00000
00101
00000
00001
00010
,
00100
01000
10000
01000
00100
00010
00001
00010
00100
01000
00010
00000
01010
00000
00010
00001
,
01000
10000
00010
00001
01000
10000
00010
00001
00100
10000
01000
00100
00010
01000
00100
00010
,
00001
00100
10000
01000
00100
10000
01000
00100
00001
00010
00100
01000
00010
00100
01000
10000
,
00100
00001
00010
00100
00001
00010
00100
10000
01000
00100
00010
01000
00100
00000
00100
10000
,
00010
00000
00100
00001
01000
00000
00010
10000
00100
01000
00001
00000
01010
00000
01000
10000
,
00010
00001
01000
10000
00010
00001
01000
10000
00100
00001
10000
01000
00001
00010
10000
01000
,
00001
00010
00100
00000
01010
00000
10000
00001
00100
00010
01000
00000
10001
00000
01000
00000
,
00010
00000
01100
00010
01000
00000
00001
00000
10000
00000
00101
10000
00001
00000
10000
01000
,
00100
00010
00001
00010
00100
01000
10000
01000
00100
00010
01000
00100
10000
00000
00000
00000
,
00000
00000
00000
00000
10000
00001
00100
00000
01010
00000
01000
00100
00000
00100
10000
01000
,
00100
00010
01000
00000
01000
00010
00100
00000
10001
00000
00001
00100
00000
00100
00001
00010
,
00100
01000
10000
00100
00001
00010
00100
00000
01001
00000
00011
00100
01000
00010
00100
01000
,
11000
00000
10100
00000
10000
00100
01000
00000
01100
00000
00110
00000
01010
00000
00000
00000
,
01110
00000
10001
00000
10101
00000
00000
00000
20220
00000
00000
30330
01101
00000
00000
00000