// measure 0
00000
00000
00000
00000
,  // measure 1
01000
00010
00100
00000
00100
00000
10001
00000
00010
01000
00100
00000
00M00
00000
10001
00000
00001
00010
00001
00000
00M00
00000
00011
00000
10000
01000
10000
00000
00M00
00000
11000
00000
,  // measure 2
00001
10000
00100
00000
00M00
00000
01010
00000
10000
00001
00100
00000
00M00
00000
01010
00000
01000
10000
01000
00000
00100
00000
11000
00000
00010
00001
00010
00000
00M00
00000
00011
00000
,  // measure 3
01M10
00000
00000
01M10
00000
00000
01M10
00000
00000
00000
01M10
00000
00000
00000
00100
00000
100M1
00000
00000
100M1
00000
00000
100M1
00000
00000
00000
100M1
00000
00000
00000
00100
00000
,  // measure 4
1100M
00000
00000
1100M
00000
00000
1100M
00000
00000
00000
1100M
00000
00000
00000
00100
00000
0M011
00000
00000
0M011
00000
00000
0M011
00000
00000
00000
0M011
00000
00000
00000
00100
00000
,  // measure 5
M1001
00000
00000
M1001
00000
00000
M1001
00000
00000
00000
M1001
00000
00000
00000
00100
00000
1M010
00000
00000
1M010
00000
00000
1M010
00000
00000
00000
1M010
00000
00000
00000
00100
00000
,  // measure 6
10000
00000
00000
00100
00000
00000
00010
00000
00000
00000
00011
00000
00000
00000
11000
00000
00001
00000
00000
00100
00000
00000
01000
00000
0000M
00000
M0000
00000
M010M
00000
00000
00000
,  // measure 7
01010
00000
00100
00000
00001
10000
00001
00000
022M0
0000M
033M0
00000
0M220
M0000
0M330
00000
,  // measure 8
10001
00000
00100
00000
01000
00010
01000
00000
0M202
M0000
0M303
00000
002M0
2000M
303M0
00000
,  // measure 9
01010
00000
00100
00000
10000
00001
10000
00000
00010
00000
00000
00000
022M0
0000M
033M0
00000
,  // measure 10
10001
00000
00100
00000
00010
01000
00010
00000
202M0
0000M
303M0
00000
0M200
M0002
0M303
00000
,  // measure 11
01010
00000
00100
00000
10000
00001
10000
00000
0M220
M0000
0M330
00000
022M0
0000M
033M0
00000
,  // measure 12
10001
00000
00100
00000
00010
01000
00010
00000
202M0
0000M
303M0
00000
0M200
M0002
0M303
00000
,  // measure 13
01010
00000
00100
00000
00001
10000
00001
00000
01000
00000
00000
00000
0M220
M0000
0M330
00000
,  // measure 14
10001
00000
00000
00000
00100
00000
00000
00000
01000
00000
00010
00000
01000
00000
00000
00000
2120M
00000
00000
0000M
00000
00000
00000
00000
0100M
00000
00000
0000M
30300
00000
00000
00000
,  // measure 15
100M0
00100
10000
00100
10000
00100
10000
00000
0100M
00100
01000
00100
01000
00100
01000
00000
,  // measure 16
M0010
00100
00010
00100
00010
00100
00010
00000
0M001
00100
00001
00100
00001
00100
00001
00100
,  // measure 17
100M0
00100
10000
00100
10000
00100
10000
00000
M0010
00100
00010
00100
00010
00100
00010
00000
,  // measure 18
0100M
00100
01000
00100
01000
00100
01000
00000
M0001
0M100
M0001
0M100
M0001
0M100
M0001
00100
,  // measure 19
100M0
00100
10000
00100
10000
00100
10000
00000
0100M
00100
01000
00100
01000
00100
01000
00000
,  // measure 20
M0010
00100
00010
00100
00010
00100
00010
00000
0M001
00100
00001
00100
00001
00100
00001
00100
,  // measure 21
100M0
00100
10000
00100
10000
00100
10000
00000
M0010
00100
00010
00100
00010
00100
00010
00000
,  // measure 22
0100M
00100
01000
00100
01000
00100
01000
00000
00001
00000
00100
00000
00001
00100
00001
00100
,  // measure 23
0000M
00000
00000
00000
01000
10000
00010
0000M
01000
10000
00010
0000M
01000
10000
00010
00001
,  // measure 24
01000
10000
00010
0000M
01000
10000
00010
0000M
01000
10000
00010
0000M
01000
10000
00010
00001
,  // measure 25
00100
00000
00100
00000
00100
00000
00100
00M00
00100
00M00
00200
00000
00000
00000
00000
00000
,  // measure 26
00000
00000
00000
00000
,  // measure 27
00000
00000
00000
00300
00000
00000
00000
00000