000100
000001
000100
000001
000010
000000
101000
000000
,
001000
100000
001000
100000
010000
000000
101000
000000
,
001010
010100
010010
001100
,
010000
000001
000100
000010
100000
001000
010000
000010
,
010010
000000
000101
000000
001000
010000
100000
000000
,
010010
000000
101000
000000
000100
000010
000001
000000
,
001100
000110
010010
011000
,
000010
001000
000010
001000
000100
010000
000100
010000
,
001100
000000
000000
110000
000000
000000
010100
000000
000000
000000
011000
000000
000000
000000
000010
000000
,
001100
000000
000000
000011
000000
000000
001010
000000
000000
000000
000110
000000
000000
000000
001000
000000
,
001010
000000
000000
010010
000000
000000
100100
000000
000000
000000
010100
000000
000000
000000
001100
000000
,
002200
000000
000000
000000
000000
000000
000300
003000
,
010000
100000
001000
000000
000011
000000
000110
000000
,
000010
000001
000100
000000
110000
000000
011000
000000
,
000100
000010
000100
000000
011000
000000
101000
000000
,
001000
010000
001000
000000
000110
000000
010100
000000
,
002200
003300
000010
010000
001000
100000
010000
001000
,
000100
100000
000100
001000
010010
000000
001100
000000
,
100001
000000
000010
000001
000101
000000
010000
100000
,
101000
010010
001010
001100
,
020200
000000
000000
000000
000000
000000
030300
000000
002020
000000
000000
000000
000000
000030
000000
003000
,
010000
100000
010000
001000
000100
000010
000001
000010
,
000100
001000
100000
001000
000100
000001
000100
001000
,
000010
010000
000100
001000
000010
010000
000100
001000
,
010000
100000
001000
100000
010000
000100
000010
001000
,
010000
100000
001000
100000
010000
000100
000010
001000
,
000100
010000
000100
010000
000010
001000
000010
001000
,
001100
100001
001010
000110
,
000100
000001
000100
010000
100000
001000
010000
001000
,
100000
010000
001000
000100
000010
000001
000100
000010
,
001000
000100
010000
000010
010000
000010
001000
000100
,
200000
000000
000000
300000
100010
000000
000110
000000
,
000100
000001
010000
000010
001001
000000
011000
000000
,
010000
100000
000100
001000
001100
000000
101000
000000
,
001000
100000
001000
000000
010000
001000
010000
000000
000010
010000
000010
000000
000100
000010
000100
000000
,
001000
000001
001000
000000
000001
000100
000001
000000
000010
000000
000001
000000
000010
000000
000100
000000
,
001000
010000
100000
010000
001000
000001
000100
000010
,
010000
001000
100000
001000
101000
000000
000110
000000
,
000011
000000
011000
000000
000001
000100
000010
000100
,
010000
001000
010000
001000
000100
010000
000100
000001
,
000100
010000
000100
000001
001000
000010
001000
100000
,
001000
000010
001000
100000
000010
010000
000010
001000
,
000010
000000
010000
000000
000010
000000
001000
000000
000010
001000
000010
000000
010000
000010
010000
000000
,
000100
001000
000100
001000
000100
001000
000100
001000
010000
000000
100000
000000
010000
000000
100000
000000
,
000100
100000
000100
100000
000010
100000
000010
100000
,
001000
100000
001000
100000
010000
001000
000100
000010
,
001000
010000
000010
000100
010000
001000
000010
000100
,
010000
000000
001000
000000
000010
000000
000100
000000
000002
000000
000003
000000
010000
000100
010000
000000
,
010100
000000
000000
000000
001100
000000
000000
000000
110000
000000
000000
000000
000010
001000
000010
000000
,
001010
000000
000000
000000
001100
000000
000000
000000
000011
000000
000000
000000
000100
001000
000100
000000
,
010000
000010
010000
000000
000100
001000
000100
000000
010000
000010
010000
000000
000100
100000
000100
000000
,
010000
000000
000100
000000
010000
000000
000000
000000
001100
000000
000000
000000
011110
000000
000000
000000
000000
010010
000000
000000
000000
011110
000000
000000
000000
000000
000000
000000
000000
000000
020020
000000
,
000000
030030
002200
000000
000000
000000
000000
000000
,
000000
000000
000000
000000
,
000000
000000
000000
000000
,
000000
000000
000000
000000
,
000000
000000
000000
000000
,
000000
000000
000000
000000
,
000000
000000
000000
000000
,
000000
000000
000000
000000
,
000000
003300
000000
000000
000000
000000
000000
000000