0000000000
0000000000
0000000000
0000000000
,
0000000000
0000000000
0000000000
0000000000
,
0000000000
0000000000
0000000000
0000000000
,
0000000000
0000000000
0000000000
0000000000
,
0000110000
0000000000
0000100000
0000000000
1000000000
0000000000
0010000000
0100000000
0000000000
0001000000
0010000000
0000100000
0001000000
0000000000
0000010000
0000000000
,
0000110000
0000000000
0000010000
0000000000
0000000001
0000000000
0000000100
0000000010
0000000000
0000001000
0000000100
0000010000
0000001000
0000000000
0000100000
0000000000
,
0000110000
0000000000
0010000000
0000000000
0000100000
0000000000
0000001000
0000000100
0000000000
0000000100
0000010000
0000000000
0001000000
0000000000
0010000000
0000000000
,
0000100000
0010000000
0000100000
0000000000
0001000000
0000001000
0000100000
0000010000
0000001000
0000000100
0000010000
0000000100
0000001000
0000010000
0000100000
0000000000
,
0001000000
0000000000
0100000000
0000000000
0110000000
0000000000
0000100000
0010000000
0000000000
0001000000
0000100000
0000010000
0000001000
0000000000
0000000010
0000000000
,
0000000100
0000000000
0000000001
0000000000
0000000101
0000000000
0000001000
0000000100
0000000000
0000010000
0000000100
0000001000
0000010000
0000000000
0000100000
0000000000
,
0001000000
0000000000
0100000000
0000000000
0010100000
0000000000
0010000000
0001000000
0000000000
0001000000
1000000000
0000000000
0010000000
0000000000
0100000000
0000000000
,
0000100000
0010000000
0001000000
0001000000
0010000000
0000100000
0001000000
0001000000
0000100000
0010000000
0001000000
0000100000
0000010000
0000001000
0000000100
0000000010
,
0000000001
0000000000
0000001000
0000000100
0000001000
0000000000
0000010110
0000000000
0000000000
0000000000
0000001100
0000000000
0000000000
0000000000
0000110000
0000000000
,
1000000000
0000000000
0001000000
0010000000
0001000000
0000000000
0110100000
0000000000
0000000000
0000000000
0011000000
0000000000
0000000000
0000000000
0000110000
0000000000
,
0000000001
0000000000
0000001000
0000000100
0000010000
0000000000
0000101000
0000000000
0000000000
0000000000
0001010000
0000000000
0000000000
0000000000
0000110000
0000000000
,
2000000000
0000000000
0000000000
0000000000
,
0000000000
0000000000
0000000000
0000000000
,
0000000000
0000000000
0000000000
0000000000
,
0000000000
0000000000
0000000000
0000000000
,
0000000000
0000000000
0000000000
0000000000
,
0000000000
0000000000
0000000000
0000000000
,
3000000000
0000000000
0000000000
0000000000
,
0000000000
0000000000
0000000000
0000000000
,
0000100000
0000000000
0100000000
0010000000
0100000000
0000000000
1011000000
0000000000
0000000000
0000000000
0010100000
0000000000
0000000000
0000000000
0001001000
0000000000
,
0000010000
0000000000
0000000010
0000000100
0000000010
0000000000
0000001101
0000000000
0000000000
0000000000
0000010100
0000000000
0000000000
0000000000
0001001000
0000000000
,
0000100000
0000000000
0100000000
0010000000
1000000000
0000000000
1100000000
0000000000
0000000000
0000000000
0001100000
0000000000
0000000000
0000000000
0000011000
0000000000
,
0000000100
0000000000
0000000000
0000000000
0000000000
0000000000
0000000000
0000000000
0000000000
0000000000
0000000000
0000000000
0000001000
0000000000
0000000000
0000000000
0000000000
0000000000
0000000000
0000000000
0000000000
0000000000
0000000000
0000000000
0000010000
0000000000
0000000000
0000000000
0000000000
0000000000
0000000000
0000000000
0000000000
0000000000
0000000000
0000000000
0000100000
0000000000
0000000000
0000000000
0000000000
0000000000
0000000000
0000000000
0000000000
0000000000
0000000000
0000000000
0000001000
0000000000
0000000000
0000000000
0000000000
0000000000
0000000000
0000000000
0000000000
0000000000
0000000000
0000000000
0001000000
0000000000
0000000000
0000000000
0000000000
0000000000
0000000000
0000000000
0000000000
0000000000
0000000000
0000000000
0000100000
0000000000
0000000000
0000000000
0000000000
0000000000
0000000000
0000000000
0000000000
0000000000
0000000000
0000000000
0010000000
0000000000
0000000000
0000000000
0000000000
0000000000
0000000000
0000000000
0000000000
0000000000
0000000000
0000000000
0002000000
0000000000
0000000000
0000000000
0000000000
0000000000
0000000000
0000000000
0000000000
0000000000
0000000000
0000000000
0000000000
0000000000
0000000000
0000000000
0000000000
0000000000
0000000000
0000000000
0000000000
0000000000
0000000000
0000000000
0200000000
0000000000
0000000000
0000000000
0000000000
0000000000
0000000000
0000000000
0000000000
0000000000
0000000000
0000000000
0000000000
0000000000
0000000000
0000000000
0000000000
0000000000
0000000000
0000000000
0000000000
0000000000
0000000000
0000000000
0303000000
0010000000
0000000000
0000000000
0000000000
0000000000
0000000000
0000000000
0000000000
0000000000
0000000000
0000000000
0000000000
0000000000
0000000000
0000000000
0000000000
0000000000
0000000000
0000000000
0000000000
0000000000
0000000000
0000000000
0000000000
0000000000
0000000000
0000000000
0000000000
0000000000
0000000000
0000000000
0000000000
0000000000
0000000000
0000000000
0000000000
0000000000
0000000000
0000000000
0000000000
0000000000
0000000000
0000000000
0000000000
0000000000
0000000000
0000000000
,
1000100000
0000000000
0000000000
0000000000
1000000000
0010000000
1000000000
0100000000
1000000000
0010000000
1000000000
0010000000
0100000000
0001000000
0010000000
0000100000
,
1000000000
0010000000
1000000000
0000100000
0010000000
0001000000
0100000000
0010000000
1000000000
0001000000
0010000000
0000100000
0010000000
0001000000
0000100000
0000010000
,
0000001000
0000000100
0000010000
0000000010
0000010000
0000000100
0000001000
0000000010
0000000100
0000000001
0000001000
0000000100
0000010000
0000000010
0000001000
0000000001
,
0000000100
0000000001
0000010000
0000000100
0000010000
0000001000
0001000000
0000010000
0000100000
0000001000
0001000000
0000100000
0010000000
0000100000
0100000000
0010000000
,
2000200000
0000000000
0000000000
0000000000
,
0000000000
0000000000
0000000000
0000000000
,
3000000000
0000000000
0000000000
0000000000
,
0000000000
0000000000
0000000000
0000000000
,
0000002000
0000000000
0000000000
0000000000
,
0000000000
0000000000
0000000000
0000000000
,
0000300000
0000000000
0000000000
0000000000
,
0000003000
0000000000
0000000000
0000000000
,
0000000010
0000000100
0000000010
0000000100
0000000001
0000000000
0000010000
0000000000
0000000010
0000001000
0000000100
0000001000
0000000001
0000010000
0000000010
0000000100
,
0000000001
0000001000
0000010000
0000100000
0001000000
0000010000
0000001000
0000100000
0000010000
0001000000
0000100000
0010000000
0001000000
0100000000
0010000000
1000000000
,
0000100000
0010000000
0000100000
0010000000
0000100000
0010000000
0000100000
0010000000
0000020000
0000000000
0000000000
0000000000
0000000000
0000000000
0000000000
0000000000
,
0000000000
0000000000
0000000000
0000000000
,
0000000000
0000000000
0000000000
0000000000
0000000000
0000000000
0000000000
0000000000
0000030000
0000000000
0000000000
0000000000
0001000000
0000100000
0010000000
0000000000
,
0001000000
0100000000
0001000000
0010000000
0000100000
0001000000
0000100000
0100000000
0001000000
0010000000
0100000000
1000000000
0001000000
0010000000
0001000000
0100000000
,
0000100000
0010000000
0000100000
1000000000
0001000000
0010000000
0000100000
0010000000
0001000000
0000100000
0000010000
0000001000
0000000100
0000010000
0000000100
0000000000
,
0000001000
0000000010
0000000100
0000000001
0000010000
0000001000
0001000000
0000000100
0000010000
0000001000
0000100000
0001000000
0010000000
0000100000
1000000000
0000100000
,
0010000000
0000100000
1000000000
0000100000
0010000000
0000000000
1000100000
0000000000
0010000000
1000000000
0000100000
0000000000
1000000000
0010000000
1000000000
0010000000
,
1000000000
0010000000
1000000000
0010000000
0100000000
0010000000
0100000000
0010000000
0100000000
0010000000
0100000000
0010000000
1000000000
0010000000
0100000000
0010000000
,
1000000000
0010000000
0100000000
0010000000
1000000000
0010000000
1000000000
0010000000
0000100000
0000010000
0000000100
0000000001
0000000010
0000000100
0000001000
0000010000
,
0000100000
0000000000
0000001000
0000000000
0001000000
0000000000
0000100000
0000000000
0001000000
0000001000
0000100000
0000000000
0000220000
0000000000
0000000000
0000000000
,
0000000000
0000000000
0000000000
0000000000
,
0000000000
0000000000
0000000000
0000330000
,
0000000000
0000000000
0000000000
0000000000
,
0000010000
0000001000
0000000100
0000000010
0000000001
0000000000
0000000000
0000000000
0000001000
0000000100
0000010000
0000000001
0000000100
0000000000
0000000000
0000000000
,
0000000010
0000000100
0000000010
0000000000
0000001000
0000000100
0000001000
0000000000
0000000001
0000000100
0000000001
0000000001
0000010000
0000000100
0000010000
0000000100
,
0000001000
0000000000
0000001000
0000000000
0000000010
0000001000
0000000100
0000001000
0000000010
0000000100
0000000001
0000000000
0000001000
0000000100
0000010000
0000000001
,
0000000010
0000000100
0000001000
0000000000
0000000001
0000000100
0000000010
0000000000
0000010000
0000000100
0000001000
0000000010
0000000100
0000001000
0000010000
0000000000
,
0001000000
0000100000
0000001000
0000010000
0001000000
0000100000
0000001000
0000010000
0001000000
0000100000
0000001000
0000010000
0000000100
0000000000
0000000000
0000000000
,
0000001000
0000010000
0001000000
0000100000
0000001000
0000010000
0001000000
0000100000
0000001000
0000010000
0001000000
0000100000
0010000000
0000000000
0000000000
0000000000
,
0001000000
0100000000
0010000000
0100000000
0001000000
0010000000
0001000000
0100000000
0010000000
0100000000
0001000000
0010000000
0001000000
0000000000
0110000000
0000000000
,
1000000000
0010000000
0100000000
0001000000
0010000000
0000100000
0010000000
0001000000
0100000000
0010000000
1000000000
0100000000
0010000000
0001000000
0000100000
0000000000
,
0000001000
0000010000
0000000100
0000001000
0000000010
0000000100
0000000001
0000000100
0000000001
0000010000
0000000010
0000000100
0000000010
0000001000
0000000100
0000010000
,
0000000100
0001000000
0000010000
0000100000
0000010000
0001000000
0000100000
0010000000
0001000000
0100000000
0010000000
0100000000
0000100000
0001000000
0000010000
0010000000
,
0001000000
0100000000
0010000000
1000000000
0001000000
0010000000
0100000000
1000000000
0010000000
1000000000
0100000000
0010000000
0001000000
0010000000
0000100000
0100000000
,
0001000000
0010000000
0000100000
0000000000
0100000000
0010000000
1000000000
0000000000
0001000000
0010000000
0000100000
0001000000
0000001000
0000010000
0000000100
0000000000
,
0000001000
0000000100
0000000010
0000000001
0000001000
0000000100
0000000010
0000000100
0000001000
0000000001
0000000010
0000000100
0000001000
0000000100
0000010000
0000000000
,
0000000010
0000000100
0000001000
0000010000
0000000010
0000000100
0000000010
0000010000
0000001000
0000000100
0000000010
0000000100
0000001000
0000010000
0000001000
0000100000
,
0000001000
0000000000
0001000000
0000000000
0000010000
0000100000
0000010000
0000000000
0001000000
0000010000
0000100000
0000000000
0000001000
0000100000
0000010000
0000000000
,
1000000000
0010000000
0100000000
0000100000
0010000000
0001000000
0000010000
0000000100
0000001000
0000000001
0000000100
0000000010
0000001000
0000000100
0000010000
0000000000
,
0000000000
0000000000
0000000000
0000000000
0000000000
0000000000
0001000000
0010000000
0100000000
0000000000
1000000000
0010000000
1000000000
0001000000
0010000000
0001000000
,
1000000000
0010000000
0000100000
0000010000
0001000000
0000000000
0000010000
0000000100
0000000001
0000000010
0000000100
0000001000
0000010000
0000000100
0000000001
0000000010
,
0000000100
0000001000
0000010000
0000100000
0000010000
0000000000
0010000000
0001000000
0010000000
0000000000
0000001000
0000100000
0000001000
0000010000
0000001000
0001000000
,
0000001000
0000010000
0000001000
0000100000
0000001000
0000000000
0001000000
0010000000
0100000000
0000100000
0010000000
0001000000
0000100000
0000000000
0000010000
0000000000
,
0001110000
0000100000
0000111000
0000000000
0001111000
0000000000
0020000200
0000000000
,
0000000000
0000000000
0000000000
0000000000
,
0000000000
0000000000
0000000000
0000000000
,
0000000000
0000000000
0000000000
0000000000
,
0000000000
0000000000
0000000000
0000000000
,
0000000000
0000000000
0000000000
0000000000
,
0000000000
0000000000
0000000000
0000000000
,
0000000000
0000000000
0000000000
0000000000
,
0000000000
0000000000
0000000000
0000000000
,
0000000000
0000000000
0000000000
0000000000
,
0000000000
0000000000
0000000000
0000000000
,
0000000000
0000000000
0000000000
0000000000
,
0000000000
0000000000
0000000000
0000000000
,
0000000000
0000000000
0000000000
0000000000
,
0000000000
0000000000
0000000000
0000000000
,
0000000000
0000000000
0000000000
0000000000
,
0000000000
0000000000
0000000000
0000000000
,
0000000000
0000000000
0000000000
0000000000
,
0000000000
0000000000
0000000000
0000000000
,
0000000000
0000000000
0000000000
0000000000
,
0000000000
0000000000
0000000000
0000000000
,
0000000000
0000000000
0000000000
0000000000
,
0000000000
0000000000
0000000000
0000000000
,
0000000000
0000000000
0000000000
0000000000
,
0000000000
0000000000
0000000000
0000000000
,
0000000000
0000000000
0000000000
0000000000
,
0000000000
0000000000
0000000000
0000000000
,
0000000000
0000000000
0000000000
0000000000
,
0000000000
0000000000
0000000000
0000000000
0000000000
0000000000
0000000000
0030000300
0000000000
0000000000
0000000000
0000000000