0000000000
0000000000
0000000000
0000000000
,
0000000000
0000000000
0000000000
0000000000
,
0000000000
0000000000
0000000000
0000000000
,
0000000000
0000000000
0000000000
0000000000
,
0000001000
0000000010
0000000100
0000000000
0000000110
0000000000
0000000100
0000000000
0000001000
0000000000
0001000000
0000000000
0010000000
0000000000
0001000000
0010000000
,
0100000000
0000000000
0010000000
0000000000
0110000000
0000000000
0100000000
0010000000
0000000000
0010000000
1000000000
0000000000
1010000000
0000000000
1000000000
0010000000
,
0000100000
0000000000
0000010000
0000000000
0000011000
0000000000
0000010000
0000001000
0000000000
0000001000
0000000100
0000000000
0000010100
0000000000
0000000100
0000000000
,
0000001000
0000010000
0000100000
0000000000
0001000000
0010000000
0000100000
0000001000
0000010000
0000100000
0001000000
0010000000
0000100000
0000000000
0011000000
0000000000
,
0001000000
0100000000
0010000000
0000000000
0110000000
0000000000
0010000000
0000000000
0001000000
0000000000
0000001000
0000000000
0000000100
0000000000
0000001000
0000000100
,
0000000010
0000000000
0000000100
0000000000
0000000110
0000000000
0000000010
0000000100
0000000000
0000000100
0000000001
0000000000
0000000101
0000000000
0000000001
0000000100
,
0000010000
0000000000
0000100000
0000000000
0001100000
0000000000
0000100000
0001000000
0000000000
0001000000
0010000000
0000000000
0010100000
0000000000
0010000000
0000000000
,
0001000000
0000100000
0000010000
0000000000
0000001000
0000000100
0000010000
0001000000
0000100000
0000010000
0000001000
0000000100
0000010000
0000000000
0001001000
0000000000
,
0010000000
0000110000
0000000000
0010000000
0000110000
0000000000
0001110000
0000000000
0000000000
0000000000
0001001000
0000000000
0001000000
0000001000
0000010000
0000000000
,
0000000100
0000110000
0000000000
0000000100
0000110000
0000000000
0000111000
0000000000
0000000000
0000000000
0001001000
0000000000
0000001000
0001000000
0000100000
0000000000
,
0010000000
0001001000
0000000000
0010000000
0001001000
0000000000
0001101000
0000000000
0000000000
0000000000
0010000000
0000000000
0001000000
0000100000
0000010000
0000000000
,
0002002000
0000000000
0000000000
0000000000
0000220000
0000000000
0000000000
0003333000
,
0001000000
0000100000
0000000000
0000001000
0000010000
0000000000
0000011100
0000000000
0000000000
0000000000
0000000111
0000000000
0000000010
0000000001
0000000100
0000000000
,
0000001000
0000010000
0000000000
0001000000
0000100000
0000000000
0011100000
0000000000
0000000000
0000000000
1110000000
0000000000
0100000000
1000000000
0010000000
0000000000
,
0001000000
0000100000
0000000000
0000001000
0000010000
0000000000
0000011000
0000000000
0000001100
0000000000
0000001000
0000000100
0000010000
0000000000
0000010100
0000000000
,
0000011000
0000000000
0000010000
0000001000
0000100000
0000010000
0001000000
0000010000
0001010000
0000000000
0000101000
0000000000
0022020000
0000000000
0033030000
0000000000
,
0000101000
0000000000
0000000000
0000000000
0000001000
0000010000
0001000000
0010000000
0000100000
0001000000
0010000000
0100000000
0001000000
0010000000
0001000000
0000100000
,
0000010000
0001000000
0000100000
0000001000
0000000100
0000010000
0000001000
0000000000
0000000100
0000000010
0000001000
0000000000
0000000100
0000000010
0000000001
0000000100
,
0000010000
0000001000
0000000100
0000000000
0000010100
0000000000
0000010000
0000001000
0001000000
0000000000
0001010000
0000000000
0000010000
0000100000
0001000000
0000000000
,
0010000000
0000100000
0100000000
0000000000
0110000000
0000000000
0001000000
0100000000
0010000000
0000000000
0001000000
0000100000
0010000000
0001000000
0000100000
0000000000
,
0000020000
0002000000
0000000000
0000000000
0000000000
0000000000
0003030000
0000000000
0000202200
0000000000
0000000000
0000000000
0000000000
0000000000
0000303300
0000000000
,
0000000100
0000010000
0000001000
0000100000
0000010000
0000000000
0000001000
0000000000
0000000100
0000000000
0000010000
0000000000
0000010100
0000000000
0000000010
0000000100
,
0000000010
0000001000
0000000100
0000000000
0000010000
0000000100
0000000001
0000000010
0000000100
0000001000
0000010000
0001000000
0010000000
0000000000
0010000000
0000100000
,
0001000000
0010000000
0001000000
0000001000
0000000100
0000001000
0001000000
0010000000
0001000000
0000001000
0000000100
0000001000
0001000000
0000100000
0010000000
0001000000
,
0000100000
0000000000
0000001000
0001000000
0000100000
0000000000
0010100000
0000000000
0011000000
0000000000
0001000000
0010000000
0000100000
0000000000
0010100000
0000000000
,
0011000000
0000000000
0001000000
0000100000
0000010000
0000000000
0000001100
0000000000
0000010100
0000000000
0000010000
0000000100
0000001000
0000000000
0000001100
0000000000
,
0000010100
0000000000
0000010000
0000001000
0001000000
0000000000
0001010000
0000000000
0000101000
0000000000
0000001000
0001000000
0000100000
0000000000
0010000000
0000000000
,
0010010000
0000000000
0000000000
0000110000
0000000000
0000000000
0000100100
0000000000
0000100000
0000000000
0000010000
0000000000
0000100000
0000000000
0000001000
0000000000
,
0001000000
0000000000
0000010000
0000000000
0001000000
0000000000
0000010000
0000000000
0001000000
0000000000
0000010000
0000000000
0000100000
0000001000
0000100000
0000000000
0000010000
0000000000
0001000000
0000000000
0000001000
0000000000
0000100000
0000000000
0000010000
0000000000
0000000000
0000000000
0000110000
0000000000
0000000000
0000000000
,
0000001000
0000000000
0000100000
0000000000
0000001000
0000000000
0000100000
0000000000
0000010000
0001000000
0000010000
0001000000
0000010000
0000000000
0000100000
0000000000
0000010000
0000000000
0001000000
0000000000
0000001000
0000000000
0000100000
0000000000
0000010000
0000000000
0000000000
0000000000
0001001000
0000000000
0000000000
0000000000
,
0001000000
0000001000
0000000000
0000001000
0000010000
0000000000
0000011000
0000000000
0000010000
0000001000
0000000100
0000000010
0000001000
0000000000
0000001010
0000000000
,
0000020202
0000000000
0000000000
0000000000
,
0000000000
0000000000
0000000000
0000000000
0000000000
0000000000
0000000000
0000000000
0000000000
0000000000
0000000000
0000000000
0000000000
0000000000
0000000000
0000000000
0000030303
0000000000
0000000000
0000000000
0000000000
0000000000
0000000000
0000000000
0000000000
0000000000
0000000000
0000000010
0000000000
0000000000
0000000100
0000000000
0000000000
0000001000
0000000000
0000000000
0000010000
0000000000
0000000000
0001000000
0000000000
0000000000
0010000000
0000000000
0000000000
0000100000
0000000000
0000000000
,
0001000000
0010000000
0100000000
1000000000
0010000000
0000100000
0000000000
0110000000
0000000000
0100000000
0010000000
0001000000
0000010000
0000001000
0000000100
0000010000
,
0000001000
0000000100
0000000010
0000000001
0000000100
0000010000
0000000000
0000010100
0000000000
0000010000
0000000100
0000001000
0000100000
0010000000
0001000000
0000100000
,
0000010000
0000001000
0000000100
0000010000
0000000000
0001001000
0000000000
0000110000
0000000000
0000010000
0000100000
0001000000
0000000000
0010000000
0000100000
0001000000
,
0000000000
0000100000
0010000000
0000100000
1000000000
0010000000
0000000000
0100100000
0000000000
0100000000
0010000000
0100000000
0000100000
0010000000
0000100000
0001000000
,
0000010000
0000100000
0000001000
0000010000
0000000100
0000001000
0000000000
0000001100
0000000000
0000000010
0000000100
0000000010
0000010000
0000000100
0000010000
0000001000
,
0000100000
0000010000
0001000000
0000100000
0010000000
0001000000
0000000000
0011000000
0000000000
0010010000
0000000000
0000110000
0000000000
0000100000
0000010000
0000001000
,
0000000000
0000000100
0000001000
0000000010
0000000000
0000001000
0000000010
0000000100
0000000000
0000000010
0000000100
0000001000
0000100000
0001000000
0010000000
0001000000
,
0000010000
0000001000
0000000100
0000000010
0000001000
0000000100
0000000000
0000000101
0000000000
0000000001
0000000010
0000000100
0000000010
0000000001
0000001000
0000000010
,
0000010000
0000001000
0000000100
0000001000
0000010000
0000000100
0000001000
0000010000
0000100000
0000110000
0000100000
0001000000
0010000000
0000100000
0001000000
0010000000
,
0001000000
0000100000
0100000000
0001000000
1000000000
0100000000
0010000000
0100000000
1000000000
1100000000
0100000000
0010000000
0100000000
1000000000
0001000000
0100000000
,
0000100000
0001000000
0010000000
0001000000
0000100000
0010000000
0001000000
0000100000
0000010000
0000110000
0000010000
0000001000
0000000000
0000010000
0000100000
0001000000
,
0000000000
0010000000
0000100000
0001000000
0000100000
0010000000
0000000000
1010000000
0000000000
1000000000
0100000000
0010000000
0001000000
0000100000
0000001000
0000010000
,
0000000100
0000000001
0000000010
0000000100
0000001000
0000010000
0000000000
0000000101
0000000000
0000000001
0000000010
0000000100
0000001000
0000010000
0001000000
0000100000
,
0010000000
1000000000
0100000000
0010000000
0001000000
0000100000
0000000000
0001100000
0000000000
0001001000
0000000000
0010000100
0000000000
0000110000
0000000000
0010000100
,
0000000000
0001000000
0000001000
0010000000
0000000000
0001000000
0100000000
0010000000
0000000000
0100000000
0010000000
0001000000
0000010000
0000001000
0000000100
0000001000
,
0000100000
0001000000
0010000000
0100000000
0001000000
0010000000
0000000000
1010000000
0000000000
0000000000
0000000000
0000000000
0000000000
0000000000
0000000000
0000000000
,
0000000000
0000000000
0000000000
0000000000
0000000000
1000000000
0010000000
1000000000
0000000000
1001000000
0000000000
0001000000
0010000000
0000000000
0010000000
0000100000
,
0001000000
0000001000
0000010000
0000000100
0000000000
0000000100
0000001000
0000000010
0000000000
0000000110
0000000000
0000000010
0000000100
0000000010
0000010000
0000000100
,
0000010000
0000001000
0000000000
0000101000
0000000000
0000100000
0000001000
0001000000
0000000000
0001010000
0000000000
0001000000
0000100000
0000000000
0010000000
0001000000
,
0000100000
0000010000
0000000000
0000110000
0000000000
0000100000
0000010000
0000001000
0000000000
0000000100
0000000000
0000010000
0000000000
0000011100
0000000000
0000000000
,
0000000000
0000101100
0000000000
0000000000
0000000000
0011010000
0000000000
0000000000
0000000000
0011100000
0000000000
0000000000
0000000000
0000000000
0000000000
0000000000
,
0000000000
0011001100
0000000000
0000000000
0000000000
0000000000
0000000000
0000000000
0000000000
0020220200
0000000000
0000000000
0000000000
0000000000
0000000000
0000000000
,
0000000000
0000000000
0000000000
0000000000
,
0000000000
0000000000
0000000000
0000000000
,
0000000000
0000000000
0000000000
0000000000
,
0030330300
0000000000
0000000000
0000000000