00000
00000
00000
00000
,
00000
00000
00000
00000
,
00000
00000
00000
00000
,
00000
00000
00000
00000
,
00000
00000
00000
00000
,
00000
00000
00000
00000
,
00000
00000
00000
00000
,
00000
00000
00000
00000
,
01000
00000
00000
00000
,
00000
00000
00000
00000
,
00010
00000
00000
00000
,
00000
00000
00000
00000
,
01000
00000
00000
00000
,
00000
00000
00000
00000
,
00010
00000
00000
00000
,
00000
00000
00000
00000
,
10000
00000
00000
00000
,
00000
00000
00000
00000
,
00001
00000
00000
00000
,
00000
00000
00000
00000
,
10000
00000
00000
00000
,
00000
00000
00000
00000
,
00001
00000
00000
00000
,
00100
00000
00000
00000
,
00020
00000
00030
00000
,
02000
00000
03000
00000
,
02020
00000
03030
00000
,
02020
00000
03030
00000
,
00002
00000
00003
00000
,
20000
00000
30000
00000
,
20002
00000
30003
00000
,
20002
00000
30003
00000
,
00010
00000
01000
00000
,
02020
00000
03030
00000
,
00001
00000
10000
00000
,
20002
00000
30003
00000
,
01000
00000
00010
00000
,
02020
00000
03030
00000
,
10000
00000
00001
00000
,
20002
00000
30003
00000
,
00020
00000
00130
00000
,
02000
00000
03100
00000
,
00002
00000
00103
00000
,
20000
00000
30100
00000
,
00020
00000
01030
00000
,
02000
00000
03001
00000
,
00002
00000
10003
00000
,
20000
00000
30010
00000
,
00010
00010
01000
00000
,
01000
01000
00001
00000
,
00001
00001
10000
00000
,
10000
10000
00010
00000
,
00010
00010
00100
00000
,
00100
00100
00001
00000
,
00001
00001
10000
00000
,
10000
10000
00100
00000
,
02000
00000
00100
03000
,
00020
00000
00100
00030
,
20000
00000
00100
30000
,
00002
00000
00100
00003
,
01000
00100
01000
00000
,
00010
00100
00010
00000
,
10000
00100
10000
00001
,
00100
00001
10000
00100
,
02020
00000
00000
00000
,
00000
00000
00000
00000
,
00000
00000
00000
00000
,
03030
00000
00000
00000