00000
00000
00000
00000
,
00000
00000
00000
00000
,
00000
00000
00000
00000
,
00000
00000
00000
00000
,
00000
00000
00000
00000
,
00000
00000
00000
00000
,
00000
00000
00000
00000
,
00000
00000
00000
00000
,
01000
00000
00000
00000
,
00100
00000
00000
00000
,
10000
00000
00000
00000
,
00100
00000
00000
00000
,
10000
00000
00100
00000
,
01000
00000
00100
00000
,
01000
00010
10000
00001
,
00100
00000
00100
00000
,
00010
00000
00000
00010
01000
00000
00000
00000
,
01000
00000
00000
01000
00010
00000
00000
00000
,
10000
00000
00000
10000
00001
00000
00000
00000
,
00001
00000
00000
00001
10000
00000
00000
00000
,
00001
10000
00001
00000
,
01000
00010
01000
00000
,
00100
00000
00100
00000
,
01000
00010
00100
00001
10000
00000
10001
00000
,
01000
00000
01100
00000
00010
00100
00010
00000
,
10000
00000
10100
00000
00001
00100
00001
10000
,
00001
00101
10000
10100
,
00010
00000
01000
00000
00100
01000
00100
00000
,
10000
00100
01000
00000
01100
00000
00110
00000
,
00010
00100
00001
00000
00101
00000
10100
00000
,
20000
30100
00002
00103
,
10000
00000
00001
00000
01000
00010
01000
00000
,
01010
00000
01000
00010
00100
00000
00001
10000
,
00100
00000
10001
00000
00100
00010
01000
00100
,
01000
01100
00010
00110
,
00100
00010
01000
00000
01000
00010
01000
00001
,
10000
10100
00001
00101
,
00001
00100
00001
00000
00001
00100
00010
00000
,
00110
01100
00010
00110
,
00010
00100
00010
00000
00010
01000
00100
10000
,
00001
00000
00101
00000
10000
00100
10000
00000
,
00110
00000
10100
00000
10000
00100
01000
00000
,
00010
00110
01000
01100
,
02000
03010
00020
01030
,
00100
00100
00001
10000
,
00001
10000
00001
00000
10000
00001
10000
00000
,
10001
00100
01010
00100
,
01010
01010
10001
10001
,
10000
00001
00100
00110
,
01000
00100
01000
01100
,
10000
00100
10000
10100
,
10000
10000
00001
00101
,
01000
00100
01000
00000
10000
00100
10000
00000
,
00001
00100
00001
00000
00100
00000
10001
00000
,
10000
10000
00001
00001
,
10000
00000
00001
00000
01000
00010
01000
00010
,
02000
00000
00010
03000
,
00020
00000
01000
00030
,
00200
00000
00001
00300
,
00002
00000
10000
00003
,
20000
00000
00001
30000
,
00200
00000
01000
00300
,
01000
00000
01100
00000
00010
00100
00010
00000
,
10000
00100
01000
00010
00100
00001
00100
00000
,
20002
00000
00000
00000
,
00000
00000
00000
00000
00000
00000
00000
00000
00000
30003
00000
00000
00000
00000
00000
00000