00000
00000
00000
00000
,
00000
00000
00000
00000
,
00000
00000
00000
00000
,
00000
00000
00000
00000
,
00000
00000
00000
00000
,
00000
00000
00000
00000
,
00000
00000
00000
00000
,
00000
00000
00000
00000
,
01010
00000
00000
00000
,
00100
00000
00000
00000
,
10001
00000
00000
00000
,
00100
00000
00000
00000
,
01001
00000
00000
00000
,
00100
00000
00000
00000
,
10010
00000
00000
00000
,
00100
00000
00000
00000
,
01010
01000
00100
10000
,
00010
00010
01000
00100
,
10001
10000
00100
01000
,
00001
00001
10000
00100
,
01010
01000
00100
10000
,
00001
00001
00100
00010
,
01010
00000
00100
00000
,
00010
01000
00100
10000
00001
01000
00010
00100
,
00001
00000
10001
00000
00001
00100
00010
00100
,
00001
00000
10001
00000
10000
00100
01000
00100
,
10000
00000
10001
00000
00001
10000
00100
01000
,
00010
00000
01010
00000
00010
01000
00100
00100
,
10000
00010
10000
00100
01000
00000
01100
00000
,
00001
01000
00001
00100
00010
00000
00110
00000
,
10000
00000
00010
00000
10000
00100
01000
00000
,
00001
01000
00001
00100
00010
00000
01010
00000
,
00001
00000
01000
00100
10000
00000
00010
00100
,
00001
00100
00010
01000
00100
10000
00001
00100
,
00010
00000
10000
00100
01000
00000
00001
00100
,
00010
00100
00001
10000
00100
01000
00010
00100
,
00001
00000
01000
00100
10000
00000
00010
00100
,
00001
00100
00010
01000
00100
10000
00001
00100
,
00010
00000
10000
00100
01000
00000
00001
00100
,
00010
00100
00001
10000
00100
01000
00010
00100
,
00002
00000
00000
00003
10000
00001
00100
00010
,
01000
00001
10000
00100
01000
00000
01010
00000
,
20000
00000
00000
30000
00001
00000
10000
00000
,
00010
01000
00001
10000
00010
01000
00001
00100
,
00010
00010
00100
00001
01000
00010
10000
00100
,
01000
01000
00100
10000
00010
00100
01000
00100
,
00010
01000
01010
00000
,
00001
10000
10001
10001
,
00101
00000
00110
00000
00010
01000
00100
00000
,
10100
00000
01100
00000
01000
00010
00100
00000
,
00101
00000
00100
00001
10000
00100
01000
00100
,
10000
10000
00100
01000
00001
00100
00010
00000
,
01100
00000
00100
10000
00001
00100
00010
00100
,
00001
00001
00100
00010
10000
00001
01000
00100
,
20000
00000
30000
00020
00000
00030
00200
00000
,
00301
00000
00000
00000
10000
00100
01000
00010
,
00100
00000
00101
00000
00001
00100
00010
01000
,
00100
00000
10100
00000
10000
00010
01000
00001
,
00100
00000
00110
00000
00001
01000
00010
10000
,
00100
00000
01100
00000
00010
00100
00001
00000
,
10000
00001
10000
00010
10000
00100
10000
01000
,
10000
00000
10100
00000
01000
00010
00100
00000
,
00001
10000
00001
01000
00001
00100
00001
00010
,
00001
00000
00101
00000
00010
01000
00100
10000
,
20002
00000
00000
00000
,
00000
00000
00000
00000
00000
00000
00000
00000
00000
30003
00000
00000
00000
00000
00000
00000