00000
00000
00000
00000
,
00000
00000
00000
00000
,
00000
00000
00000
00000
,
00000
00000
00000
00000
,
00002
10000
10000
10003
,
20000
00010
00010
30010
,
00020
01000
01000
01030
,
02000
00001
00001
03001
,
10001
00000
01000
00010
10000
00010
01000
00001
,
00200
00300
00001
10000
00010
01000
00100
10000
,
00002
00003
01000
00010
10000
00100
01000
00001
,
00200
00300
00010
10000
00010
01000
00010
10000
,
00200
00300
01000
00001
00010
00001
00100
00001
,
02000
03000
00010
10000
01000
10000
00100
10000
,
00020
00030
00100
00001
00010
00100
01000
00100
,
20000
30000
01000
00100
00010
00100
00001
00010
,
00200
00000
01300
00000
00010
00001
00010
00100
,
00002
00000
00013
00000
00100
01000
00010
00100
,
02000
00000
13000
00000
01000
00100
00010
01000
,
00200
00000
00310
00000
00001
00100
00010
00001
,
00200
00000
10300
00000
00001
01000
10000
00100
,
00002
00000
10003
00000
01000
00100
00010
00100
,
00002
10003
10001
00100
,
01000
00010
00100
00001
10000
00010
00100
00001
,
01000
00000
01100
00000
00010
00100
00001
00000
,
01000
00100
10000
01000
00100
00010
01000
00100
,
00020
00000
00000
00000
00030
00000
00010
00100
,
02000
00000
03000
01000
,
00020
00030
10000
00100
02000
00000
03000
00010
,
20000
00000
30000
00100
02000
00000
03000
00001
,
00200
00000
00300
00001
20000
00000
30000
00010
,
00200
00000
00300
00010
01000
00000
01010
00000
,
00002
00003
01000
00100
01000
00000
00001
00001
,
01000
00100
00010
00001
00100
00010
00100
01000
,
20000
30000
01000
00100
00010
00000
00010
01000
,
00100
10000
01000
10000
00100
01000
10000
00100
,
00002
00003
00010
00100
01000
00000
01000
00010
,
00100
00001
00100
00010
01000
00100
10000
01000
,
00200
00300
01000
00100
00020
00030
00100
00010
,
00001
00100
10000
00100
00001
00010
00100
00001
,
00020
00000
00000
00000
00000
00000
00000
00030
00200
00000
00000
00300
02000
00000
00000
03000
,
20000
00000
00000
30000
00200
00000
00000
00300
00002
00000
00000
00003
20000
00000
00000
30000
,
00020
00000
00100
00030
02000
00000
00100
03000
,
00010
01000
00001
10000
00010
01000
00100
10000
,
00001
00010
00100
01000
00010
00001
00100
10000
,
00001
00100
10000
01000
00010
00100
01000
10000
,
00010
01000
00100
10000
00020
00000
01030
00000
,
01010
00000
01000
00001
20000
00000
30010
00000
,
00110
00000
00101
00000
00100
10000
01000
00000
,
01100
00000
10100
00000
00100
00001
00010
00000
,
00110
00000
00100
00001
00010
00100
00010
00001
,
00100
00010
10000
00010
00100
00001
01000
00000
,
01100
00000
00100
10000
01000
00100
01000
10000
,
00100
00001
00010
01000
00100
00010
00100
01000
,
00020
00000
00000
00000
00000
00030
20000
00000
00000
00000
00000
30000
00002
00000
00000
00003
,
02000
00000
00000
03000
00010
10000
00100
01000
,
00001
00001
00100
00010
00001
00100
00001
00010
,
10000
10000
00100
01000
10000
00100
10000
01000
,
00001
00001
00100
10000
01000
00010
00100
00001
,
10000
10000
00100
00001
00010
01000
00001
00100
,
00010
00000
00010
00001
00100
10000
00001
00010
,
00001
00000
00001
00010
00100
01000
00010
00001
,
00010
00000
00010
10000
00100
01000
10000
00000
,
10000
01000
00100
00001
00010
00100
10000
02000
,
00020
00000
00000
00000
,
00000
00000
00000
00000
,
00000
00000
00000
00000
,
00000
00000
00000
00000
00000
00000
00000
03030