00000
00000
00000
00000
,
00000
00000
00000
00000
,
00000
00000
00000
00000
,
00000
00000
00000
00000
,
00000
00000
00000
00000
,
00000
00000
00000
00000
,
00000
00000
00000
00000
,
00000
00000
00000
00000
,
01010
00000
00000
00000
00010
00000
10000
00000
00100
00000
10000
00000
00100
01000
00100
01000
,
00001
00000
00000
00000
01000
00000
00001
00000
00100
00000
00001
00000
00100
00010
00100
00010
,
10000
00000
00000
00000
00010
00000
01000
00000
00100
00000
10000
00000
00100
01000
00100
01000
,
00001
00000
00000
00000
00010
00000
01000
00000
00100
00000
10000
00000
00100
01000
00100
01000
,
00001
00000
00000
00000
00100
00000
00001
00000
01000
00000
00010
00000
10000
00100
10000
00100
,
10000
00000
00000
00000
00100
00000
10000
00000
00010
00000
01000
00000
00001
00100
00001
00100
,
00001
00000
00000
00000
01000
00000
00100
00000
10000
00000
00010
00000
01000
00100
01000
00100
,
10000
00000
00000
00000
00010
00000
00100
00000
00001
00000
01000
00000
00010
00100
00010
00100
,
00001
00000
00000
00000
01000
00000
00010
00000
01000
00100
10000
00000
10000
00100
10000
00000
,
10000
00001
00100
00000
00100
00001
00100
00000
00100
00001
00010
00000
00010
00100
01000
00100
,
00010
00100
01000
00000
01000
00100
10000
00000
10000
00100
10000
00000
10000
00001
00100
00000
,
00100
00001
00100
00000
00100
00001
00010
00000
00010
00100
01000
00000
01000
00100
10000
00100
,
01000
00100
10000
00000
10000
00100
10000
00000
10000
00001
00100
00000
00100
00001
00100
00000
,
00100
00001
00010
00000
00010
00100
01000
00000
01000
00100
10000
00000
10000
00100
00001
00100
,
10000
00100
00001
00000
00100
00000
10000
00000
10100
00000
00000
00000
00101
00000
00000
00000
,
01000
00000
00100
00000
10000
00000
00001
00000
00100
00010
01000
00100
10000
00001
00100
00010
,
01000
00100
01000
00100
01000
00000
00000
00000
01000
00100
01000
00100
10000
00000
00000
00000
,
10000
00100
00001
00100
10000
00100
00001
00100
10000
00000
10000
00100
01000
00000
00010
00000
,
02020
00000
00000
00000
03030
00000
00100
00001
,
00202
00000
00303
01001
,
10100
00000
00100
10000
00010
00000
00100
00000
00001
00000
01000
00100
10000
00000
00010
00000
,
01000
00100
10000
00010
01000
00000
00001
00100
,
00101
00000
00000
00001
10000
00000
10100
00000
,
10001
00000
00000
00001
01000
00000
00010
00000
,
00100
00000
00000
00000
00001
00100
00001
00100
10000
00000
00000
00000
00001
00100
00001
00100
,
10000
01000
00001
00100
00010
01000
00100
10000
00010
00100
00010
01000
00010
00100
00010
01000
,
00001
00000
00000
00000
10000
00100
10000
00100
00001
00000
00000
00000
10000
00100
10000
00100
,
00001
00010
01000
00001
01000
00100
01000
00010
,
00110
00000
00000
00000
10000
00100
10000
00100
00001
00000
00000
00000
10000
00100
10000
00100
,
00001
00010
10000
00100
01000
00010
00100
00001
01000
00100
01000
00010
01000
00100
01000
00010
,
10000
00000
00000
00000
10000
00100
10000
00100
00001
00000
00000
00000
10000
00100
10000
00100
,
01000
00010
00100
00001
01000
00100
01000
00001
10000
01000
00100
00010
01000
00100
01000
00010
,
00200
00000
00000
00000
00000
00000
00300
00000
00001
00100
10000
00000
10000
00100
00001
00000
,
00001
00100
00010
00000
00010
00100
01000
00000
01000
10000
00100
00000
01000
00100
10000
00100
,
02000
00000
00000
00000
00000
03000
00001
00100
00020
00000
00000
00000
01030
00000
00000
00000
,
00001
10000
00100
10000
00001
00100
00010
01000
00001
00100
10000
01000
00001
00100
00010
01000
,
00010
00001
00100
10000
00001
00010
00100
10000
00010
00001
00100
10000
00001
00010
00100
10000
,
00010
00001
00100
10000
00001
00010
00100
10000
00010
00001
00100
10000
00001
00010
00100
10000
,
00100
10000
00100
10000
00100
10000
00100
10000
10001
00000
00001
00000
00100
00000
00010
01000
,
00001
00100
00010
10000
10100
00001
10001
10000
,
00010
00100
00001
00100
00010
01000
00100
10000
00010
00100
00001
00100
00010
00000
00110
00000
,
00010
01000
00100
10000
00010
00100
01000
10000
00100
01000
00100
10000
01000
00000
11000
00000
,
00100
10000
01000
00100
00010
00100
00010
01000
10000
00100
00001
00010
00001
00000
00011
00000
,
00001
00100
00010
00100
01000
10000
00001
00100
00010
01000
00100
10000
00001
00000
10001
00000
,
10000
00100
01000
00010
01000
00100
00001
00010
01000
00100
10000
00010
00100
00000
11000
00000
,
01000
00100
00010
01000
00010
00100
10000
01000
00100
10000
00001
00010
00100
00000
01010
00000
,
10000
00100
10000
00100
10000
00100
10000
00100
10000
00001
10000
00001
10000
00001
10000
00001
,
00100
00001
00100
00001
00100
00001
00100
00001
10000
00001
10000
00001
10000
00001
10000
00001
,
01000
00100
01000
00100
01000
00001
10000
00010
01000
00100
01000
00100
01000
00001
10000
00010
,
01000
00100
01000
00100
01000
00001
10000
00010
01000
00001
10000
00010
01000
00001
10000
00010
,
01000
00100
01000
00100
01000
00100
01000
00100
01000
00100
01000
00001
00100
00010
01000
00001
,
00010
00100
01000
00010
00001
00100
10000
00010
00100
10000
01000
00001
00100
00010
01000
00100
,
00001
00010
00100
00001
01000
00010
10000
00100
01000
00010
00001
00100
00001
00010
01000
00100
,
10000
01000
00100
00010
01000
00100
10000
00010
01000
10000
00100
00001
00010
00100
01000
00010
,
10000
01000
00100
00010
01000
00001
00010
00100
01000
00010
10000
01000
00100
00010
01000
00001
,
00010
00100
01000
00010
01000
00010
01000
00010
10000
00001
10000
00001
10000
00001
00100
00000
,
02020
00000
00000
00000
,
00000
00000
00000
00000
00000
00000
00000
00000
00000
00000
00000
03030
00000
00000
00000
00000