0000000000
0000000000
0000000000
0000000000
,
0000000000
0000000000
0000000000
0000000000
,
0000000000
0000000000
0000000000
0000000000
,
0000000000
0000000000
0000000000
0000000000
,
0000000000
0000000000
0000000000
0000000000
,
0000000000
0000000000
0000000000
0000000000
,
0000000000
0000000000
0000000000
0000000000
,
0000000000
0000000000
0000000000
0000000000
,
0001001000
0000000000
0000000000
0000000000
0000001000
0000000000
0001000000
0000000000
0000000100
0000000000
0000001000
0000000000
0000000001
0000000100
0000000001
0000020000
,
0000000100
0000030010
0000000000
0000000000
0001000000
0000000000
0000001000
0000000000
0010000000
0000000000
0001000000
0000000000
1000000000
0010000000
1000000000
0000200000
,
0010000000
0100300000
0000000000
0000000000
0000010000
0000000000
0000100000
0000000000
0000000100
0000000000
0000010000
0000000000
0000000001
0000000100
0000000001
0000002000
,
0000000100
0000003010
0000000000
0000000000
0000100000
0000000000
0000010000
0000000000
0010000000
0000000000
0000100000
0000000000
1000000000
0010000000
1000000000
0002000000
,
0010000000
0103000000
0000000000
0000000000
0000010000
0000000000
0000100000
0000000000
0000000100
0000000000
0000010000
0000000000
0000000010
0000000100
0000000010
0000002000
,
0000000100
0000003010
0000000000
0000000000
0000100000
0000000000
0000010000
0000000000
0010000000
0000000000
0000100000
0000000000
0100000000
0010000000
0100000000
0002000000
,
0010000000
0103000000
0000000000
0000000000
0000001000
0000000000
0001000000
0000000000
0000000100
0000000000
0000001000
0000000000
0000000010
0000000100
0000000010
0000020000
,
0000000100
0000030010
0000000000
0000000000
0001000000
0000000000
0000001000
0000000000
0010000000
0000000000
0001000000
0000000000
0100000000
0010000000
0100000000
0000200000
,
0010000000
0100300000
0000000000
0000000000
0000100000
0000000000
0001000000
0000000000
0000001000
0000000000
0000010000
0000000000
0000000100
0000001000
0000000100
0000020000
,
0000000100
0000030010
0000000000
0000000000
0000010000
0000000000
0000001000
0000000000
0001000000
0000000000
0000100000
0000000000
0010000000
0001000000
0010000000
0000200000
,
0010000000
0100300000
0000000000
0000000000
0000100000
0000000000
0001000000
0000000000
0000001000
0000000000
0000010000
0000000000
0000000100
0000001000
0000000100
0000020000
,
0000000100
0000030010
0000000000
0000000000
0000010000
0000000000
0000001000
0000000000
0001000000
0000000000
0000100000
0000000000
0010000000
0001000000
0010000000
0000200000
,
0010000000
0100300000
0000000000
0000000000
0001000000
0000000000
0000100000
0000000000
0000010000
0000000000
0000001000
0000000000
0000000100
0000010000
0000000100
0000002000
,
0000000100
0000003010
0000000000
0000000000
0000001000
0000000000
0000010000
0000000000
0000100000
0000000000
0001000000
0000000000
0010000000
0000100000
0010000000
0002000000
,
0010000000
0103000000
0000000000
0000000000
0000010000
0000000000
0000100000
0000000000
0000110000
0000000000
0000000000
0000000000
0000010000
0000100000
0000010000
0000100000
,
0000001000
0001000000
0000001000
0001000000
0000010000
0000100000
0000110000
0000000000
,
0000001000
0000000100
0000010000
0000001000
0000100000
0000010000
0001000000
0000100000
0010000000
0001000000
0100000000
0010000000
1000000000
0100000000
1000000000
0010000000
,
0100000000
0001000000
0010000000
0000100000
0001000000
0000010000
0000100000
0000001000
0000010000
0000000100
0000001000
0000000010
0000000100
0000000001
0000000010
0000000001
,
0000000100
0000000010
0000000100
0000000010
0000000100
0000000010
0000000100
0000000010
0000000100
0000000010
0000000100
0000000010
0000000100
0000000010
0000000100
0000000010
,
0000000100
0000000001
0000000100
0000000001
0000000100
0000000001
0000000100
0000000001
0000000100
0000000001
0000000100
0000000001
0000000100
0000000001
0000000100
0000000001
,
0000000100
0000000010
0000001000
0000000100
0000010000
0000001000
0000000100
0000000010
0000001000
0000000100
0000010000
0000001000
0001000000
0000100000
0010000000
0001000000
,
0010000000
0000100000
1000000000
0010000000
0100000000
1000000000
0010000000
0000100000
1000000000
0010000000
0100000000
0000100000
0010000000
0001000000
0000100000
0000001000
,
0001000000
0000010000
0001000000
0000010000
0000001000
0000100000
0000001000
0000100000
0001000000
0000010000
0001000000
0000010000
0000001000
0000100000
0000001000
0000100000
,
0001000000
0000010000
0000001000
0000100000
0001000000
0000010000
0000001000
0000100000
0001000000
0000010000
0000001000
0000100000
0001000000
0000010000
0000001000
0000100000
,
0001000000
0000001000
0001000000
0000001000
0000100000
0000010000
0000100000
0000010000
0001000000
0000001000
0001000000
0000001000
0000100000
0000010000
0000100000
0000010000
,
0000001000
0000000100
0000010000
0000000001
0000000010
0000000001
0000000100
0000000010
0000001000
0000000100
0000010000
0000001000
0000100000
0000010000
0001000000
0000100000
,
0001000000
0000001000
0001000000
0000001000
0000100000
0000010000
0000100000
0000010000
0001000000
0000001000
0001000000
0000001000
0000100000
0000010000
0000100000
0000010000
,
0001000000
0000100000
0010000000
0001000000
0100000000
0010000000
1000000000
0100000000
1000000000
0010000000
0100000000
0001000000
0010000000
0000100000
0001000000
0000001000
,
0000100000
0000010000
0000100000
0000010000
0001000000
0000001000
0001000000
0000001000
0000100000
0000010000
0000100000
0000010000
0001000000
0000001000
0001000000
0000001000
,
0000010000
0000000100
0000001000
0000000010
0000000100
0000000001
0000010000
0000000100
0000001000
0000010000
0001000000
0000100000
0010000000
0001000000
0000100000
0000001000
,
0000100000
0000010000
0000100000
0000010000
0001000000
0000001000
0001000000
0000001000
0000100000
0000010000
0000100000
0000010000
0001000000
0000001000
0001000000
0000001000
,
0001000000
0000100000
0010000000
0001000000
0100000000
0010000000
1000000000
0000100000
0010000000
0001000000
0000100000
0000001000
0000010000
0000000100
0000001000
0000000010
,
0000000200
0000000000
0000000000
0000000000
0000000000
0000000300
0000000000
0000000000
0000000001
0000000010
0000000100
0000001000
0000000010
0000000100
0000001000
0000010000
,
0000000100
0000001000
0000000100
0000010000
0000001000
0001000000
0000100000
0010000000
0001000000
0100000000
0010000000
1000000000
0000100000
0010000000
0001000000
0000100000
,
0000000200
0000000000
0000000000
0000000000
0000000000
0000000300
0001000000
0000010000
0020000000
0000000000
0000000000
0000000000
0030100000
0000000000
0000000000
0000000000
,
0010000000
0000100000
0001000000
0000100000
0010000000
0001000000
0000100000
0001000000
0010000000
0000100000
0001000000
0000100000
0010000000
0001000000
0000100000
0001000000
,
0010000000
0000100000
0001000000
0000100000
0010000000
0000100000
0001000000
0000100000
0010000000
0001000000
0000100000
0000010000
0001000000
0000001000
0000010000
0000000100
,
0000001000
0000000010
0000001000
0000000010
0000000100
0000000001
0000000100
0000000001
0000010000
0000000100
0000010000
0000000100
0000001000
0000010000
0000100000
0001000000
,
0010000000
0000100000
0010000000
0000100000
0001000000
0000001000
0001000000
0000001000
0020000000
0000000000
0000000000
0000000000
0000000000
0030000000
0000001000
0000000000
,
0000100000
0000000000
0000000000
0000001000
0000000000
0000000000
0001000000
0000000000
0000100000
0000000000
0010000000
0000000000
0001000000
0000000000
0100000000
0000000000
,
0010000000
0000000000
1000000000
0100000000
0010000000
0001000000
0100000000
0010000000
1000000000
0010000000
0000100000
0000010000
0000000100
0000000001
0000001000
0000000010
,
0000000100
0000000000
0000000001
0000000010
0000000100
0000001000
0000000010
0000000100
0000000001
0000000100
0000010000
0000100000
0010000000
1000000000
0001000000
0100000000
,
0010000000
0000000000
0100000000
1000000000
0010000000
0000100000
1000000000
0010000000
0100000000
0010000000
0001000000
0000001000
0000000100
0000000010
0000010000
0000000001
,
0000000100
0000000000
0000000010
0000000001
0000000100
0000010000
0000000001
0000000100
0000000010
0000000100
0000001000
0001000000
0010000000
0100000000
0000100000
1000000000
,
0010000000
0000000000
0010000000
0100000000
0001000000
0000000000
0010000000
0000100000
1000000000
0000000000
0010000000
0000100000
0000010000
0000000000
0000001000
0000000100
,
0000010000
0000000000
0000001000
0001000000
0000010000
0000000000
0000110000
0000000000
0001000000
0000100000
0010000000
0001000000
0100000000
0010000000
1000000000
0000100000
,
0001000000
0000001000
0001000000
0000001000
0001000000
0000001000
0001000000
0000001000
0000010000
0000000100
0000010000
0000000100
0000010000
0000000100
0000010000
0000000100
,
0000100000
0000010000
0000100000
0000010000
0000100000
0000010000
0000100000
0000010000
0000100000
0000010000
0000100000
0000010000
0000100000
0000010000
0000100000
0000010000
,
0001000000
0000100000
0010000000
0001000000
0000100000
0001000000
0010000000
0000100000
0001000000
0000001000
0000010000
0000000100
0000001000
0000010000
0000001000
0000000100
,
0000010000
0000001000
0001000000
0000100000
0000001000
0000010000
0000100000
0001000000
0010000000
0000100000
0001000000
0000100000
0010000000
0001000000
0000100000
0000010000
,
0000100000
0001000000
0010000000
0000100000
0001000000
0000100000
0010000000
0001000000
0000100000
0000010000
0000001000
0000000100
0000010000
0000001000
0000010000
0000000100
,
0000001000
0000010000
0000100000
0001000000
0000010000
0000001000
0001000000
0000100000
0010000000
0001000000
0000100000
0001000000
0010000000
0000100000
0001000000
0000001000
,
0000100000
0001000000
0010000000
0000100000
0001000000
0000100000
0010000000
0001000000
0000100000
0000010000
0000001000
0000000100
0000010000
0000001000
0000010000
0000000100
,
0000001000
0000010000
0000100000
0001000000
0000010000
0000001000
0001000000
0000100000
0010000000
0001000000
0000100000
0001000000
0010000000
0000100000
0001000000
0000001000
,
0001000000
0000100000
0010000000
0001000000
0000100000
0001000000
0010000000
0000100000
0001000000
0000001000
0000010000
0000000100
0000001000
0000010000
0000001000
0000000100
,
0000010000
0000001000
0001000000
0000100000
0000001000
0000010000
0000100000
0001000000
0010000000
0000100000
0001000000
0000100000
0010000000
0001000000
0000100000
0000020000
,
0000002000
0000000000
0000000000
0000000000
,
0000000000
0000000000
0000000000
0000000000
0000000000
0000000000
0000000000
0000000000
0000000000
0000000000
0000000000
0000000000
0000000000
0000000000
0000000000
0000033000