// measure 0
00000
00000
00000
00000
,  // measure 1
00000
00000
00000
00000
,  // measure 2
00000
00000
00000
00000
,  // measure 3
00000
00000
00000
00000
,  // measure 4
00000
00000
00000
00000
,  // measure 5
00000
00000
00000
00000
,  // measure 6
00000
00000
00000
00000
,  // measure 7
00000
00000
00000
00000
,  // measure 8
01010
00000
00000
00000
,  // measure 9
01000
00000
00000
00000
,  // measure 10
01010
00000
00000
00000
,  // measure 11
00010
00000
00000
00000
,  // measure 12
01010
00000
00000
00000
,  // measure 13
00010
00000
00000
00000
,  // measure 14
01010
00000
00000
00000
,  // measure 15
01000
00000
00000
00000
,  // measure 16
10001
00000
00000
00000
,  // measure 17
00001
00000
00000
00000
,  // measure 18
10001
00000
00000
00000
,  // measure 19
10000
00000
00000
00000
,  // measure 20
10001
00000
00000
00000
,  // measure 21
00001
00000
00000
00000
,  // measure 22
00100
00000
00000
00000
,  // measure 23
00100
00000
00100
00000
,  // measure 24
00020
00000
00000
00000
00000
00030
00000
00000
,  // measure 25
02000
00000
00000
00000
00000
03000
00000
00000
,  // measure 26
00020
00000
00000
00000
00000
00030
00000
00000
,  // measure 27
02000
00000
00000
00000
00000
03000
00000
00000
,  // measure 28
00020
00000
00000
00000
00000
00030
00000
00000
,  // measure 29
02000
00000
00000
00000
00000
03000
00000
00000
,  // measure 30
00020
00000
00000
00000
00000
00030
00000
00000
,  // measure 31
02000
00000
00000
00000
00000
03000
00000
00000
,  // measure 32
00100
00000
00100
00000
,  // measure 33
10000
00000
00001
00000
,  // measure 34
00100
00000
00100
00000
,  // measure 35
00010
00000
01000
00000
,  // measure 36
00100
00000
00100
00000
,  // measure 37
01000
00000
00010
00000
,  // measure 38
00100
00000
00100
00000
,  // measure 39
00001
00000
10000
00000
,  // measure 40
00002
00000
00000
00000
00000
00003
00000
00000
,  // measure 41
20000
00000
00000
00000
00000
30000
00000
00000
,  // measure 42
00002
00000
00000
00000
00000
00003
00000
00000
,  // measure 43
20000
00000
00000
00000
00000
30000
00000
00000
,  // measure 44
00002
00000
00000
00000
00000
00003
00000
00000
,  // measure 45
20000
00000
00000
00000
00000
30000
00000
00000
,  // measure 46
00002
00000
00000
00000
00000
00003
00000
00000
,  // measure 47
20000
00000
00000
00000
00000
30000
00000
00000
,  // measure 48
10000
00000
10000
00000
,  // measure 49
00001
00000
00001
00000
,  // measure 50
10000
00000
10000
00000
,  // measure 51
00001
00000
00001
00000
,  // measure 52
00100
00000
00100
00000
,  // measure 53
00010
00000
00010
00000
,  // measure 54
01000
00000
01000
00000
,  // measure 55
00010
00000
01000
00000
,  // measure 56
00100
00000
00100
00000
,  // measure 57
01000
00010
01000
00010
,  // measure 58
00100
00000
00100
00000
,  // measure 59
00001
10000
00001
10000
,  // measure 60
00100
00000
00100
00000
,  // measure 61
01000
00000
00010
00000
,  // measure 62
00100
00000
00100
00000
,  // measure 63
00001
00000
10000
00000
,  // measure 64
20002
00000
00000
00000
,  // measure 65
00000
00000
00000
00000
,  // measure 66
00000
00000
30003
00000