00000
00000
00000
00000
,
00000
00000
00000
00000
,
00000
00000
00000
00000
,
00000
00000
00000
00000
,
00200
00000
00000
00000
00000
00000
00000
00000
00000
00000
00000
00000
00000
00000
00000
00300
,
00000
00000
00000
00000
,
20000
00000
00000
00000
00000
00000
00000
30000
,
00002
00000
00000
00000
00000
00000
00000
00003
,
01010
00000
00000
00000
00020
00030
20000
30000
00200
00300
20000
30000
00020
00030
00200
00300
,
10001
00000
00000
00000
02000
03000
00002
00003
00200
00300
00002
00003
02000
03000
00200
00300
,
10001
00000
00000
00000
00020
00030
00002
00003
00200
00300
00002
00003
00020
00030
00200
00300
,
00110
00000
00000
00000
02000
03000
20000
30000
00200
00300
20000
30000
02000
03000
00200
00300
,
01100
00000
00000
00000
00020
00030
20000
30000
00200
00300
02000
03000
00002
00003
00020
00030
,
00011
00000
00000
00000
02000
03000
00002
00003
00200
00300
00020
00030
20000
30000
02000
03000
,
11000
00000
00000
00000
02000
03000
00200
00300
00020
00030
02000
03000
00200
00300
00020
00030
,
00011
00000
00000
00000
00020
00030
00200
00300
02000
03000
00020
00030
00200
00300
02000
03000
,
20000
00000
00000
00000
30001
00000
01000
00000
00100
00000
10000
00000
00010
00100
00010
00100
,
00010
00000
00000
00000
00010
00000
10000
00000
00100
00000
01000
00000
00001
00100
00001
00100
,
00001
00000
00000
00000
00001
00000
01000
00000
00100
00000
10000
00000
00010
00100
00010
00100
,
00010
00000
00000
00000
00010
00000
01000
00000
00100
00000
10000
00000
00100
01000
00100
01000
,
00001
00000
00000
00000
00100
00010
10000
00000
10000
00010
00100
00000
00100
00001
01000
00000
,
01000
00001
00100
00000
00100
00001
10000
00000
10000
01000
00100
00000
00010
00100
00001
00100
,
00010
00000
00000
00000
01000
00100
01000
00000
00010
00100
00010
00000
10000
00010
00100
00000
,
00001
01000
00100
00000
01000
00010
00100
00000
00001
10000
00100
00000
01000
00100
10000
00100
,
10000
00000
00000
00000
11000
00000
00000
00000
01000
00100
00010
01000
00010
00000
00000
00000
,
00010
01000
00100
01000
00001
00000
01000
00010
10000
00000
10000
00010
01000
00000
00001
00000
,
00200
00000
00000
00000
00000
00000
00000
00000
00000
00000
00300
00000
00010
00100
01000
10000
,
00200
00000
00000
01300
,
10000
01000
00001
00010
00100
00000
01100
00000
,
10000
01000
00001
00010
00100
00000
00110
00000
,
00010
01000
10000
00100
00010
00000
10010
00000
,
01000
00010
00001
00100
01000
00000
01001
00000
,
00002
00000
00003
00000
01000
10000
00100
10000
01000
00000
00000
00000
01000
00000
00100
00000
,
00010
00001
10000
00010
00100
01000
00001
01000
,
20000
00000
30000
00000
00010
00001
00100
00001
00010
00000
00000
00000
00010
00000
00100
00000
,
01000
10000
00001
01000
00100
00010
00001
00010
,
00200
00000
00300
00000
00010
00001
00100
00010
00001
00000
00000
00000
01000
10000
00100
01000
,
10000
00010
00001
10000
01000
00001
00010
00100
,
02000
00000
03000
00000
10000
00100
01000
00000
01000
00100
00010
00000
00010
00001
00100
00000
,
00100
00010
10000
00000
01000
00100
00010
00100
00001
00010
00100
01000
00100
10000
00100
00000
,
02020
00000
00000
00000
00000
00000
03030
00000
02000
03000
00200
00300
20000
30000
02000
03000
,
00200
00300
00020
00030
02000
03000
00200
00300
20000
30000
00002
00003
00020
00030
00200
00300
,
01000
00001
01000
00010
10000
00000
00020
00030
00200
00300
02000
03000
20000
30000
00020
00030
,
00002
00003
02000
03000
20000
30000
00020
00030
00002
00003
00200
00300
00002
00003
00020
00030
,
01000
00100
01000
00010
00100
00010
10000
00100
10000
00001
00100
00001
,
01000
00100
10000
00001
00100
00010
01000
00100
10000
00010
01000
00010
,
01000
00010
01000
00001
10000
00010
01020
00000
00000
00000
00000
00000
,
01030
00000
20000
30010
,
10010
00000
00000
00000
01001
00000
00000
00000
01000
10000
00100
10000
01000
00100
10000
00000
,
01001
00000
00000
00000
10010
00000
00000
00000
00010
00001
00100
00001
00010
00100
00001
00000
,
10010
00000
00000
00000
10000
01000
00100
00000
00001
00010
00100
00000
01000
00010
00100
00000
,
00100
00010
00001
01000
10000
00010
00200
00000
,
00301
00000
00000
00000
00002
00003
20000
30000
00020
00030
00200
00300
02000
03000
20000
30000
,
00002
00003
02000
03000
00200
00300
00020
00030
00002
00003
20000
30000
00100
00000
01000
00000
,
00020
00000
00000
00000
00100
00030
02000
00000
00000
00000
00100
03000
00002
00000
00103
00000
,
20000
00000
00000
30000
00100
01000
00010
10000
,
00001
00100
00010
00100
00001
00100
00010
01000
00100
10000
00010
00100
00001
01000
00100
10000
,
00010
01000
00100
10000
00100
10000
00001
01000
00100
10000
00001
01000
00100
10000
00001
01000
,
00100
10000
00010
00100
00010
10000
00010
00100
00001
01000
00001
00100
00001
10000
00001
10000
,
00001
00100
00001
00010
00001
00100
00010
10000
,
00100
10000
01000
10000
00100
01000
00010
00100
00001
00010
00001
01000
00100
01000
00010
00100
,
00010
10000
01000
00100
00010
00100
00010
01000
00100
00010
00001
00010
00001
01000
00010
00100
,
00001
00000
01000
00000
00001
00000
00010
00000
00001
00100
00010
00100
00001
00010
00100
01000
,
10000
01000
00100
00010
00001
10000
00010
10000
01000
00100
00010
00100
00001
00100
10000
00000
,
22000
00000
00000
00000
00000
00000
00000
00000
00000
00000
00000
00000
00000
00000
03000
00000
02000
00000
00000
00000
00000
00000
00000
00000
00000
00000
00000
00000
00000
00000
03000
00000
02000
00000
00000
00000
00000
00000
00000
00000
00000
00000
00000
00000
00000
00000
00000
03000
02000
00000
00000
00000
00000
00000
00000
00000
00000
00000
00000
00000
00000
00000
00000
03000
,
02000
00000
00000
00000
00000
00000
00000
00000
00000
00000
00000
00000
00000
00000
00000
03000
02000
00000
00000
00000
00000
00000
00000
03000
02000
00000
00000
00000
00000
00000
00000
03000
02000
00000
00000
00000
00000
00000
00000
03000
02000
00000
00000
00000
00000
00000
00000
03000
02000
00000
00000
03000
02000
00000
00000
03000
02000
00000
00000
03000
02000
00000
00000
03000
,
02000
00000
00000
00000
,
00000
00000
00000
00000
00000
00000
00000
33000