// measure 0
0000000000
0000000000
0000000000
0000000000
,  // measure 1
0000000000
0000000000
0000000000
0000000000
,  // measure 2
0000000000
0000000000
0000000000
0000000000
0000200000
0000010000
0000010000
0000310000
,  // measure 3
0000020000
0001000000
0001000000
0001030000
0002000000
0000001000
0000001000
0003001000
,  // measure 4
0000002000
0000100000
0000100000
0000103000
0010000100
0000000000
0000000100
0000001000
,  // measure 5
0000010000
0000000000
0000100000
0000000000
0001000000
0010000000
0001000000
0010000000
0002000000
0000000000
0003000000
0000000000
0010000000
0000000000
0001000000
0000000000
,  // measure 6
0000100000
0000000000
0000010000
0000000000
0000001000
0000000100
0000001000
0000000100
0000002000
0000000000
0000003000
0000000000
0000000100
0000000000
0000010000
0000000000
,  // measure 7
0000001000
0000000000
0001000000
0000000000
0000100000
0010000000
0000100000
0010000000
0000200000
0000000000
0000300000
0000000000
0010000000
0000000000
0000100000
0000000000
,  // measure 8
0001000000
0000000000
0000001000
0000000000
0000010000
0000000100
0000010000
0000000100
0000020000
0000000000
0000030000
0000000000
0000001000
0000000000
0000010000
0000000000
,  // measure 9
0001000000
0000000000
0010000000
0000000000
0000100000
1000000000
0000100000
1000000000
0000200000
0000000000
0000300000
0000000000
0001000000
0000000000
0000100000
0000000000
,  // measure 10
0000001000
0000000000
0000000100
0000000000
0000010000
0000000001
0000010000
0000000001
0000020000
0000000000
0000030000
0000000000
0000000100
0000000000
0000001000
0000000000
,  // measure 11
0000100000
0000000000
0000000000
0000000000
0010000000
0000000000
0000000000
0000000000
0001000000
0000000000
0100000000
0000000000
0001000000
0000000000
0100000000
0000000000
0002000000
0000000000
0000000000
0003000000
0000000000
0000000000
0000000000
0000000000
0010000000
0000000000
0000000000
0000000000
0001000000
0000000000
0000000000
0000000000
,  // measure 12
0000010000
0000000000
0000000100
0000000000
0000001000
0000000010
0000001000
0000000010
0000002000
0000000000
0000003000
0000000000
0000000100
0000010000
0000001000
0000000000
,  // measure 13
0000001000
0000100000
0000010000
0000000000
0000010000
0001000000
0000100000
0000000000
0000100000
0010000000
0001000000
0000000000
0001000000
0100000000
0010000000
0000000000
,  // measure 14
0010000000
1000000000
0100000000
0010000000
0001000000
0000100000
0010000000
1000000000
0002000000
0000000000
0003000000
0000000000
0010000000
0000100000
0001000000
0000000000
,  // measure 15
0001000000
0000010000
0000100000
0000000000
0000100000
0000001000
0000010000
0000000000
0000010000
0000000100
0000001000
0000000000
0000001000
0000000010
0000000100
0000000000
,  // measure 16
0000000100
0000000001
0000000010
0000000100
0000001000
0000010000
0000000100
0000000001
0000002000
0000000000
0000003000
0000000000
0000000100
0000001000
0000010000
0000000000
,  // measure 17
0000010000
0000100000
0000001000
0000000000
0000001000
0000100000
0000010000
0000000000
0000010000
0001000000
0000100000
0000000000
0000100000
0100000000
0010000000
0000000000
,  // measure 18
0010000000
1000000000
0000100000
0010000000
0001000000
0100000000
0010000000
0001000000
0000200000
0000000000
0000300000
0000000000
0010000000
0001000000
0000100000
0000000000
,  // measure 19
0000100000
0000010000
0001000000
0000000000
0001000000
0000010000
0000100000
0000000000
0000100000
0000001000
0001000000
0000000000
0001000000
0000100000
0010000000
0000000000
,  // measure 20
0010000000
0001000000
0100000000
0010000000
1000000000
0001000000
0010000000
0100000000
1000000000
0010000000
0100000000
0001000000
0010000000
0000100000
0001000000
0000010000
,  // measure 21
0000100000
0000001000
0000010000
0000000100
0000001000
0000000010
0000000100
0000000001
0000020000
0000000000
0000000000
0000000000
0000000000
0000030000
0000001000
0000000100
,  // measure 22
0000000020
0000000030
0000002000
0000003000
0000000200
0000000300
0000020000
0000030000
0000000001
0000000100
0000000010
0000001000
0000000100
0000010000
0000001000
0000100000
,  // measure 23
0000010000
0001000000
0000100000
0010000000
0001000000
0100000000
0010000000
1000000000
0000200000
0000000000
0000000000
0000000000
0000000000
0000000000
0000000000
0000000000
,  // measure 24
0000000000
0000000000
0000000000
0000000000
0010300000
0000000000
0000000000
0000000000
0010000000
0000000000
0000000000
0000100000
0000000000
0000000000
0000001000
0000000000
,  // measure 25
0000000200
0000000300
0000010000
0001000000
0020000000
0030000000
0001000000
0000010000
,  // measure 26
0000000200
0000000000
0000000300
0000000000
0000001000
0000000000
0000100000
0000000000
0020000000
0000000000
0030000000
0000000000
0001000000
0100000000
0010000000
1000000000
,  // measure 27
0000200000
0000000000
0000300000
0000000000
0010000000
0001000000
0000100000
0000010000
0000002000
0000000000
0000003000
0000000000
0000000010
0000000100
0000000001
0000010000
,  // measure 28
0000000200
0000000000
0000000300
0000000000
0000001000
0000000000
0000100000
0000000000
0020000000
0000000000
0030000000
0000000000
0001000000
0000100000
0000020000
0000030000
,  // measure 29
0020000000
0000000000
0030000000
0000000000
0000100000
0001000000
0000002000
0000003000
0000020000
0000030000
0000000200
0000000300
0000000002
0000000003
0000000020
0000000030
,  // measure 30
0000000200
0000000300
0000002000
0000003000
0000010000
0000000000
0000010000
0000000000
0000000200
0000000000
0000000300
0000000000
0000001000
0000010000
0000200000
0000300000
,  // measure 31
0000000200
0000000000
0000000000
0000000300
0000010000
0000001000
0002000000
0003000000
0000200000
0000300000
0020000000
0030000000
2000000000
3000000000
0200000000
0300000000
,  // measure 32
0020000000
0030000000
0002000000
0003000000
0000100000
0000000000
0000100000
0000000000
0020000000
0000000000
0030000000
0000000000
0000100000
0000001000
0000000200
0000000300
,  // measure 33
0000020000
0000000000
0000030000
0000000000
0000000001
0000000010
0000000200
0000000300
0000002000
0000003000
0000020000
0000030000
0000000200
0000000300
0000000002
0000000003
,  // measure 34
0000000200
0000000300
0000020000
0000030000
0000100000
0000000000
0000100000
0000000000
0000000200
0000000000
0000000300
0000000000
0000010000
0001000000
0020000000
0030000000
,  // measure 35
0000200000
0000000000
0000300000
0000000000
1000000000
0100000000
0020000000
0030000000
0002000000
0003000000
0000200000
0000300000
0020000000
0030000000
2000000000
3000000000
,  // measure 36
0020000000
0030000000
0000200000
0000300000
0000020000
0000030000
0002000000
0000000000
0000002000
0000000000
0000000000
0000000000
0003000000
0000000000
0000003000
0000000000
,  // measure 37
0000100000
0000010000
0000100000
0000010000
0000100000
0001000000
0000100000
0001000000
0000010000
0001000000
0000010000
0001000000
0000010000
0000001000
0000010000
0000001000
,  // measure 38
0001000000
0000001000
0001000000
0000001000
0001000000
0000100000
0000001000
0000010000
0000200000
0000000000
0000000000
0000000000
0000000000
0000300000
0000010000
0000001000
,  // measure 39
0000000200
0000000300
0000010000
0000000100
0000010000
0000000100
0000001000
0000010000
0000200000
0000300000
0001000000
0100000000
0010000000
1000000000
0001000000
0100000000
,  // measure 40
0010000000
1000000000
0001000000
0100000000
0010000000
0001000000
0000100000
0010000000
0002000000
0000000000
0003100000
0000000000
0000020000
0000000000
0000031000
0000000000
,  // measure 41
0000000200
0000000300
0000020000
0000030000
0000000100
0000001000
0000000010
0000000100
0000000001
0000001000
0000000010
0000000100
0000000001
0000001000
0000000010
0000000100
,  // measure 42
0000001000
0000010000
0000000100
0000001000
0000010000
0000100000
0000001000
0000010000
0000000100
0000000000
0000001000
0000000000
0000000100
0000001000
0000010000
0000100000
,  // measure 43
0002000000
0000000000
0000000000
0000000000
0003000000
0000000000
0000200000
0000300000
0000020000
0000000000
0000030000
0000000200
0000000000
0000000300
0000020000
0000000000
,  // measure 44
0000130000
0000000000
0000000000
0000000000
0000110000
0000000000
0000000000
0000000000
0000020000
0000000000
0000000000
0000030000
0000200000
0000000000
0000000000
0000300000
,  // measure 45
0002000000
0003000000
0020000000
0030000000
0000200000
0000300000
2000000000
3000000000
0020000000
0000000000
0000000000
0030000000
0200000000
0000000000
0000000000
0300000000
,  // measure 46
0002000000
0003000000
0020000000
0030000000
0000200000
0000300000
0002000000
0003000000
0000020000
0000000000
0000000000
0000030000
0000002000
0000003000
0000000200
0000000300
,  // measure 47
0000020000
0000030000
0000002000
0000003000
0002000000
0003000000
0000020000
0000030000
0000200000
0000300000
0002000000
0003000000
0000200000
0000300000
0000020000
0000030000
,  // measure 48
0000002000
0000003000
0000020000
0000030000
0000200000
0000000000
0000000000
0000300000
0000000200
0000000000
0000000000
0000000300
0000002000
0000003000
0000020000
0000030000
,  // measure 49
0000200000
0000300000
0002000000
0003000000
0020000000
0030000000
0002000000
0003000000
0000200000
0000300000
0000020000
0000030000
0002000000
0003000000
0000002000
0000003000
,  // measure 50
0000200000
0000300000
0000020000
0000030000
0020000000
0030000000
0000000200
0000000300
0002000000
0000000000
0000000000
0000000000
0003000000
0000000000
0000002000
0000000000
,  // measure 51
0000000000
0000000000
0000000000
0000000000
0000000000
0000003000
0000000000
0000000000
0020000000
0000000000
0000000000
0000000000
0000000000
0000000000
0000000000
0000000000
0000000200
0000000000
0000000000
0000000000
0000000000
0000000000
0000000000
0000000000
0000000000
0000000000
0000000000
0000000000
0000000000
0000000000
0000000000
0000000000
,  // measure 52
0000000000
0000000000
0030000300
0000000000
0010000100
0000000000
0000000000
0000000000
0001000000
0000001000
0000100000
0000010000
0000100000
0000010000
0000100000
0000010000
,  // measure 53
0001000000
0000000100
0000100000
0000010000
0000100000
0000010000
0000100000
0000010000
0010000000
0000001000
0000100000
0000010000
0000100000
0000010000
0000100000
0000010000
,  // measure 54
0010000000
0000000100
0000100000
0000010000
0000100000
0000010000
0000100000
0000010000
0001000000
0000001000
0000100000
0000010000
0001000000
0000001000
0000100000
0000010000
,  // measure 55
0001000000
0000001000
0000100000
0000010000
0001000000
0000001000
0000100000
0000010000
0020000000
0000000000
0000000000
0000000000
0000000000
0000000000
0000000000
0000000000
,  // measure 56
0000000000
0000000000
0000000000
0000000000
0000000000
0000000000
0030000000
0000000000
0001000000
0100000000
0010000000
1000000000
0000100000
0010000000
0001000000
0010000000
,  // measure 57
0000100000
0001000000
0000010000
0000100000
0000010000
0000001000
0000000100
0000010000
0000001000
0000100000
0000010000
0000100000
0000010000
0000100000
0000010000
0000100000
,  // measure 58
0000010000
0001000000
0000001000
0001000000
0000001000
0001000000
0000001000
0001000000
0000010000
0000001000
0000000100
0000010000
0000000100
0000001000
0000000010
0000000100
,  // measure 59
0000000001
0000010000
0000000100
0000001000
0000000100
0000010000
0000000001
0000000100
0000000010
0000001000
0000000010
0000001000
0000000010
0000000100
0000001000
0000010000
,  // measure 60
0000000100
0000001000
0000010000
0000100000
0001000000
0010000000
0100000000
2000000000
0020000000
0000000000
0000000000
0000000000
0000000000
0000000000
0000000000
0000000000
,  // measure 61
0000000000
0000000000
0000000000
0000000000
,  // measure 62
0000000000
0000000000
0000000000
0000000000
,  // measure 63
0000000000
0000000000
3030000000
0000000000