// measure 0
0000000000
0000000000
0000000000
0000000000
,  // measure 1
0000000000
0000000000
0000000000
0000000000
0000000000
0000000000
0000000000
0000000000
0000000000
0000000000
0000000000
0000000000
0000000000
0000000000
0000000000
0000000000
0002000000
0000000000
0000000000
0000000000
0000000000
0000000000
0000000000
0000000000
0000000000
0000000000
0003000000
0000000000
0000000000
0000000000
0000000000
0000000000
0000002000
0000000000
0000000000
0000000000
0000000000
0000000000
0000000000
0000000000
0000000000
0000000000
0000003000
0000000000
0000000000
0000000000
0000000000
0000000000
0002002000
0000000000
0000000000
0000000000
0000000000
0000000000
0000000000
0000000000
0000000000
0000000000
0000000000
0003003000
0000000000
0000000000
0000000000
0000000000
,  // measure 2
0000000100
0000000000
0000000000
0000000000
0001000000
0000000000
0000010000
0000000000
0000100000
0000000000
0000001000
0000000000
0010000000
0000100000
0100000000
0010000000
2000000000
0010000000
0000000000
3000000000
0000001000
0000000000
0000100000
0000000000
0000010000
0000000000
0001000000
0000000000
0000000100
0000010000
0000000010
0000000100
0000000002
0000000100
0000000000
0000000003
0000100000
0000000000
0000000100
0000000000
0001000000
0000000000
0000010000
0000000000
0010000000
0001000000
0100000000
0010000000
2000000000
0000100000
0000000000
3000000000
0000010000
0000000000
0010000000
0000000000
0000001000
0000000000
0000100000
0000000000
0000000100
0000001000
0000000010
0000000100
,  // measure 3
0000000002
0000010000
0000000000
0000000003
0000001000
0000000000
0000000001
0000000000
0000001000
0000000000
0000000100
0000000000
0000100000
0000010000
0001000000
0000100000
0020000000
0000010000
0000000000
0030000000
0001000000
0000000000
1000000000
0000000000
0001000000
0000000000
0010000000
0000000000
0000010000
0000100000
0000001000
0000010000
0000000200
0000100000
0000000000
0000000300
0010000000
0000000000
0000010000
0000000000
0000100000
0000000000
0000010000
0000000000
0001000000
0000010000
0001000000
0000001000
0000200000
0000010000
0000000000
0000300000
0000000100
0000000000
0000100000
0000000000
0000010000
0000000000
0000100000
0000000000
0000001000
0000100000
0000001000
0001000000
,  // measure 4
0000020000
0000100000
0000000000
0000030000
0010000000
0000000000
0000100000
0000000000
0100000000
0010000000
1000000000
0000000000
1000000000
0010000000
0000100000
0000000000
0000100000
0000001000
0000000100
0000000000
0000000100
0000000001
0000000010
0000000000
0000000010
0000000100
0000010000
0000000000
0000001000
0000000100
0000000010
0000000100
0000001000
0000010000
0000000001
0000000000
0000000001
0000000100
0000001000
0000000000
0000000100
0000001000
0001000000
0000000000
0001000000
0010000000
0100000000
0000000000
0100000000
0010000000
1000000000
0000000000
1000000000
0100000000
0010000000
0000000000
0000100000
0001000000
0010000000
0000000000
1000000000
0100000000
0010000000
0001000000
,  // measure 5
0010000000
0000100000
1000000000
0000000000
0000100000
0010000000
0001000000
0000000000
0001000000
0010000000
0100000000
0000000000
0100000000
1000000000
0010000000
0000000000
0000100000
0001000000
0010000000
0000000000
0000100000
0001000000
0000001000
0000000000
0000001000
0000010000
0000000100
0000000000
0000010000
0000000100
0000010000
0000000010
0000001000
0000000100
0000010000
0000000000
0001000000
0000000000
0010000000
0000000000
1000100000
0000000000
0000000000
0000000000
0000000100
0000001000
0000000100
0000001000
0000000100
0000000000
0001000000
0000000000
0000001000
0000000000
0010000000
0000000000
0000001000
0001000000
0000100000
0010000000
0001000000
0000100000
0000010000
0000001000
,  // measure 6
0000000100
0000010000
0000001000
0001000000
0000100000
0010000000
0001000000
0100000000
0010000000
1000000000
0100000000
1000000000
0010000000
0100000000
0001000000
0010000000
0000010000
0000100000
0000001000
0000010000
0000000100
0000001000
0000000010
0000000100
0000000001
0000000010
0000000001
0000000100
0000000010
0000001000
0000000100
0000010000
0000000010
0000000100
0000001000
0001000000
0000010000
0000100000
0001000000
0010000000
0000100000
1000000000
0010000000
0100000000
0001000000
0010000000
0000100000
0100000000
0001000000
0010000000
0001000000
0010000000
0001000000
0010000000
0001000000
0010000000
0001000000
0010000000
0001000000
0010000000
0001000000
0010000000
0001000000
0010000000
,  // measure 7
0100000000
1000000000
0010000000
0000100000
0000010000
0000001000
0000000100
0000000010
0000000001
0000010000
0000001000
0000000100
0000000010
0000001000
0000000010
0000010000
0000000100
0000001000
0000000010
0000000100
0000000001
0000010000
0000001000
0001000000
0000010000
0000100000
0000001000
0001000000
0000001000
0000010000
0000001000
0010000000
0000010000
0000001000
0000100000
0001000000
0000001000
0000010000
0001000000
0000100000
0000000100
0001000000
0000100000
0000001000
0000010000
0000100000
0001000000
0000010000
0000001000
0001000000
0000010000
0000001000
0000100000
0001000000
0000000100
0000100000
0001000000
0000010000
0000001000
0000100000
0001000000
0000010000
0000001000
0000100000
,  // measure 8
0000010000
0001000000
0000001000
0001000000
0000001000
0000100000
0000010000
0000100000
0000010000
0001000000
0000001000
0001000000
0000001000
0000100000
0000010000
0000100000
0000010000
0010000000
0001000000
0010000000
0000100000
1000000000
0010000000
0100000000
0001000000
0010000000
0000001000
0000100000
0000010000
0001000000
0000001000
0000010000
0000000100
0000001000
0000000100
0000000010
0000000100
0000001000
0000000001
0000000100
0000000010
0000010000
0000000100
0000000001
0000000100
0000010000
0000000100
0000000001
0000000100
0000001000
0000000100
0000000010
0000000100
0000001000
0000000100
0000010000
0000000100
0000001000
0000000010
0000000100
0000000001
0000010000
0000000100
0000001000
,  // measure 9
0000000010
0000000100
0000000010
0000000100
0000000010
0000010000
0000000100
0000001000
0000000010
0000000100
0000000010
0000000100
0000000001
0000000100
0000000001
0000000100
0000010000
0000100000
0010000000
1000000000
0100000000
0010000000
0001000000
0000100000
0000010000
0000001000
0000000100
0000000010
0000000100
0000001000
0000000001
0000000100
0000000001
0000001000
0000000100
0000010000
0000001000
0001000000
0000001000
0000100000
0000010000
0010000000
0000000100
0000001000
0000100000
0010000000
0001000000
0100000000
0010000000
1000000000
0010000000
1000000000
0001000000
0010000000
0001000000
0010000000
0000010000
0001000000
0000010000
0001000000
0000000100
0000010000
0000000100
0000010000
,  // measure 10
0000000220
0000000000
0000000000
0000000000
0000000000
0000000330
0000000000
0000000000
0000000001
0000000010
0000000100
0000001000
0000000001
0000000010
0000000100
0000001000
0000000010
0000000100
0000001000
0000000100
0000000010
0000001000
0000000100
0000010000
0000001000
0001000000
0000100000
0010000000
0001000000
0100000000
0010000000
1000000000
0000100000
0001000000
0000100000
0001000000
0000100000
1000000000
0001000000
0100000000
0000100000
1000000000
0010000000
1000000000
0001000000
1000000000
0000100000
1000000000
0010000000
0100000000
0001000000
1000000000
0001000000
0010000000
0000100000
0001000000
0000001000
0000100000
0000010000
0010000000
0000010000
0001000000
0000001000
0000100000
,  // measure 11
0000000100
0000001000
0000100000
0000001000
0000000100
0000001000
0000100000
0000001000
0000000100
0001000000
0000001000
0000010000
0001000000
0000100000
0000001000
0000010000
0000000100
0000010000
0000000010
0000010000
0000000001
0000000100
0000000001
0000001000
0000000010
0000001000
0000000100
0000001000
0000000100
0000010000
0000000001
0000010000
0000001000
0001000000
0000000100
0001000000
0000001000
0010000000
0000001000
0001000000
0000000200
0000000000
0000000000
0000000000
0000000000
0000000300
0001000000
0000001000
0000100000
0000001000
0001000000
0000010000
0001000000
0000001000
0010000000
0000000100
0000100000
0000010000
0010000000
0000000100
0000100000
0000010000
0000100000
0000010000
,  // measure 12
0100000000
0010000000
0100000000
0000100000
0010000000
0001000000
0010000000
0000100000
0100000000
0010000000
1000000000
0001000000
0100000000
0010000000
0001000000
0000001000
0000000100
0000000010
0000000100
0000000001
0000010000
0000000010
0000000100
0000000001
0000001000
0000000100
0000010000
0000000010
0000000100
0000000001
0000000100
0000010000
0000100000
0010000000
1000000000
0001000000
0100000000
0000100000
0010000000
0001000000
1000000000
0010000000
1000000000
0001000000
0100000000
0010000000
0001000000
0000001000
0000000100
0000000010
0000000100
0000000001
0000010000
0000000010
0000000100
0000000001
0000010000
0000000100
0000001000
0000000001
0000000100
0000000010
0000000100
0000001000
,  // measure 13
0001000000
0010000000
0100000000
0001000000
1000000000
0010000000
0100000000
0001000000
0010000000
0000100000
0001000000
0000100000
1000000000
0010000000
0100000000
0010000000
0001000000
0000010000
0000100000
0000000100
0000001000
0000000100
0000000010
0000000001
0000000100
0000000001
0000000100
0000000001
0000001000
0000000100
0000001000
0000000100
0001000000
0000010000
0001000000
0000010000
0010000000
0000100000
0010000000
0000100000
1000000000
0000100000
1000000000
0000100000
1000000000
0001000000
1000000000
0001000000
0010000000
0001000000
0010000000
0001000000
0010000000
0000100000
0001000000
0000001000
0001000000
0000001000
0001000000
0000001000
0000100000
0000010000
0001000000
0000001000
,  // measure 14
0001000000
0000001000
0001000000
0000010000
0010000000
0001000000
1000000000
0010000000
0100000000
0000100000
0010000000
0001000000
0000100000
0000010000
0001000000
0000001000
0000100000
0000001000
0001000000
0000000100
0000010000
0000000010
0000001000
0000000100
0000010000
0000001000
0001000000
0000000100
0010000000
0000010000
0001000000
0000001000
0000010000
0000000001
0000001000
0000000100
0000100000
0000001000
0001000000
0000010000
0000100000
0001000000
1000000000
0001000000
0010000000
0000010000
0001000000
0000100000
0000001000
0000000100
0000010000
0000001000
0001000000
0000100000
0010000000
0001000000
0000100000
0000010000
0000001000
0000000100
0000000010
0000000001
0000000010
0000000100
,  // measure 15
0000001000
0000010000
0001000000
0000001000
0001000000
0000100000
0001000000
0000000100
0010000000
0000010000
0000100000
0000001000
0001000000
0000100000
0001000000
0000001000
0000010000
0000000010
0000010000
0000001000
0001000000
0000010000
0001000000
0000001000
0010000000
0001000000
1000000000
0000100000
0010000000
0000010000
0001000000
0000001000
0000010000
0000000100
0000100000
0000000100
0000001000
0000010000
0001000000
0010000000
0100000000
1000000000
0010000000
0001000000
0000100000
0000010000
0000001000
0000000100
0000000010
0000000001
0000000100
0000001000
0000010000
0001000000
0010000000
1000000000
0100000000
0010000000
0001000000
0000100000
0000001000
0000000100
0000010000
0000000000
,  // measure 16
0000220000
0000000000
0000000000
0000000000
,  // measure 17
0000000000
0000000000
0000000000
0000000000
0000000000
0000000000
0000000000
0000000000
0000000000
0000000000
0000000000
0000000000
0000000000
0000000000
0000000000
0000330000