// measure 0
00000
00000
00000
00000
,  // measure 1
00000
00000
00000
00000
,  // measure 2
00000
00000
00000
00000
,  // measure 3
00000
00000
00000
00000
,  // measure 4
00100
00000
00000
00000
,  // measure 5
00100
00000
00000
00000
,  // measure 6
00100
00000
00000
00000
,  // measure 7
00100
00000
00000
00000
,  // measure 8
10001
00000
00000
00000
00001
00000
00100
00000
00001
00000
10000
00000
00100
01000
00010
00100
,  // measure 9
00001
00000
00000
00000
10000
00000
00100
00000
10000
00000
00001
00000
00100
00010
01000
00100
,  // measure 10
10000
00000
00000
00000
00001
00000
00100
00000
00001
00000
10000
00000
00100
01000
00010
00100
,  // measure 11
00001
00000
00000
00000
10000
00000
00100
00000
10000
00000
00001
00000
00100
00010
01000
00100
,  // measure 12
10000
00000
00000
00000
00010
00000
00100
00000
00010
00000
01000
00000
00100
10000
00001
00100
,  // measure 13
00010
00000
00000
00000
01000
00000
00100
00000
01000
00000
00010
00000
00100
00001
10000
00100
,  // measure 14
01000
00000
00000
00000
00010
00000
00100
00000
00010
00000
01000
00000
00100
10000
00001
00100
,  // measure 15
00010
00000
00000
00000
01000
00000
00100
00000
01000
00000
00010
00000
00100
00001
10000
00100
,  // measure 16
02000
00100
00100
03100
,  // measure 17
00020
00100
00100
00130
,  // measure 18
20000
00100
00100
30100
,  // measure 19
00002
00100
00100
00103
,  // measure 20
02000
03100
00020
00130
,  // measure 21
20000
30100
00002
00103
,  // measure 22
01010
01100
01010
00110
,  // measure 23
01010
00000
00010
00000
01000
00000
00100
00000
10000
00001
00100
00001
10000
00100
01000
00010
,  // measure 24
00200
00000
00000
00000
00000
00000
00000
00000
00000
00000
00000
00000
00300
00000
00001
00100
,  // measure 25
00002
00000
00000
00000
00003
00000
10000
00000
00100
00000
10000
00001
00100
00000
00010
00000
,  // measure 26
02000
00000
00000
00000
00000
03000
00100
00010
,  // measure 27
00002
00000
00000
00000
00000
00000
00003
00100
,  // measure 28
00020
00030
00000
20000
30000
00000
00100
00000
02000
00000
00000
00000
03000
00000
00001
00000
,  // measure 29
00200
00000
00300
00010
20000
00000
30000
00010
,  // measure 30
02000
00000
03000
00100
20000
00000
30000
00010
,  // measure 31
02000
00000
03000
00100
20000
30000
10001
00000
,  // measure 32
01010
00000
00000
00000
00010
00100
00010
02000
03010
00000
00000
00000
01000
00100
01000
00020
,  // measure 33
01030
00100
01000
00010
00100
00010
01000
00100
,  // measure 34
10000
00000
00000
00000
00001
00100
00001
20000
30001
00000
00000
00000
10000
00100
10000
00002
,  // measure 35
10003
00100
10000
00001
00100
00001
10000
00100
,  // measure 36
01000
00000
00000
00000
00010
00100
00010
20000
30010
00000
00000
00000
10000
00100
10000
00020
,  // measure 37
10030
00100
10000
00010
00100
00010
10000
00100
,  // measure 38
01000
00000
00000
00000
00001
00100
00001
02000
03001
00000
00000
00000
01000
00100
01000
00002
,  // measure 39
01003
00100
01000
00001
00100
00001
01000
00020
,  // measure 40
02100
00000
00000
00000
00000
00000
03030
00000
00020
00030
00200
00300
02000
03000
20000
30000
,  // measure 41
00200
00300
00002
00003
00020
00030
00200
00300
02000
03000
20000
30000
00200
00300
00002
00003
,  // measure 42
00020
00000
00000
00000
00000
00000
00030
00000
00200
00300
00002
00003
00200
00300
00020
00030
,  // measure 43
01000
00100
10000
00000
00010
00100
00001
00000
10000
00100
01000
00000
00001
00100
00010
00000
,  // measure 44
01000
00100
01000
00010
01000
00001
01000
00100
01000
00010
01000
00001
01000
00100
01000
00010
,  // measure 45
01000
00001
01000
00100
01000
00010
01000
00001
01000
00100
01000
00010
02000
00002
03003
00000
,  // measure 46
00001
00000
00100
00000
00001
10000
00100
01000
00020
00000
00000
00000
00030
00000
00010
00000
,  // measure 47
02000
03000
00000
00100
00000
00000
20000
00000
00002
30003
00000
00000
10101
00000
00000
00000
,  // measure 48
00101
00000
10100
00000
00010
00100
00001
00000
,  // measure 49
10100
00000
00101
00000
01000
00100
10000
00000
,  // measure 50
00110
00000
01100
00000
00001
00100
00010
00000
,  // measure 51
01100
00000
00110
00000
10000
00100
01000
00000
,  // measure 52
01001
00000
10010
00000
01000
00100
00001
00010
,  // measure 53
10010
00000
01001
00000
00010
00100
10000
01000
,  // measure 54
00200
00000
02000
00000
,  // measure 55
00020
00000
00000
00000
00000
00000
00000
03330
,  // measure 56
00010
00100
00010
00100
00001
01000
00100
10000
00010
00100
00010
00100
00001
01000
00100
10000
,  // measure 57
00010
00100
00010
00100
00001
01000
00100
10000
00010
00100
00010
00100
00001
01000
00100
10000
,  // measure 58
00010
00100
00001
00100
00010
00100
00001
00100
00010
00100
00001
00100
00010
00100
00001
00100
,  // measure 59
00020
00000
00000
00000
00000
00000
00000
00030
,  // measure 60
01000
00100
01000
00000
00100
00000
10000
00000
00010
00000
00100
00000
00001
00000
10000
00000
,  // measure 61
00010
00100
00010
00000
00100
00000
00001
00000
01000
00000
00100
00000
10000
00000
00001
00000
,  // measure 62
10000
00100
10000
00000
00100
00000
01000
00000
00001
00000
00100
00000
00010
00000
01000
00000
,  // measure 63
00001
00100
00001
00000
00100
00000
00010
00000
00001
01000
00100
00010
01000
10000
00100
00002
,  // measure 64
02000
00000
00000
00000
,  // measure 65
00000
00000
00000
00000
,  // measure 66
00000
00000
00000
00000
,  // measure 67
00000
00000
00000
00000
00000
00000
00000
03003
00000
00000
00000
00000
00000
00000
00000
00000