0000000000
0000000000
0000000000
0000000000
0000000000
0000000000
0000000000
0000000000
0000020000
0000030000
0000200000
0000300000
0000020000
0000030000
0000200000
0000300000
0000000100
0000000000
0000000000
0000000000
0000010100
0000000000
0000000000
0000000000
0010000000
0000000000
0000000000
0000000000
0010100000
0000000000
0000000000
0000000000
,
0000000100
0000000000
0000000000
0000000000
0000001100
0000000000
0000000000
0000000000
0010000000
0000000000
0000000000
0000000000
0011000000
0000000000
0000000000
0000000000
0000000100
0000000000
0000010000
0000000100
0000001000
0000000000
0000000010
0000000000
0000001100
0000000000
0000000110
0000000000
0000001001
0000000000
0000000100
0000001000
,
0000010000
0000000000
0000010000
0001000000
0000001000
0000000000
0000001000
0000100000
0001000000
0000000000
0011000000
0000000000
0100100000
0000000000
0010000000
0001000000
1000000000
0100000000
0010000000
0001000000
0100000000
0010000000
0001000000
0000000000
0001100000
0000000000
0010100000
0000000000
0011000000
0000000000
0001000000
0000000000
,
0010000000
0001000000
0000100000
0000001000
0001000000
0000010000
0000001000
0000000100
0000020000
0000000000
0000030010
0000000000
0000020000
0000000000
0000030010
0000000000
0000000001
0000000010
0000000100
0000001000
0000000010
0000000100
0000001000
0000000000
0000011000
0000000000
0000010100
0000000000
0000001100
0000000000
0000001000
0000000000
,
0000000000
0000000000
0001010000
0000000000
0000000000
0000000000
0000101000
0000000000
0000000000
0000000000
0020000000
0000000000
0000000000
0030000100
0000000000
0000000000
0000000100
0000000000
0000001000
0000000010
0000000000
0000000100
0000000000
0000000001
0000000000
0000000000
0000000001
0000000000
0000000100
0000000000
0000000010
0000001000
,
0000000000
0000000000
0000000100
0000010000
0000000000
0000001000
0000000000
0002000000
0000000000
0000000000
0003000000
0000000000
0000000000
0000000000
0000100000
0010000000
0001000000
0000000000
0100000000
0000100000
0000000000
1000000000
0000000000
0001000000
0000000000
0000000000
0100000000
0010000000
0000000000
0001000000
0000000000
0000200000
,
0000000000
0000000000
0000000000
0000000000
0000000000
0000000000
0000000000
0000300000
0000000000
0000000000
0200000000
0000000000
0300000000
0002000000
0003000000
0000000000
0010000000
0000000000
0001000000
0100000000
0000000000
0010000000
0000000000
1000000000
0000000000
0000000000
0010000000
0000000000
0100000000
0000000000
0001000000
0010000000
,
0000000000
0000000000
0000010000
0000100000
0000000000
0000001000
0000000000
0002000000
0000000000
0000000000
0003000000
0000000000
0000000000
0000000000
0000000100
0000010000
0000000010
0000000000
0000001000
0000000001
0000000000
0000000001
0000000000
0000010000
0000000000
0000000000
0000000010
0000000000
0000000100
0000001000
0000000000
0000020000
,
0000000000
0000000000
0000000200
0000000000
0000000000
0000000000
0000000000
0000030300
0000000000
0000000000
0000000000
0000000000
0000000000
0000000000
0000000100
0000010000
0000000000
0000000100
0000001000
0000010000
0000100000
0001000000
0010000000
0000000000
0000100000
0001000000
0000001000
0000010000
0000000100
0000000000
0000000100
0000001000
,
0000000000
0000010000
0000100000
0001000000
0000010000
0001000000
0000100000
0000001000
0000101000
0000000000
0001001000
0000000000
0000000000
0001010000
0000000000
0000000000
0000010000
0000100000
0001000000
0000000000
0010000000
0000000000
0100000000
0000000000
1000000000
0000000000
0010000000
0000100000
0000010000
0000000100
0000000000
0000000100
,
0000000001
0000010000
0000000100
0000000000
0001000000
0000001000
0000100000
0000010000
0010000000
0000000100
0000000000
0000000000
0000100000
0000000000
0000010000
0000100000
0000000000
0000000000
0000001200
0000000000
0000000000
0000000000
0000100300
0000000000
0000000000
0000000000
0021000000
0000000000
0000000000
0000000000
0030010000
0000000000
,
0000000000
0001020000
0000000000
0010000000
0000000000
0000100000
0000000000
0010130000
0000000000
0021000000
0000000000
0030010000
0000000000
0000001200
0000000000
0000100300
,
0000000000
0000201000
0000000000
0000000100
0000000000
0000010000
0000000000
0000310100
0000000000
0000001200
0000000000
0000100300
0000000000
0021000000
0000000000
0030010000
,
0000000000
0001020000
0000000000
0000001000
0000000000
0000100000
0000000000
0000131000
0000000000
0021000000
0000000000
0030010000
0000000000
0000001200
0000000000
0000100300
,
0000000000
0000201000
0000000000
0001000000
0000000000
0000010000
0000000000
0001310000
0000000000
0000000200
0000000000
0000000010
0000000000
0000001000
0000000000
0000010300
,
0000000000
0000000000
0020000000
0000000000
0000000000
0000000000
0100000000
0000000000
0000000000
0000000000
0001000000
0000000000
0000000000
0000000000
0030100000
0000000000
0000000000
0000000000
0000002000
0000000000
0000010000
0000003000
0002000000
0000000000
0000100000
0003000000
0000020000
0000000000
0000001000
0000030000
0000200000
0000000000
,
0001000000
0000300000
0001100000
0000000000
0000110000
0000000000
0000011000
0000000000
0000001100
0000000000
0000010100
0000000000
0000001010
0000000000
0000000200
0000000000
0000000300
0000000000
0000000100
0000000000
0000001000
0000000010
0000000000
0000000100
0000000000
0000000001
0000000000
0000000000
0000000001
0000000000
0000000100
0000000000
,
0000000010
0000001000
0000000000
0000000000
0000000100
0000010000
0000000000
0000001000
0000000000
0002000000
0000000000
0000000000
0003000000
0000000000
0000000000
0000000000
0000100000
0010000000
0001000000
0000000000
0100000000
0000100000
0000000000
1000000000
0000000000
0001000000
0000000000
0000000000
0100000000
0000000000
0010000000
0001000000
,
0000000000
0000200000
0000000000
0000000000
0000000000
0000000000
0000000000
0000000000
0000000000
0000300000
0000000000
0000000000
0200000000
0000000000
0300000000
0002000000
0003000000
0000000000
0010000000
0000000000
0001000000
0100000000
0000000000
0010000000
0000000000
1000000000
0000000000
0000000000
1000000000
0000000000
0001000000
0000000000
,
0100000000
0010000000
0000000000
0000000000
1000000000
0000100000
0000000000
0001000000
0000000000
0000000200
0000000000
0000000000
0000000300
0000000000
0000000000
0000000000
0000001000
0000000001
0000010000
0000000000
0000000010
0000000100
0000000000
0000000100
0000000000
0000000001
0000000000
0000000000
0000001000
0000000000
0000000100
0000000010
,
0000000000
0000000002
0000000000
0000000000
0000000200
0000000000
0000000000
0000000000
0000000000
0000000303
0000000000
0000000000
0000000000
0000000000
0000000000
0000000000
0000000000
0000000000
0000000000
0000000000
0000001101
0000000000
0000000000
0000000000
0000110100
0000000000
0000000000
0000000000
0110100000
0000000000
0000000000
0000000000
,
0010101000
0000000000
0000110010
0000000000
0100010100
0000000000
0011000100
0000000000
0010101100
0000000001
0000000000
0000000000
0000000000
0000000000
0000000000
0000000000