00000
00000
00000
00000
,
00000
00000
00000
00000
,
00000
00000
00000
00000
,
01000
01000
00001
00000
00010
00100
10000
00000
,
00010
00010
10000
00000
01000
00100
00001
00000
,
20100
00000
00001
00000
30000
00001
00001
00000
,
00102
00000
10000
00000
00003
10000
10000
00000
,
01000
00100
00010
00000
00010
00100
01000
00000
,
10000
00100
00001
00100
00001
00100
10000
00000
,
00010
01000
01000
00000
01000
01000
00001
00000
,
01100
00000
00001
00000
01000
00010
01000
00010
,
01000
01000
01000
00000
00010
00100
00010
00100
,
10000
10000
10000
00000
01000
00100
01000
00100
,
00001
00001
00001
00000
10001
10000
00001
00000
,
00100
00000
00000
00000
,
02001
00100
03001
00001
,
00020
00100
10030
10000
,
00200
00010
00301
10000
,
01002
01000
00103
00100
,
01000
00100
00010
00100
00001
00100
10000
00000
,
00002
00000
10000
00000
00003
10000
10000
00000
,
00110
00000
10100
00000
00000
00110
00110
00000
,
01000
00001
01000
00001
01000
00001
00100
00000
,
01100
00000
00101
00000
00000
01100
01100
00000
,
01000
00100
00010
00000
01001
00100
01001
00000
,
00010
00100
01000
00000
10010
00100
10010
00000
,
01100
00000
00110
00000
00000
10100
10000
00000
,
10000
00100
00001
00100
10000
00100
00001
00000
,
10001
00000
00100
00000
00000
00100
00100
00000
,
02000
00100
03020
00100
,
00130
00100
11000
00000
,
01000
01000
00010
00000
00000
01000
01000
00000
,
00010
00010
01000
00000
00000
00010
00010
00000
,
01010
00000
00000
00000
10001
10001
00000
00000
,
20002
00000
00000
30003
00000
00000
00000
00000
,
00010
00100
00010
00100
01000
00100
01000
00100
,
10000
00100
10000
00100
00001
00100
00001
00100
,
00010
00100
01000
00100
00010
00100
10000
00100
,
00001
00000
10000
00000
01001
00100
10010
00000
,
01100
00100
00101
00100
00110
00100
10100
00100
,
01000
00010
01000
00010
00100
00100
10001
00000
,
11000
00100
00011
00100
,
10001
00100
01010
00100
,
10000
00000
00100
00000
10000
10000
00100
00000
,
00001
00000
00100
00000
00001
00001
00100
00000
,
01001
00100
01001
00100
10010
00100
10010
00100
,
01000
00010
00100
00000
00001
10000
10001
00000
,
02000
23000
30002
00023
,
00230
00000
00300
00000
00000
00100
00100
00000
,
01010
00000
00100
00000
01010
00100
10001
00000
,
01000
01000
00010
00100
00001
00001
10000
00000
,
10001
00100
10001
00000
00000
00100
00100
00000
,
00200
00000
00000
00300
00000
00000
00000
00000
,
10001
10000
00001
00000
00000
00000
00000
00000
,
20102
00000
00000
30003
00000
00000
00000
00000