00000
00000
00000
00000
,
00000
00000
00000
00000
,
00000
00000
00000
00000
00000
00000
00000
00000
00000
00000
00000
00000
00000
00000
00000
10000
,
00000
00100
00000
10000
00000
00000
00010
00000
00010
00100
00000
01001
00000
00000
00000
00001
,
00000
00100
00000
00001
00000
00000
01000
00000
01000
00100
00000
10010
00000
00000
00000
00010
,
00000
00100
00000
00010
00000
00000
10000
00000
10000
00100
00000
01001
00000
00000
00000
01000
,
00000
00100
00000
01000
00000
00000
00001
00000
00001
00100
00000
10010
00000
00000
00000
10000
,
00000
00100
00000
10000
00000
00000
00001
00000
00100
00010
00000
01001
00000
00000
00000
00001
,
00000
00100
00000
00001
00000
00000
10000
00000
00100
01000
00000
10010
00000
00000
00000
00010
,
00000
00100
00000
00010
00000
00000
01000
00000
00100
10000
00000
01001
00000
00000
00000
01000
,
00000
00100
00000
01000
00000
00000
00010
00000
00100
00001
00000
10010
00000
00000
00000
01000
,
00000
00100
00000
01000
00000
00100
00000
10000
00000
00001
00000
00100
00000
00010
00000
01000
,
00000
00100
00000
01000
00000
10000
00000
01000
00000
00010
00000
00001
00000
00010
00000
01000
,
00000
00100
00000
01000
00000
00010
00000
00100
00000
00010
00000
01000
00000
00010
00000
01010
,
00000
00000
00000
00000
00000
00000
00000
00000
00000
00000
00000
00000
00000
00000
00000
00020
,
00000
00000
00000
00000
00000
00000
00000
00000
00000
00000
00000
00030
00000
00000
00000
02000
,
00000
00000
00000
00000
00000
00000
00000
00000
00000
00000
00000
03000
00000
00000
00000
00100
,
00000
00000
00100
00000
00000
00100
00000
00000
01000
00000
00000
00010
00000
00000
00000
00100
,
00000
00000
00100
00000
00000
00100
00000
00000
00001
00000
00000
10000
00000
00000
00000
00100
,
00000
00000
00100
00000
00000
00100
00000
00000
00000
01000
00000
00010
00000
00000
00000
00100
,
00000
00001
00000
10000
00000
00100
00000
00000
00000
01000
00000
01010
00000
00000
00000
01000
,
00000
01000
00000
00000
00000
00000
00000
00010
00000
00010
00000
00000
00000
00000
00000
01000
,
00000
01000
00000
00010
00000
00010
00000
00100
00000
00001
00000
10000
00000
00100
00000
01000
,
00000
00100
00000
00000
00000
00101
00000
00000
00000
10000
00000
00100
00000
10000
00000
00010
,
00000
00100
00000
00000
00000
10100
00000
00000
00000
00001
00000
00100
00000
00001
00000
10000
,
00000
00100
00000
00000
00000
00110
00000
00000
00000
01000
00000
00100
00000
01000
00000
00001
,
00000
00100
00000
00000
00000
01100
00000
00000
00000
00010
00000
00100
00000
00010
00000
01000
,
00000
00100
00000
01000
00000
00100
00000
10000
00000
00001
00000
10000
00000
00001
00000
00100
,
00000
00010
00000
00100
00000
00010
00000
10000
00000
00010
00000
00100
00000
00001
00000
01000
,
00000
00001
00000
00100
00000
00010
00000
00000
00000
00010
00000
00100
00000
00001
00000
01000
,
00000
00010
00000
01000
00000
00100
00000
10000
00000
00001
00000
00100
00000
00010
00000
01000
,
00000
00100
00000
01000
00000
00100
00000
10000
00000
00001
00000
10000
00000
00001
00000
00100
,
00000
00010
00000
01000
00000
00100
00000
10000
00000
00010
00000
01000
00000
00001
00000
10000
,
00000
00010
00000
00000
00000
00000
00000
00001
00000
01000
00000
00000
00000
00000
00000
01000
,
00000
00010
00000
01000
00000
00010
00000
02020
00000
00000
00000
03030
00000
00000
00000
01000
,
00000
00100
00000
01000
00000
00100
00000
10000
00000
00001
00000
10000
00000
00001
00000
00100
,
00000
00010
00000
10000
00000
00010
00000
00100
00000
00001
00000
01000
00000
00100
00000
10000
,
00000
01000
00000
10000
00000
00100
00000
01000
00000
10000
00000
01000
00000
00100
00000
00010
,
00000
00001
00000
00100
00000
01000
00000
10000
00000
01000
00000
00100
00000
00001
00000
01000
,
00000
10000
00000
00100
00000
00010
00000
00001
00000
00100
00000
01000
00000
10000
00000
00100
,
00000
00010
00000
00001
00000
00100
00000
01000
00000
10000
00000
00100
00000
00001
00000
10000
,
00000
01000
00000
00100
00000
00010
00000
01000
00000
00100
00000
00010
00000
00001
00000
00100
,
00010
01000
00100
20000
00000
00002
00000
00000
00000
30000
00000
00003
00000
00000
00000
02000
,
00000
00000
00000
00000
00000
03000
00000
00100
00000
10000
00000
00001
00000
00000
00000
00100
,
00000
00001
00000
10000
00000
00100
00000
01000
00000
00000
00000
01010
00000
00000
00000
10010
,
00000
00000
00000
01001
00000
00000
00000
00010
00000
00100
00000
00001
00000
00000
00000
01000
,
00000
00100
00000
10000
00000
00001
00000
00100
00000
00010
00000
01000
00000
00000
00000
01001
,
00000
00000
00000
10010
00000
00000
00000
01000
00000
00100
00000
10000
00000
00000
00000
10010
,
00000
00000
00000
01001
00000
00000
00000
00010
00000
00100
00000
00001
00000
00000
00000
01000
,
00000
00010
00000
01000
00000
00010
00000
00100
00000
00000
00000
00100
00000
00000
00000
10010
,
00000
00000
00000
00100
00000
00000
00000
01001
00000
00000
00000
00100
00000
00000
00000
00010
,
00000
01000
00000
00010
00000
01000
00000
00000
00000
00100
00000
01010
00000
00000
00000
00010
,
00000
01000
00000
00001
00000
10000
00000
00000
00000
00100
00000
10000
00000
00001
00000
01000
,
00000
00010
00000
01000
00000
00010
00000
00000
00000
00100
00000
01001
00000
00100
00000
10010