// measure 0
00000
00000
00000
00000
,  // measure 1
01000
00000
01000
00000
01100
00000
01000
00100
00000
00100
01000
00000
01100
00000
00100
00000
01000
00000
01000
00000
01100
00000
01000
00100
00000
00100
01000
00000
01100
00000
00000
00000
,  // measure 2
00010
00000
00010
00000
00110
00000
00010
00100
00000
00100
00010
00000
00110
00000
00100
00000
00010
00000
00010
00000
00110
00000
00010
00100
00000
00100
00010
00000
00110
00000
00000
00000
,  // measure 3
01000
00100
01000
00100
10000
00100
10000
00100
01000
00010
01000
00010
00100
00001
00100
00001
00100
00010
00100
00010
00100
00001
00100
00001
01000
00010
01000
00010
10000
00100
10000
00100
,  // measure 4
01000
00010
00100
00001
10000
00100
01000
00010
00100
00001
10000
00100
01000
00010
00100
00001
10000
00100
01000
00001
00100
00010
01000
00100
10000
00100
01000
00001
00100
00010
01000
00100
,  // measure 5
10000
00100
10000
00100
01000
00100
01000
00100
10000
00001
10000
00001
00100
00010
00100
00010
00100
00001
00100
00001
00100
00010
00100
00010
10000
00001
10000
00001
01000
00100
01000
00100
,  // measure 6
10000
01000
10000
01000
00100
00010
00100
01000
10000
01000
10000
01000
10000
01000
00100
00010
00110
00000
00000
00000
00000
00000
00000
00000
00000
00000
00000
00000
00000
00000
00000
00000
,  // measure 7
02000
00000
00002
00000
,  // measure 8
00100
00000
00000
00100
00000
00000
00100
00000
00000
00000
00100
00000
03103
00000
00000
00000
20020
00000
00000
00000
00000
00000
00000
00000
00000
00000
30030
00000
00010
10000
00010
10000
,  // measure 9
00010
00000
00010
00000
00110
00000
00100
00010
00100
00000
00110
00000
01010
00000
00100
00000
10000
00000
10000
00000
10100
00000
00100
10000
00100
00000
10100
00000
10001
00000
00100
00000
,  // measure 10
00010
00000
00010
00000
00000
00000
00000
00000
10000
00000
10000
00000
00000
00000
00000
00000
00010
00000
00010
00000
10000
00000
10000
00000
00010
00010
10000
10000
00010
00010
10000
10000
,  // measure 11
00100
00000
00100
00000
01010
00000
00010
00100
00000
00100
00010
00000
10010
00000
00000
00000
00100
00000
00100
00000
01010
00000
01000
00100
00000
00100
01000
00000
01001
00000
00000
00000
,  // measure 12
10000
00000
10000
00000
00101
00000
10000
00000
00000
00000
10000
00000
00001
00100
00001
00100
00010
01000
00100
01000
00010
00100
00010
01000
00100
00000
10000
00000
00001
00100
00001
00100
,  // measure 13
00010
00000
00010
00000
10010
00000
00100
00010
00000
00100
10000
00000
10010
00000
00000
00000
01000
00000
01000
00000
01001
00000
00100
01000
00000
00100
00001
00000
01001
00000
00000
00000
,  // measure 14
10000
00000
00001
00000
00100
00000
00000
00010
00000
00010
00100
00010
01000
00100
10000
00010
00100
00010
01000
00100
01000
00010
00100
00001
10000
00000
10100
00000
10000
00100
10000
00100
,  // measure 15
01000
00000
01000
00000
00101
00000
00000
01001
00000
00100
01000
00000
01001
00000
00100
00000
00010
00000
00010
00000
10100
00000
00000
10010
00000
00100
00010
00000
10010
00000
00100
00000
,  // measure 16
01000
00000
00010
00000
00000
00000
00000
00000
01000
00000
00010
00000
00000
00000
00000
00000
01000
00100
01000
00001
00100
00001
10000
00100
10000
00010
00100
00010
01000
00100
01000
00100
,  // measure 17
10000
00100
10000
00100
01000
00100
01000
00100
10000
00100
01000
00100
10000
01000
00100
00010
01000
00100
01000
00100
10000
00100
10000
00100
01000
00100
10000
00100
01000
10000
00100
00001
,  // measure 18
00100
00010
00100
00010
00100
00001
00100
00001
00100
00010
00100
00001
01000
00100
00010
00001
00100
00001
00100
00001
00100
00010
00100
00010
00100
00001
00100
00010
10000
00100
00001
00010
,  // measure 19
00100
00001
00010
00100
01000
10000
01000
00100
10000
01000
00100
00010
00001
00010
00100
00001
00010
00100
01000
10000
01000
00100
10000
01000
00100
00010
00001
00010
00100
00001
00010
00100
,  // measure 20
01000
10000
01000
00100
10000
01000
00100
00010
01000
00100
00010
00001
01000
00010
00100
00001
01000
00100
10000
00001
01000
00010
00100
00001
01000
00100
10000
00002
00000
00000
00000
00000
,  // measure 21
00000
00000
00000
00003
02000
00000
00100
03001
,  // measure 22
10000
00100
10100
00000
00001
00100
00101
00000
01000
00100
10000
00001
01000
00100
00010
00100
,  // measure 23
01000
00100
10000
00001
01000
00100
00010
00000
00001
00100
00010
01000
00001
00100
10000
00100
,  // measure 24
00001
00100
00010
01000
00001
00100
10000
00000
01000
00000
01100
00010
01000
01100
00010
00000
,  // measure 25
01000
00000
00000
00000
01100
00000
00000
00000
00010
00100
00010
10000
00010
00100
00010
01000
00001
00000
00100
00001
00100
00001
00100
00000
00010
01000
00010
01000
00010
00000
10101
00000
,  // measure 26
10000
00000
00100
10000
00100
10000
00100
00000
01000
00010
01000
00010
01000
00000
10001
00000
00001
00100
00001
00100
00010
01000
00010
01000
00100
10000
00100
10000
00001
00010
00100
01000
,  // measure 27
20000
30000
00000
00000
00000
00000
00000
00000