// measure 0
0000000000
0000000000
0000000000
0000000000
,  // measure 1
0010000000
0001000000
0000100000
0000000000
0000101000
0000000000
0000001000
0001000000
0000010000
0000000100
0000000001
0000000000
0000010001
0000000000
0000000001
0000000010
,  // measure 2
0000000100
0000001000
0000100000
0010000000
0001000000
0000010000
0000000100
0000001000
0000000010
0000000000
0000000100
0000000000
0000001001
0000000000
0000000100
0000000000
,  // measure 3
0000010000
0001000000
0010000000
0000100000
0000001000
0000000100
0000010000
0001000000
0010000000
0000000000
0000100000
0000000000
0100100000
0000000000
0001000000
0000000000
,  // measure 4
1000000000
0010000000
0000100000
0000010000
0001000000
0000001000
0000010000
0000000100
0000001000
0000100000
0010000000
0000000000
0010100000
0000000000
0000100000
1000000000
,  // measure 5
0001000000
0000100000
0000001000
0001000000
0000010000
0000000100
0000000001
0000001000
0000000100
0000000000
0000100000
0000000000
0000101000
0000000000
0000001000
0000000000
,  // measure 6
0001000000
0010000000
0100000000
0001000000
0010000000
0100000000
1000000000
0000100000
0001000000
0000000000
0000010000
0000000000
0001010000
0000000000
0000101000
0000000000
,  // measure 7
0000000100
0000010000
0001000000
0000010000
0000000100
0000001000
0000100000
0010000000
0001000000
0000000000
1000000000
0000000000
1001000000
0000000000
0100100000
0000000000
,  // measure 8
0010000000
0001000000
0000100000
0000000000
0000001000
0001000000
0000010000
0000000000
0000001000
0000000100
0000010000
0000000010
0000000100
0000000000
0000001010
0000000000
,  // measure 9
0000000001
0000010000
0000000100
0000010000
0001000000
0010000000
0000100000
0000001000
0000000100
0000100000
0001000000
0010000000
0000100000
0000000000
0100100000
0000000000
,  // measure 10
1000000000
0010000000
0000100000
0000010000
0000001000
0000100000
0001000000
0000010000
0010000000
0000000000
0000000100
0000000000
0010000100
0000000000
0000000100
0000010000
,  // measure 11
0000001000
0001000000
0000100000
0010000000
0000110000
0000000000
0001000000
0000001000
0000010000
0000000100
0000001000
0000000100
0000110000
0000000000
0000001000
0001000000
,  // measure 12
0000100000
1000000000
0010000000
0000100000
0000010000
0000000100
0000000001
0000010000
0000000100
0000100000
0000001000
0001000000
0000110000
0000000000
0010000000
0001000000
,  // measure 13
1000000000
0100000000
0000100000
0001000000
0010000000
0000100000
0001000000
0000010000
0000001000
0000000000
0000000100
0000000000
0000001001
0000000000
0000000001
0000010000
,  // measure 14
0000000010
0000000001
0000001000
0000010000
0000000100
0000001000
0000010000
0001000000
0000100000
0000000000
0010000000
0000000000
0100100000
0000000000
0000100000
1000000000
,  // measure 15
0010000000
0100000000
0001000000
0010000000
0000110000
0000000000
0001000000
0000001000
0000010000
0000000100
0000001000
0000000100
0000110000
0000000000
0000001000
0001000000
,  // measure 16
0000100000
0010000000
1000000000
0010000000
0000100000
0000001000
0000000100
0000000010
0000000100
0000001000
0000100000
0010000000
0000010000
0000000000
0000200000
0000301000
,  // measure 17
0000000000
0000001000
0000100000
0010000000
0000010000
0000000100
0000001000
0000000000
0000001000
0000010000
0000100000
0001000000
0010000000
0000000000
0010000000
0000100000
,  // measure 18
0000000000
0000100000
1000000000
0010000000
0100000000
0010000000
0001000000
0000010000
0000200000
0000301000
0000000000
0010000100
0000000000
0000000100
0000001000
0000010000
,  // measure 19
0000101000
0000000000
0001010000
0000000000
0010000100
0000000000
0000101000
0000000000
0000010000
0001000000
0000100000
0010000000
0000000000
0010000000
0001000000
0000100000
,  // measure 20
0000001000
0000000000
0000001000
0001000000
0000010000
0000001000
0000000100
0000010000
0000000000
0000000000
0000001000
0000000000
0002000000
0003010000
0000000000
0000000000
,  // measure 21
0001010000
0000000000
0000101000
0000000000
0010000100
0000000000
0000101000
0000000000
0001010000
0000000000
0010000100
0000000000
0000000100
0000001000
0000010000
0000100000
,  // measure 22
0000000000
0000100000
0000001000
0000000000
0000001000
0001000000
0000100000
0010000000
0001000000
0000000000
1000000000
0000000000
0010000000
0000000000
0100000000
0000000000
,  // measure 23
0000100000
0010000000
0001000000
0000000000
0011000000
0000000000
0001000000
0000100000
0000010000
0000001000
0000000100
0000000000
0000010100
0000000000
0000000100
0000010000
,  // measure 24
0000000001
0000000010
0000000100
0000010000
0000001000
0001000000
0000100000
0010000000
0000100000
1000000000
0001000000
0010000000
0000110000
0000000000
0001000000
0000001000
,  // measure 25
0000010000
0000000100
0000001000
0000000000
0000001100
0000000000
0000000100
0000010000
0001000000
0010000000
0000100000
0000000000
0010100000
0000000000
0000100000
1000000000
,  // measure 26
0010000000
1000000000
0001000000
0010000000
0000110000
0000000000
0001000000
0000001000
0000010000
0000000100
0000001000
0000000100
0000110000
0000000000
0000001000
0001000000
,  // measure 27
0000100000
0010000000
0001000000
0000000000
1001000000
0000000000
0100000000
0010000000
1000000000
0000100000
0010000000
0000000000
0010100000
0000000000
0000100000
0010000000
,  // measure 28
0000010000
0000000000
0000000000
0001000000
0000000000
0000000000
0000010000
0000000000
0000000000
0000000100
0000000000
0000000000
0000000001
0000000000
0000000000
0000010000
0000000000
0000000000
0000001000
0000000000
0000000000
0000100000
0000000000
0000000000
0000010000
0000000000
0001000000
0000000000
0000010000
0000000000
0000100000
0000000000
0000000000
0001000000
0000000000
0000000000
0010000000
0000000000
0000000000
0000100000
0000000000
0000000000
1000000000
0000000000
0010000000
0000000000
1000000000
0000000000
,  // measure 29
0001000000
0100000000
0000100000
0010000000
0001000000
0001000000
0000100000
0000010000
0000001000
0000000100
0000010000
0000000010
0000000100
0000000100
0000000001
0000010000
,  // measure 30
0000000100
0000001000
0000010000
0000100000
0000001000
0000001000
0001000000
0000010000
0001000000
0000100000
0010000000
0001000000
0100000000
0100000000
0010000000
1000000000
,  // measure 31
0000100000
0010000000
0000100000
0001000000
0000001000
0000001000
0000010000
0000000100
0000001000
0000010000
0000100000
0001000000
0010000000
0010000000
0000100000
0001000000
,  // measure 32
0001010100
0000000000
0010101000
0000000000
0001010100
0000000000
0010101000
0000000000
0001000000
0000010000
0000001000
0000100000
0001000000
0000000000
0000010000
0000100000
,  // measure 33
0000000001
0000010000
0000000100
0000010000
0001000000
0010000000
0000100000
0000001000
0000000100
0000100000
0001000000
0010000000
0000100000
0000000000
0100100000
0000000000
,  // measure 34
1000000000
0010000000
0000100000
0000010000
0000001000
0000100000
0001000000
0000010000
0010000000
0000000000
0000000100
0000000000
0010000100
0000000000
0000000100
0000010000
,  // measure 35
0000001000
0001000000
0000100000
0010000000
0000110000
0000000000
0001000000
0000001000
0000010000
0000000100
0000001000
0000000100
0000110000
0000000000
0000001000
0001000000
,  // measure 36
0000100000
1000000000
0010000000
0000100000
0000010000
0000000100
0000000001
0000010000
0000000100
0000100000
0000001000
0001000000
0000110000
0000000000
0010000000
0001000000
,  // measure 37
1000000000
0100000000
0000100000
0001000000
0010000000
0000100000
0001000000
0000010000
0000001000
0000000000
0000000100
0000000000
0000001001
0000000000
0000000001
0000010000
,  // measure 38
0000000010
0000000001
0000001000
0000010000
0000000100
0000001000
0000010000
0001000000
0000100000
0000000000
0010000000
0000000000
0100100000
0000000000
0000100000
1000000000
,  // measure 39
0010000000
0100000000
0001000000
0010000000
0000110000
0000000000
0001000000
0000001000
0000010000
0000000100
0000001000
0000000100
0000110000
0000000000
0000001000
0001000000
,  // measure 40
0000100000
0010000000
1000000000
0010000000
0000100000
0000001000
0000000100
0000000010
0000000100
0000001000
0000100000
0010000000
0000010000
0000100000
0001000000
0010000000
,  // measure 41
0000101000
0010000100
0001010000
0010000100
0000101000
0010000100
0001010000
0010000100
,  // measure 42
0000101000
0000100000
0010000000
1000000000
0000100000
0010000000
0000010000
0001000000
0001010000
0000010000
0000000100
0000000001
0000010000
0000001000
0000100000
0000010000
,  // measure 43
0010000100
0000000000
0000000000
0000000000