0000000000
0000000000
0000000000
0000000000
,
0000000000
0000000000
0000000000
0000000000
,
0000000000
0000000000
0000000000
0000000000
0000000000
0000000000
0000000000
0000000000
0000000000
0000000000
0000000000
0000000000
0000000000
0000000000
0000000000
1000000000
,
0000000000
0010000000
0000000000
1000000000
0000000000
0000000000
0001000000
0000000000
0010000000
0001000000
0000000000
0000100000
0000000000
0000000000
0000000000
0000000010
,
0000000000
0000000100
0000000000
0000000010
0000000000
0000000000
0000010000
0000000000
0000000100
0000010000
0000000000
0000001000
0000000000
0000000000
0000000000
0001000000
,
0000000000
0000010000
0000000000
0001000000
0000000000
0000000000
0000100000
0000000000
0010000000
0000100000
0000000000
0001000000
0000000000
0000000000
0000000000
0000010000
,
0000000000
0001000000
0000000000
0000010000
0000000000
0000000000
0000001000
0000000000
0000000100
0000001000
0000000000
0000000001
0000000000
0000000000
0000000000
0000001000
,
0000000000
0000001000
0000000000
0000000100
0000000000
0000000000
0000001000
0000000000
0000000100
0000010000
0000000000
0000101000
0000000000
0000000000
0000000000
0001000000
,
0000000000
0001000000
0000000000
0010000000
0000000000
0000000000
0001000000
0000000000
0010000000
0000100000
0000000000
0001010000
0000000000
0000000000
0000000000
0010000000
,
0000000000
0001000000
0000000000
1000000000
0000000000
0000000000
0010000000
0000000000
0100000000
0000100000
0000000000
0100100000
0000000000
0000000000
0000000000
0010000000
,
0000000000
0001000000
0000000000
0000100000
0000000000
0000000000
0000001000
0000000000
0000010000
0000000100
0000000000
0000001001
0000000000
0000000000
0000000000
0000001000
,
0000010000
0000100000
0001000000
0000010000
0000001000
0001000000
0000100000
0001000000
0000001000
0000100000
0000010000
0000000100
0000010000
0000100000
0000001000
0000010000
,
0000000100
0000001000
0000000010
0000000100
0000000001
0000000010
0000000100
0000010000
0000001000
0000000100
0000000001
0000000010
0000000100
0000001000
0000010000
0000100000
,
0001000000
0000010000
0000001000
0001000000
0000100000
0010000000
0001000000
0100000000
0010000000
1000000000
0000100000
0000001000
0000010000
0000000100
0000000001
0000000010
,
0000000000
0000000000
0000000000
0000000000
0000000000
0000000000
0000000000
0000000000
0000000000
0000000000
0000000000
0000000000
0000000000
0000000000
0000000000
0002000000
,
0000000000
0000000000
0000000000
0000000000
,
0000000000
0000000000
0000000000
0000000000
,
0000000000
0000000000
0000000000
0000000000
,
0000000000
0000000000
0000000000
0003000000
0000000000
0000000000
0000000000
0000000000
0000000000
0000000000
0000000000
0000000000
0000000000
0000000000
0000000000
0000002000
,
0000000000
0000000000
0000000000
0000000000
,
0000000000
0000000000
0000000000
0000000000
,
0000000000
0000000000
0000000000
0000000000
,
0000000000
0000000000
0000000000
0000000000
0000000000
0000000000
0000000000
0000003000
0000000000
0000000000
0000000000
0000000000
0000000000
0000000000
0000000000
0000100000
,
0000000000
0000000000
0000100000
0000000000
0000000000
0000100000
0000000000
0000000000
0000010000
0000000000
0000000000
0010000000
0000000000
0000000000
0000000000
0000100000
,
0000000000
0000000000
0000100000
0000000000
0000000000
0000100000
0000000000
0000000000
1000000000
0000000000
0000000000
0001000000
0100000000
0001000000
0100000000
0000100000
,
0000000000
0000100000
0000000000
0010000000
0000000000
0100000000
0010000000
0000000000
0000100000
0010000000
0000000000
0100100000
0000000000
0000000000
0000000000
0010000000
,
0000000000
0010000000
0000000000
0001000000
0000000000
0010000000
0000100000
0000000000
0001000000
0000001000
0000000000
0000101000
0000000000
0000000000
0000000000
0000010000
,
0000000000
0000010000
0000000000
0000000000
0000000000
0000000000
0000000000
0000000001
0000000000
0000000001
0000000000
0000000000
0000000000
0000000000
0000000000
0000001000
,
0000000000
0000001000
0000000000
0000000010
0000000000
0000000010
0000000000
0000010000
0000001000
0001000000
0000100000
0010000000
0001000000
0100000000
0010000000
1000000000
,
0000000000
0010000000
0000000000
1000000000
0000000000
0001000000
0010000000
0000000000
0010000000
0001000000
0000000000
0000100000
0000000000
0000010000
0000000000
0000001000
,
0000000000
0000000100
0000000000
0000001000
0000000000
0000000001
0000000100
0000000000
0000000100
0000000001
0000000000
0000000100
0000000000
0000010000
0000000000
0000100000
,
0000000000
0001000000
0000000000
0100000000
0000000000
0000100000
0010000000
0000000000
0010000000
0000100000
0000000000
0010000000
0000000000
0001000000
0000000000
0000100000
,
0000000000
0000001000
0000000000
0000010000
0000000000
0000000100
0000001000
0000000000
0000001000
0000000100
0000000000
0000001000
0000010000
0000100000
0001000000
0100000000
,
0000000000
0010000000
0000000000
0100000000
0000000000
0000100000
0010000000
0000000000
0010000000
0000100000
0000000000
0001000000
0000000000
0000001000
0000000000
0000010000
,
0000000000
0000000100
0000000000
0000001000
0000000000
0000000010
0000000100
0000000000
0000000100
0000000010
0000000000
0000001000
0000000000
0000010000
0000000000
0010000000
,
0000000000
0000000100
0000000000
0000100000
0000000000
0000010000
0000000000
0000000000
0000010000
0000100000
0000000100
0000010000
0000001000
0000000100
0000000010
0000001000
,
0000010000
0000000100
0000000001
0000001000
0000000010
0000010000
0000000100
0000000000
0000000000
0000000000
0000000000
0000000100
0000010000
0000000100
0000010000
0000001000
,
0000000000
0001000000
0000000000
0000100000
0000000000
0010000000
0001000000
0000000000
0001000000
0010000000
0000000000
0000100000
0000000000
0001000000
0000000000
0000001000
,
0000000000
0000010000
0000000000
0000001000
0000000000
0001000000
0000010000
0000000000
0000010000
0001000000
0000000000
0000100000
0000000000
1000000000
0000000000
0001000000
,
0000000000
0100000000
0000000000
0000000000
0000000000
0000000000
0000000000
0100000000
0000000000
0001000000
0000000000
0000000000
0000000000
0000000000
0000000000
0100000000
,
0001000000
0100000000
0001000000
0010000000
0000100000
0010000000
0000100000
0001000000
0000001000
0001000000
0000001000
0000100000
0000010000
0000001000
0000000100
0000010000
,
0000001000
0001000000
0000100000
0010000000
0001000000
0000010000
0000001000
0001000000
0000100000
0010000000
0001000000
0000010000
0000001000
0001000000
0000100000
0010000000
,
0001000000
0100000000
0010000000
1000000000
0100000000
0010000000
0001000000
0100000000
0010000000
0001000000
0000100000
0010000000
0001000000
0000100000
0000010000
0001000000
,
0000100000
0000001000
0000010000
0000000100
0000000001
0000000010
0000000100
0000010000
0000001000
0001000000
0000100000
0010000000
0001000000
0100000000
0010000000
1000000000
,
0100000000
0010000000
0001000000
0000100000
0000010000
0000001000
0000100000
0001000000
0000001000
0000010000
0000000100
0000001000
0000000010
0000000100
0000000001
0000001000
,
0000000100
0000010000
0000001000
0000100000
0001000000
0010000000
0000100000
0100000000
0010000000
1000000000
0001000000
0010000000
0000100000
0001000000
0000001000
0000010000
,
0000000100
0000001000
0000010000
0001000000
0000100000
0010000000
0001000000
0100000000
0010000000
1000000000
0000100000
0010000000
0001000000
0000100000
0000010000
0000001000
,
0000000100
0000010000
0000001000
0001000000
0000100000
0010000000
0001000000
0000010000
0000001000
0001000000
0000100000
0010000000
0001000000
0100000000
0010000000
0100000000
,
0001000000
0000000000
0010000000
0000000000
0000100000
0001000000
0000010000
0000001000
0000000100
0000000010
0000000001
0000000010
0000000000
0000000000
0000000000
0000000000
0000000000
0000000000
0000000000
0000000000
0000000000
0000000000
0000000000
0000000000
0000000000
0000000000
0000000000
0000000000
0000000000
0000000000
0000002000
0000000000
,
0000000000
0000000000
0000000000
0000000000
0000000000
0000000000
0000000000
0000000000
0000003000
0000100000
0000001000
0000100000
0000000000
0000000000
0000000000
0000001000
,
0000100000
0000010000
0001000000
0000100000
0100000000
0001000000
1000000000
0010000000
0100000000
0001000000
0000100000
0000010000
0000001000
0000000100
0000010000
0000000010
,
0000000100
0000001000
0000010000
0000000100
0000001000
0000010000
0000100000
0001000000
0000010000
0000001000
0001000000
0000100000
0010000000
0001000000
0100000000
0000100000
,
0001000000
0010000000
0100000000
0001000000
0010000000
0100000000
1000000000
0010000000
0000100000
0000010000
0000001000
0000000100
0000010000
0000000001
0000000100
0000000001
,
0000000010
0000000100
0000001000
0000010000
0000100000
0001000000
0000010000
0000001000
0001000000
0000100000
0000001000
0000010000
0000000100
0000000001
0000000010
0000000100
,
0000010000
0000001000
0001000000
0000100000
0010000000
0001000000
0100000000
0000100000
0010000000
0001000000
0000100000
0000001000
0000010000
0000000100
0000001000
0000000010
,
0000000100
0000001000
0000000100
0000000010
0000000000
0000001010
0000000000
0000000010
0000000100
0000000010
0000000000
0000001000
0000000100
0000001000
0000000000
0000000001
,
0000000100
0000000001
0000000000
0000010000
0000000100
0000010000
0000000000
0000000010
0000000100
0000001000
0000010000
0000000100
0000001000
0000010000
0000100000
0001000000
,
0000000000
0010000000
0000000000
0000100000
0000000000
0000100000
0010000000
0000000000
0010000000
0001000000
0000000000
1001000000
0000000000
0000000000
0000000000
0001000000
,
0000000000
0000100000
0000000000
0000010000
0000000000
0000001000
0000000100
0000000000
0000000100
0000010000
0000000000
0000000001
0000000010
0000000100
0000001000
0000000100
,
0000000000
0000001000
0000000000
0000010000
0000000000
0000010000
0000100000
0000000000
0000100000
0010000000
0000000000
1000000000
0100000000
0010000000
0001000000
0000200000
,
0000000000
0000000000
0000000000
0000000000
0000000000
0000000000
0000000000
0000000000
0000000000
0000000000
0000000000
0000000000
0000000000
0000300000
0000000000
0000000000