0000000000
0000000000
0000000000
0000000000
,
0000000000
0000000000
0000000000
0000000000
,
0000000000
0000000000
0000000000
0000000000
0000000000
0000000000
0000000000
0000000000
0000000000
0000000000
0000000000
0000000000
0000000000
0000000000
0000000000
1000000000
,
0000000000
1000000000
0000000000
0010000000
0000000000
0000000000
0100000000
0000000000
0001000000
0010000000
0000000000
0100100000
0000000000
0000000000
0000000000
0000100000
,
0000000000
0000100000
0000000000
0010000000
0000000000
0000000000
0001000000
0000000000
0100000000
0010000000
0000000000
1001000000
0000000000
0000000000
0000000000
1000000000
,
0000000000
1000000000
0000000000
0010000000
0000000000
0000000000
0000100000
0000000000
0000010000
0001000000
0000000000
0001010000
0000000000
0000000000
0000000000
0000010000
,
0000000000
0000010000
0000000000
0001000000
0000000000
0000000000
0000100000
0000000000
0010000000
0001000000
0000000000
1001000000
0000000000
0000000000
0000000000
1000000000
,
0000000000
1000000000
0000000000
0010000000
0000000000
0000000000
0001000000
0000000000
0000100000
0010000000
0000000000
0001000000
0010000000
0001000000
0000000000
0000100000
,
0000000000
0000100000
0000000000
0000010000
0000000000
0000000000
0000001000
0000000000
0000100000
0001000000
0000000000
0000001000
0000100000
0000001000
0000000000
0001000000
,
0000000000
0001000000
0000000000
0000100000
0000000000
0000000000
0001000000
0000000000
0000001000
0000010000
0000000000
0000001000
0000100000
0000001000
0000100000
0000010000
,
0001000000
0000010000
0000000000
0000100000
0000001000
0000100000
0000000000
0000001000
0000100000
0000010000
0001000000
0000100000
0001000000
0000010000
0000000000
0000100000
,
0000001000
0001000000
0000010000
0000001000
0000010000
0001000000
0000001000
0000100000
0001000000
0010000000
0000100000
0001000000
0000010000
0000100000
0001000000
0010000000
,
0000100000
0001000000
0000001000
0000100000
0001000000
0010000000
0000100000
1000000000
0010000000
0100000000
0000100000
0010000000
0001000000
0000100000
0000001000
0001000000
,
0000100000
0010000000
0001000000
0000100000
0000010000
0001000000
0000100000
0010000000
0001000000
0000100000
0000001000
0001000000
0000100000
0010000000
0000010000
0010010000
,
0000000000
0000000000
0000000000
0000000000
0000000000
0000000000
0000000000
0000000000
0000000000
0000000000
0000000000
0000000000
0000000000
0000000000
0000000000
0000010000
,
0001000000
0000010000
0001000000
0000000000
0000100000
0000000000
0010000000
0000000000
0001000000
0010000000
0001000000
1000000000
0010000000
1000000000
0001000000
0010000000
,
0000100000
0010000000
0000100000
0000000000
0010000000
0000000000
0000100000
0000000000
0001000000
0000100000
0001000000
0000010000
0001000000
0000100000
0001000000
0000010000
,
0000000000
0000000000
0000010000
0000000000
0000100000
0000010000
0001000000
0000000000
0000100000
0010000000
0000100000
0100000000
0010000000
0100000000
0000100000
0010000000
,
0001000000
0010000000
0001000000
0000000000
0010000000
0000000000
0001000000
0000100000
0000010000
0000000000
0000010000
0000100000
0001000000
0010000000
0100000000
1000000000
,
0000000000
0000000000
1000000000
0000000000
0000000000
1000000000
0000000000
0000000000
0000000000
0000100000
0000000000
0010000000
0000000000
0000000000
0000000000
0001000000
,
0000000000
0010000000
0000000000
0000100000
0000000000
1000000000
0000000000
0010000000
0100000000
0001000000
0000000000
1001000000
0000000000
0000000000
0000000000
0000100000
,
0000000000
0000100000
0000000000
0000000000
0000000000
0010000000
0000000000
0000010000
0000000000
0000010000
0000000000
0000000000
0000000000
0000000000
0000000000
0001000000
,
0000000000
0000010000
0000000000
0001000000
0000000000
0000010000
0000000000
0001000000
0000100000
0010000000
0001000000
0000100000
0000010000
0000001000
0000100000
0001000000
,
0000000000
0000010000
0000000000
0000100000
0000000000
0001000000
0010000000
0000000000
0010000000
0000100000
0000000000
0001000000
0000000000
0000010000
0000000000
0010000000
,
0000000000
0001000000
0000000000
0100000000
0000000000
0010000000
1000000000
0000000000
1000000000
0000100000
0000000000
0100000000
0000000000
0001000000
0000000000
0010000000
,
0000000000
0001000000
0000000000
0000100000
0000000000
0000000000
0000000000
0000010000
0000001000
0000010000
0000000000
0001000000
0000000000
0010000000
0000000000
0100000000
,
0000000000
0001000000
0000000000
0010000000
0000000000
0000100000
0010000000
0000000000
0010000000
0001000000
0000000000
0100000000
0001000000
1000000000
0010000000
0000100000
,
0000000000
0001000000
0000000000
0010000000
0000000000
0001000000
0100000000
0000000000
0100000000
0000100000
0000000000
0010000000
0000000000
1000000000
0000000000
0100000000
,
0000000000
0001000000
0000000000
0000100000
0000000000
0000010000
0001000000
0000000000
0001000000
0000100000
0000000000
0000001000
0000010000
0000100000
0000000000
0000001000
,
0000000000
0000101000
0000000000
0001000000
0000000000
0000100000
0000000000
0000000000
0001000000
0000100000
0001000000
0000001000
0000010000
0001000000
0000100000
0001000000
,
0000010000
0000001000
0001000000
0000100000
0001000000
0000001000
0000010000
0000001000
0000000000
0001000000
0000000000
0000100000
1000000000
0001000000
0010000000
0100000000
,
0000000000
1000000000
0000000000
0010000000
0000000000
0001000000
0000100000
0000000000
0000100000
0010000000
0000000000
0000010000
0000000000
0000010000
0000000000
0001000000
,
0000000000
0000100000
0000000000
0010000000
0000000000
0001000000
0000000000
0000100000
0000010000
0000001000
0000000000
0000100000
0000000000
0001000000
0000000000
0000010000
,
0000000000
0010000000
0000000000
0000000000
0000000000
0000000000
0000000000
0010000000
0000000000
0000001000
0000000000
0000000000
0000000000
0000000000
0000000000
0000100000
,
0000010000
0000100000
0000010000
0001000000
0000100000
0001000000
0000100000
0010000000
0001000000
0100000000
0010000000
1000000000
0000100000
0010000000
0001000000
1000000000
,
0100000000
0010000000
0001000000
0100000000
0010000000
0001000000
0000100000
0010000000
0001000000
0000100000
0000010000
0000001000
0000100000
0001000000
0000010000
0000100000
,
0001000000
0010000000
0000100000
0001000000
0000010000
0000100000
0000001000
0000010000
0001000000
0000100000
0000010000
0001000000
0000100000
0010000000
0001000000
0000100000
,
0000010000
0001000000
0000001000
0000100000
0001000000
0010000000
0000100000
0000001000
0000010000
0010000000
0001000000
0010000000
0000100000
0000001000
0000010000
0010000000
,
0001000000
0010000000
0000100000
0000001000
0000010000
0010000000
0001000000
0010000000
0000100000
0000001000
0000010000
0010000000
0000100000
0010000000
0001000000
0000010000
,
0000001000
0010000000
0000100000
0010000000
0001000000
0000010000
0000001000
0001000000
0000100000
0010000000
0001000000
0100000000
0010000000
1000000000
0100000000
0010000000
,
0001000000
0000100000
0000010000
0000001000
0000100000
0001000000
0010000000
0100000000
1000000000
0010000000
0000100000
0001000000
0000001000
0000010000
0001000000
0000100000
,
0010000000
1000000000
0100000000
0010000000
0001000000
0000100000
0000010000
0000001000
0000100000
0001000000
0010000000
0100000000
1000000000
0010000000
0000100000
0001000000
,
0010000000
0000000000
0100000000
0000000000
0001000000
0010000000
0000100000
0001000000
0000010000
0000100000
0000001000
0000010000
0000000000
0000000000
0000000000
0000000000
0000000000
0000000000
0000000000
0000000000
0000000000
0000000000
0000000000
0000000000
0000000000
0000000000
0000000000
0000000000
0000000000
0000000000
0000002000
0000000000
,
0000000000
0000000000
0000000000
0000000000
0000000000
0000000000
0000000000
0000000000
0000000000
0000000000
0000000000
0000000000
0000000000
0000000000
0000000000
0000000000
0000003000
0000000000
0000100000
0001000000
0010000000
0100000000
1000000000
0000000000
0000000000
0000000000
0000000000
0000000000
0000000000
0000000000
0001000000
0000000000
,
0000000000
0010000000
0000000000
0101000000
0000000000
0001000000
0000000000
1000000000
0000000000
0010000000
0000000000
1000100000
0000000000
0000100000
0000000000
0001000000
,
0000000000
0000100000
0000000000
0000011000
0000000000
0000010000
0000000000
0000100000
0000000000
0001000000
0000000000
0001100000
0000000000
0000100000
0000000000
0000010000
,
0000000000
0000001000
0000000000
0000100000
0000000000
0001000000
0000000000
0000001000
0000000000
0000010000
0000000000
0001000000
0000000000
0010000000
0000000000
0000100000
,
0010000000
0000100000
0000000000
1000000000
0010000000
1000000000
0000000000
0001000000
0010000000
0001000000
0100000000
0010000000
0100000000
0001000000
0000000000
0000100000
,
0000000000
0000010000
0000000000
0001010000
0000000000
0000000000
0000000000
0000010000
0000000000
0000100000
0000000000
0000101000
0000000000
0000000000
0000000000
0000100000
,
0000000000
0001000000
0010000000
0000100000
0000000000
0001000000
0000000000
0010000000
0100000000
0010000000
0000000000
1000000000
0010000000
1000000000
0000000000
0001000000
,
0000000000
0010000000
0000100000
0000000000
0100000000
0010000000
0100000000
0000100000
0100000000
0000100000
0010000000
0000100000
0001000000
0000010000
0000100000
0000001000
,
0000000000
0001000000
0000000000
0010000000
0000000000
0100000000
0001000000
0010000000
0000100000
1000000000
0010000000
0100100000
0000000000
0000000000
0000000000
0001000000
,
0000000000
0010000000
0000100000
0001000000
0000010000
0000100000
0000001000
0000010000
0000001000
0001000000
0000100000
0010000000
0001000000
0100000000
0000000000
1000100000
,
0000000000
0000000000
1000000000
0000000000
0000000000
0000000000
0100000000
0000000000
0000000000
0000000000
0010000000
0000000000
0001000000
0000000000
0000100000
0000000000
0000010000
0000000000
0001000000
0000000000
0000100000
0000000000
0000001000
0000010000
0000001000
0000010000
0000100000
0001000000
0010000000
0100000000
1000000000
0000000000