00000
00000
00000
00000
,
00000
00000
00000
00000
,
00000
00000
00000
00000
,
00000
00000
00000
00000
,
01000
00100
00010
00100
10000
00001
10000
00000
,
10000
00000
00100
00000
00000
00001
00100
00000
,
00010
00100
01000
00100
00001
10000
00001
00000
,
00001
00000
00100
00000
00000
10000
00100
00000
,
01000
01000
00100
00010
00100
00100
10001
00000
,
01100
00000
00110
00000
00000
00010
01000
00000
,
00010
00010
00100
01000
00100
00000
10001
00000
,
00110
00000
01100
00000
00000
01000
00010
00000
,
01000
00100
00001
00100
01000
01000
01001
00000
,
00010
00100
10000
00100
00010
00010
10010
00000
,
10001
10000
10001
00001
10001
00100
01010
00000
,
00100
00100
01000
00000
00010
00000
00100
00000
,
00101
00001
10100
10000
00001
00001
10000
00000
,
01000
01100
00100
00101
,
10000
00100
00001
00000
10000
00100
00001
00000
,
01000
00100
00010
00100
00001
10000
10001
00000
,
10001
00000
00100
00000
00100
01010
00000
00000
,
01000
00000
00001
00000
00100
01001
00000
00000
,
00010
00000
10000
00000
00100
10010
00000
00000
,
01010
01010
00100
00000
10001
00000
10001
00000
,
01010
00000
00100
00000
00100
10001
00000
00000
,
10001
00000
00100
00000
00100
01010
00000
00000
,
00010
00000
00100
00000
00100
10001
00000
00000
,
01000
00000
00100
00000
00100
10001
00000
00000
,
01000
00010
01000
00010
00100
00100
10001
00000
,
10100
00000
00101
00000
00000
00100
00100
00000
,
00010
01000
00010
01000
00100
00100
10001
00000
,
01000
00100
00010
00100
00001
10000
10001
00000
,
00010
01000
00110
01100
,
02020
03030
00000
00000
,
10001
00000
00100
00000
20001
30000
00002
10003
,
00100
00000
01010
00000
01001
00000
00000
00100
,
10010
01010
00100
00100
,
01000
00010
00100
00001
00100
01000
00100
10000
,
10001
00000
00100
00000
10000
00001
10001
00000
,
01010
00000
00100
00000
01001
00100
10010
00000
,
01000
00000
00110
00000
00010
00010
01000
00000
,
00010
00000
01100
00000
01000
01000
00010
00000
,
00200
00000
00300
00000
00100
00100
01001
00100
,
10010
00100
00100
00000
02000
00000
03010
00000
,
00020
00000
01030
00000
01000
10000
00010
00001
,
00100
00100
00000
00000
10000
00000
00001
00000
,
10000
00000
00001
00000
00010
00001
01000
10000
,
00100
00100
10001
00000
00100
00000
10001
00000
,
00100
01010
00000
00000
01010
00001
01010
10000
,
00100
00100
00000
00000
20002
30003
00000
00000
,
00100
10001
00000
00000
01000
01000
00010
00010
,
10000
00001
10001
00000
00210
00000
01000
00000
,
00010
00000
01300
00000
01000
00100
00010
00100
,
00001
10000
10001
00000
00000
00000
00000
00000