// measure 0
00000
00000
00000
00000
,  // measure 1
00000
00000
00000
00000
,  // measure 2
00000
00000
00000
00000
,  // measure 3
00000
00000
00000
00000
00100
00000
00000
00000
10000
00100
10000
00010
01000
00100
01000
00001
,  // measure 4
10000
00000
00100
00000
10000
00000
00100
00000
10000
00100
10000
00000
10100
00000
00000
00000
,  // measure 5
00001
00000
00100
00000
00001
00000
00100
00000
00001
00100
00001
00000
00101
00000
00000
00000
,  // measure 6
01000
00000
00100
00000
01000
00000
00100
00000
01000
00100
01000
00000
01100
00000
00000
00000
,  // measure 7
00010
00000
00100
00000
00010
00000
00100
00000
00010
00100
00010
00000
00110
00000
00000
00000
,  // measure 8
10000
00000
00010
00000
01000
00000
00001
00000
00100
00010
01000
00000
01010
00000
00000
00000
,  // measure 9
00001
00000
01000
00000
00010
00000
10000
00000
00100
01000
00010
00000
01010
00000
00000
00000
,  // measure 10
01000
00000
10000
00000
00010
00000
00001
00000
01000
00100
01000
00000
11000
00000
00000
00000
,  // measure 11
00010
00000
00001
00000
01000
00000
10000
00000
00010
00100
00010
00000
00011
00000
00000
00000
,  // measure 12
10000
00000
00100
01000
00100
00000
10000
00000
00000
00000
00100
00000
01010
00000
00000
00000
,  // measure 13
00001
00000
00100
00010
00100
00000
00001
00000
00000
00000
00100
00000
10001
00000
00000
00000
,  // measure 14
01000
00000
00010
01000
00010
00000
01000
00000
00000
00000
00100
00000
10010
00000
00000
00000
,  // measure 15
10000
00000
00001
10000
00001
00000
10000
00000
00000
00000
00100
00000
01010
00000
00000
00000
,  // measure 16
10000
00000
00001
00000
10000
00000
00000
00000
00010
00100
00010
00000
00000
01000
00100
00000
,  // measure 17
00001
00000
10000
00000
00001
00000
00000
00000
01000
00100
01000
00000
00000
00010
00100
00000
,  // measure 18
00010
00000
10000
00000
00010
00000
00000
00000
10000
00100
10000
00000
00000
00100
10001
00000
,  // measure 19
00010
01000
00010
01000
10001
00000
01110
00000
,  // measure 20
01000
00010
00100
00010
01000
00100
01000
00001
10000
00100
10000
00010
01000
10000
01000
00100
,  // measure 21
01000
00010
00100
00010
00001
00010
01000
00000
01000
00000
00010
00000
00000
00000
00000
00000
,  // measure 22
01000
00010
01000
10000
01000
00010
00001
00010
00100
00010
01000
00100
01000
00100
10000
00100
,  // measure 23
10000
00001
00100
00001
00100
00010
01000
00000
00001
00000
10000
00000
00000
00000
00000
00000
,  // measure 24
10000
00100
10000
00000
00001
00100
00001
00000
10000
00000
00001
00000
00000
00000
00000
00000
,  // measure 25
01000
00100
01000
00000
00100
01000
00100
00000
01000
00000
00010
00000
00000
00000
00000
00000
,  // measure 26
01000
00100
01000
00010
00100
00010
01000
00000
00010
00000
10001
00000
00000
00000
00000
00000
,  // measure 27
10000
00100
00001
00100
10000
00100
00001
00000
10000
00000
10010
00000
00000
00000
00000
00000
,  // measure 28
01001
00100
10010
00100
01010
00100
10001
00000
,  // measure 29
00100
00000
00000
00000
01000
00000
00010
00000
01000
00000
00000
00000
00001
00000
00000
00000
01000
00000
00000
00000
00000
00000
00100
00000
00000
00000
00000
00010
00000
00000
00000
00000
,  // measure 30
10000
00000
00000
00000
00001
00000
00100
00000
00001
00000
00000
00000
01000
00000
00000
00000
00001
00000
00000
00000
00000
00000
00000
00001
00000
00000
00000
00000
10010
00000
00000
00000
,  // measure 31
00100
11000
00100
00011
00100
00000
01110
00000
,  // measure 32
10000
00000
00000
00001
00100
00000
00010
00000
00001
00000
00100
00000
01010
00000
00000
00000
,  // measure 33
01000
00010
01000
00000
00010
01000
00010
00000
01000
00100
01000
00000
00010
00000
01000
00000
,  // measure 34
00010
00000
00000
00000
10000
00000
00000
00000
00100
10000
00100
00000
01000
00000
00001
00000
,  // measure 35
10000
00000
00000
00000
00010
00000
00000
00000
01000
00000
00000
00001
00000
00000
10010
00000
,  // measure 36
01000
00000
00000
00000
00010
00000
00000
00000
00100
00001
00100
00000
00001
00000
10000
00000
,  // measure 37
01000
00100
10000
00100
01000
00010
00100
00001
00100
00010
10000
00010
10000
00001
01000
00010
,  // measure 38
10000
00000
00000
00000
00001
00000
00000
00000
00100
01000
00100
00000
01000
00000
00001
00000
,  // measure 39
01000
00000
00010
00000
01000
00001
10000
00010
,  // measure 40
10000
00000
00000
00000
00010
00000
00000
00000
00100
00010
00100
00000
00010
00000
10000
00000
,  // measure 41
00010
00100
00010
01000
00010
10000
00001
00100
00001
01000
00010
10000
00010
10000
00100
01000
,  // measure 42
00002
00000
00000
00000
00000
00000
00003
00000
10000
00000
00010
00100
00000
00010
00100
00000
,  // measure 43
00010
00100
00010
00000
00000
00000
00000
00000
00010
00000
00010
00000
01000
00000
00010
00000
,  // measure 44
01000
00100
01000
00000
00000
00000
00000
00000
01000
00000
00010
00100
00000
00001
00100
00000
,  // measure 45
01000
00100
01000
00000
00000
00000
00000
00000
10000
00000
00010
00000
01000
00000
00010
00000
,  // measure 46
10000
00100
01000
00000
00000
00000
00000
00000
01000
00100
10000
00001
00100
00010
01000
00100
,  // measure 47
01000
00000
00010
00000
00000
00000
00000
00000
00010
00100
00001
10000
00100
01000
00010
00100
,  // measure 48
00010
00000
01000
00000
00000
00000
00000
00000
10000
00100
10000
00100
10000
00010
00100
00010
,  // measure 49
00100
00000
00010
00000
00000
00000
00000
00000
01000
00100
01000
00100
01000
00001
00100
00001
,  // measure 50
00100
00000
00001
00000
00000
00000
00000
00000
00001
00100
00001
10000
00100
10000
00010
01000
,  // measure 51
00100
10000
01000
10000
00001
00010
00001
10000
01000
10000
00100
01000
00010
00100
00001
01000
,  // measure 52
00100
00001
00010
00100
10000
01000
00100
01000
00010
00000
01000
00000
00001
00000
10000
00000
,  // measure 53
10110
01101
00000
00000