00000
00000
00000
00000
,
00000
00000
00000
00000
,
00000
00000
00000
00000
,
00000
00000
00000
00000
01010
00000
00001
01000
00010
00100
00001
01000
00100
10000
00100
01000
,
00010
00100
00010
00000
01000
00000
00001
00100
00001
00000
10000
00100
10000
00010
00100
00000
,
01000
00100
01000
00010
00100
00000
00001
00100
00010
01000
00100
00000
10000
00010
00100
00001
,
01000
00100
01000
00000
00010
00000
10000
00100
10000
00000
00001
00100
00001
01000
00100
00000
,
00010
00100
00010
01000
00100
00000
10000
00100
01000
00010
00100
00010
00001
00010
00100
01000
,
00010
00000
01000
00100
01000
00000
00010
00100
00001
10000
00100
01000
00010
00000
01000
00010
,
00100
00000
00001
01000
00100
00000
10000
00010
00100
00001
01000
00100
01000
00000
00010
00100
,
00001
00000
10000
00100
01000
00001
00100
00010
10000
00100
01000
00010
00100
00000
00001
01000
,
00100
00000
10000
00000
00010
00000
00100
00000
00001
00100
00001
00100
00010
01000
00100
10000
,
00001
00000
10000
00100
10000
00000
00001
00000
01000
00100
01000
00000
00110
00000
01000
00100
,
10000
00000
00010
00100
00001
00000
10000
00010
01000
00100
10000
00001
01000
00100
01000
00000
,
00001
00000
10000
00100
10000
00000
00001
00000
01000
00100
01000
00000
00110
00000
01000
00100
,
10000
00000
00010
00100
00001
00000
10000
00010
01000
00100
10000
00001
01000
00100
01000
00010
,
10000
00000
00100
00000
10000
00000
00001
00000
01000
00100
01000
00000
00110
00000
00010
00100
,
00001
00000
00001
00000
10000
00000
10000
00000
00010
01000
00100
10000
00100
00000
10010
00000
,
00100
00000
01001
00000
00100
00000
10010
00000
00010
01000
00001
10000
00100
00000
01000
00001
,
00100
00010
01000
00001
10000
00100
10101
00000
,
01000
00100
10000
00010
00100
00001
00100
00010
01000
00100
10000
00001
00010
00100
01000
10000
,
00100
00001
00010
00100
01000
00010
00100
00010
10000
00001
00100
00010
01000
00100
01000
00010
,
10000
00010
10000
00010
01000
00001
01000
00001
00100
00001
01000
00100
01000
00010
10000
00100
,
10000
00010
00100
00010
01000
00001
00010
00100
01000
00010
00100
00000
01010
00000
00001
10000
,
00100
00000
10000
00000
00001
00000
00100
00000
00001
00100
00001
00000
10100
00000
00010
00100
,
00010
00000
01000
00000
00010
00000
01000
00000
00010
00100
00010
00000
01100
00000
00001
00100
,
00001
00000
10000
00000
00001
00000
00100
00000
00010
00100
00010
01000
00100
00000
01010
00000
,
00100
00000
00001
00000
10000
00000
00010
00000
10000
00100
10000
00010
00100
00001
01000
00100
,
01000
00010
01110
00000
00000
10001
10101
00000
,
00010
10000
10110
00000
00000
10010
01101
00000
,
00001
10000
00100
00000
00000
00100
01010
00000
,
01110
00000
00010
01000
00100
00000
01000
00010
00100
00001
01000
00100
10000
01000
00100
00010
,
01000
00000
00010
00000
00200
00000
00000
00000
00000
00300
00000
00000
02020
00000
00000
00000
,
03130
00000
00100
00000
00001
01000
00010
10000
,
00100
00000
00000
00000
10010
00000
00000
00000
00010
10000
00100
00000
01000
00000
00001
00000
,
00100
00000
00001
00000
01000
00000
00000
00000
00010
00000
00000
00010
00000
00000
01000
00000
,
00100
00000
10000
00100
10000
00000
00001
00000
01000
00100
01000
00000
00010
00000
00100
00000
,
00001
00100
00010
01000
00100
10000
00010
00100
00001
01000
00001
00100
00001
00010
00100
01000
,
00010
00000
00100
00000
00010
00000
01000
00100
01000
00000
00010
00000
00100
00000
00100
00000
,
00001
00100
00001
01000
00100
01000
00010
00100
00010
00000
01000
00000
00002
00000
20000
00000
,
30103
00000
00100
00000
00001
00000
00000
00000
10000
00010
00100
00000
00001
01000
00100
00000
,
10000
01000
00100
00010
00001
00010
00100
01000
00100
10000
00010
00100
00001
01000
00100
02000
,
00020
00000
00000
00000
00000
03030
00000
00000
10000
00100
10000
00000
00001
00000
01000
00100
,
01000
00000
00010
00100
00010
10000
00100
00000
00001
00100
00001
10000
00100
00000
01000
00100
,
10000
00001
00100
00000
00010
10000
00100
01000
00001
00100
00001
00000
10000
00000
00010
00100
,
00010
00000
01000
00100
01000
00001
00100
00000
10000
00100
10000
00001
00100
00000
00010
00100
,
00001
10000
00100
10000
01000
10000
00100
00001
10000
00000
00001
00100
00001
00000
10000
00100
,
01000
00010
00100
00001
10000
00000
00001
10000
00100
00000
01000
00001
00100
00000
00010
10000
,
00100
01000
00001
00100
00001
00000
10000
00100
01000
00000
00010
00100
00001
01000
00100
10000
,
00010
00100
00001
10000
00100
00000
01000
00001
00100
00000
00010
00000
10000
00000
00100
00000
,
01000
00100
01000
00100
10000
00001
00100
00010
01000
10000
00010
00001
00010
00100
01000
00001
,
00010
00100
01000
10000
00100
00001
00010
00100
01000
00010
10000
00100
01000
01000
00010
10000
,
00001
00100
00010
01000
00001
00100
00001
01000
00010
00000
01000
00100
01000
00000
10000
00000
,
00001
00100
00001
00000
10101
00000
00000
00000
00000
00000
00000
00000
00000
00000
00000
00000