00000
00000
00000
00000
,
00000
00000
00000
00000
,
00000
00000
00000
00000
,
00000
00000
00000
00000
20002
00003
00000
00000
30010
00100
00010
00001
00010
00100
01000
10000
,
00110
00000
01000
00010
00100
00001
00010
00000
00001
01000
00100
10000
00010
00100
00001
00010
,
00100
00000
00010
00000
00001
00000
01000
00000
00200
00000
00300
00000
00000
00000
00000
00000
10000
00000
00010
00100
00010
00000
01000
00000
00100
00000
10000
00000
01000
00000
00100
00000
,
00010
00000
10000
00100
01000
00001
00100
00000
00010
00001
00100
00000
01110
00000
00000
00000
,
01010
00000
00000
00000
01010
00000
00000
00000
01010
00000
00000
00000
00010
01000
00100
00000
10000
00000
01000
00000
00100
00000
01000
00000
10000
00000
00100
00000
00001
00000
00010
00000
,
01100
00000
00010
01000
00100
10000
01000
00000
10000
00010
00100
00001
01000
00100
10000
01000
,
00100
00000
01000
00000
10000
00000
00010
00000
00200
00000
00300
00000
00000
00000
00000
00000
00001
00000
01000
00100
01000
00000
00010
00000
00100
00000
00001
00000
00010
00000
00100
00000
,
01000
00000
00001
00100
00010
10000
00100
00000
01000
10000
00100
00000
01110
00000
00000
00000
,
01010
00000
00000
00000
01010
00000
00000
00000
01010
00000
00000
00000
01000
00010
00100
00000
00001
00000
00010
00000
00100
00000
00010
00000
00001
00000
00100
00000
10000
00000
01000
00000
,
00010
00000
10000
00010
02100
00000
10100
00000
00000
10100
03000
00000
01110
00000
00000
00000
,
01000
00000
00001
01000
00120
00000
00101
00000
00000
00101
00030
00000
01110
00000
00000
00000
,
10000
00000
00010
10000
00102
00000
00110
00000
00000
00110
00003
00000
10101
00000
00000
00000
,
00001
00000
01000
00001
00110
00000
00001
00100
00010
01000
00010
00100
00001
10000
00100
01000
,
00010
00100
00001
00010
00001
00100
00010
00001
00010
00100
00001
00010
10000
01000
00100
00000
,
10000
00000
00100
00000
00010
00000
00001
00000
02000
00000
00000
00000
03001
00000
00010
00000
00100
00000
10000
00000
00100
00000
01000
00000
00001
00000
10000
00100
01000
00000
00010
00000
,
10000
00100
01000
10000
01000
00100
10000
01000
00100
01000
10000
00100
01000
00001
00100
00000
,
00000
00000
00000
00000
,
00000
00000
00000
00000
,
00000
00000
00000
00000
00000
00000
00000
00000
00000
00000
00000
00000
00000
00000
00000
00000
00000
00000
00000
00000
00000
00000
00000
00000
00000
00000
00000
00000
00000
00000
00000
00000
00000
00000
00000
00000
00000
00000
00000
00000
00000
00000
00000
00000
00000
00000
00000
00000
00000
00000
00000
00000
00000
00000
00000
00000
00000
00000
00000
00000
00000
00000
00000
00000
00000
00000
00000
00000
00000
00000
00000
00000
00000
00000
00000
00000
00000
00000
00000
00000
00000
00000
00000
00000
00000
00000
00000
00000
00000
00000
00000
00000
00000
00000
00000
00000
00000
00000
00000
00000
00000
00000
00000
00000
00000
00000
00000
00000
00000
00000
00000
00000
00000
00000
00000
00000
00000
00000
00000
00000
00000
00000
00000
00000
00000
00000
00000
00000
00000
00000
00000
00000
00000
00000
00000
00000
00000
00000
00000
00000
00000
00000
00000
01110
00000
00000
00000
00000
00000
00000
00000
00000
00000
00000
00000
00000
00000
00000
00000
00000
00000
00000
00000
00000
00000
00000
00000
00000
00000
00000
00000
00000
00000
00000
00000
00000
00000
00000
00000
00000
00000
00000
00000
00000
00000
00000
00000
00000
00000
00000
00000
00000
,
00000
00000
00000
00000
00000
00000
00000
00000
10001
00000
00100
01000
00100
10000
01000
00100
,
01000
10000
00002
00000
00003
00000
01000
00100
10000
00010
00100
01000
00100
00010
10000
00100
,
01000
00001
02000
00000
03000
00000
00010
00100
00001
00010
00001
00100
00010
00001
00010
00100
,
00001
00000
00100
00000
00020
00000
00000
00000
00030
00000
00000
00000
10000
00000
00100
00000
01000
00000
00100
00000
01000
00000
00010
00000
10000
00000
00100
00000
10000
00000
00100
01000
,
00010
00100
00001
10000
00100
00000
01000
00000
01010
00000
00100
00001
00100
00010
00001
00100
,
00001
00010
02000
00000
03000
00000
00001
00100
00010
10000
00100
00001
00100
10000
00010
00100
,
00001
01000
00002
00000
00003
00000
10000
00100
01000
10000
01000
00100
10000
01000
10000
00100
,
01000
00000
00100
00000
20000
00000
00000
00000
30000
00000
00000
00000
00010
00000
00100
00000
00001
00000
00100
00000
00001
00000
10000
00000
00010
00000
00100
00000
00010
00000
00100
00001
,
10000
00100
01000
00010
00100
00000
00010
00000
01110
00000
00010
10000
00101
00000
01000
00100
,
00010
10000
01000
00010
10100
00000
00000
00000
10100
00000
00010
10000
01100
00000
10000
00001
,
00110
00000
00000
01101
00000
00000
10110
00000
10101
00000
10000
00010
01100
00000
00001
00100
,
10000
00010
00001
10000
00110
00000
00000
00000
00000
00000
00000
00000
00000
00000
00000
00000
,
00000
00000
00000
00000
,
00000
00000
02220
03330
00000
00000
00000
00000
,
00000
00000
00000
00000
02220
00000
03330
00000
10001
00000
00001
01000
10000
01000
00001
00100
,
00010
00000
00100
00000
01000
00000
00000
00000
11100
00000
00000
00000
00000
00000
00000
00000
10000
00000
01000
00000
10000
00000
00100
00000
00001
00000
00000
00000
00010
00100
00001
00000
,
00100
00010
01000
00100
10000
01000
00100
02000
00002
00000
03003
00000
00111
00000
00000
00000
,
00010
00100
00001
00000
00010
00000
00100
00000
01101
00000
01000
00100
10000
01000
00100
00010
,
00001
00000
00000
00011
00000
00000
10110
00000
02120
00000
00030
03000
00001
00000
00000
00000
,
10000
00000
00100
00000
01000
00000
00000
00000
00100
00000
00000
00000
10000
00000
00000
00000
00010
00000
01000
00000
00010
00000
01000
00000
00100
00000
10000
00000
00001
00100
00010
00100
,
00001
00100
01000
10000
00100
00010
00001
01000
02120
00000
03000
00030
10000
00000
00000
00000
,
00010
00001
00100
00000
01000
00000
10000
00000
01000
00000
00010
00000
00100
00001
01000
00100
,
10000
00000
10001
00000
00010
00000
01010
01000
02120
00000
00000
00000
00030
00000
03000
00000
00001
00000
00000
00000
00000
00000
00000
00000
01000
00000
10000
00000
00100
00000
00000
00000
,
00010
00000
00000
00000
10000
00000
00000
00000
00101
00000
01000
00000
00110
00000
01000
00000
00101
00000
00010
00000
00001
00100
00001
00100
00001
00000
10000
00000
00110
00000
10000
00000
,
00101
01000
00110
10000
00220
00030
00000
00000
00000
00000
00300
00000
10100
00000
10000
01000
,
00100
01000
10000
00000
00001
00100
00020
00000
01000
00000
01030
00000
00001
00100
00010
00100
,
00002
00000
00003
00000
01000
00000
00100
00000
10000
00000
01000
00000
00100
00000
00010
00100
00010
00000
00100
00000
01000
00000
10000
00000
10001
00000
00001
00000
00100
00000
10000
00000
,
00100
00001
10000
00000
00100
01000
00020
00000
00030
00000
00000
00000
01010
00000
11000
00000
,
01010
00000
00011
00000
01000
01000
00010
00010
01000
01000
00010
00010
00110
00000
00010
00001
,
00100
00001
00010
00000
01000
00100
20000
00000
00001
00000
30001
00000
01000
00100
10000
00100
,
02000
00000
03000
00000
00001
00000
00100
00000
00010
00000
00001
00000
00100
00000
10000
00100
10000
00000
00100
00000
00001
00000
00010
00000
01010
00000
01000
00000
00100
00000
00010
00000
,
00100
01000
00010
00000
00100
00001
20000
00000
30000
00000
00000
00000
10001
00000
00011
00000
,
10001
00000
00000
00000
00000
00000
11000
00000
00000
00000
00000
00000
00001
00000
00000
00001
00000
00000
10000
00000
00000
10000
00000
00000
00001
00000
00000
00001
00000
00000
10000
00000
00000
10000
00000
00000
00001
00000
00100
00000
00010
00000
01000
00000
00100
00000
10000
00000
,
00100
01000
00100
10000
00100
01000
00010
01000
00001
00100
00010
01000
00010
10000
00010
01000
00001
01000
00010
10000
00100
10000
00010
01000
,
00001
00000
00100
00000
00010
00000
01000
00000
00001
00000
00100
00000
00010
00000
00000
00010
00000
00000
01000
00000
00000
01000
00000
00000
00001
00000
00000
00001
00000
00000
10000
00000
00000
10000
00000
00000
00000
00000
00000
00000
00000
00000
00000
00000
00000
00000
00000
00000
,
00000
00000
00000
00000
,
00000
00000
01110
00000