0000000000
0000000000
0000000000
0000000000
0000000000
0000000000
0000000000
0000000000
,
0000000000
0000000000
0000000000
0000000000
0000000000
0000000000
0000000000
0000000000
,
0000000000
0000000000
0000000000
0000000000
0000000000
0000000000
0000000000
0000000000
,
0000000000
0000000000
0000000000
0000000000
0000000000
0000000000
0000000000
0000000000
,
0001000000
0000001000
0010000000
0000000100
0000100000
0000010000
0000000100
0000000000
,
0000000001
0000000000
0000010000
0000000000
0000000000
0000010000
0000100000
0000000000
,
0000001000
0001000000
0000000100
0010000000
0000010000
0000100000
0010000000
0000000000
,
1000000000
0000000000
0000100000
0000000000
0000000000
0000100000
0000010000
0000000000
,
0001000000
0000100000
0000010000
0000000000
0000001000
0000010000
0000100000
0000000000
,
0000110000
0000000000
1000000000
0000000000
0000110000
0000000000
0000000001
0000000000
,
0000010000
0000000000
0000001000
0000000000
0000100000
0000100000
0001000000
0000000000
,
0001000000
0000000000
0000100000
0000000000
0100100000
0010000000
1001000000
0000000000
,
0000001000
0000000000
0001000000
0000000000
0000000010
0001000000
0000001000
0000000000
,
0000010000
0000000000
0000000001
0000000000
0000100000
0000000001
0000010000
0000000000
,
0010000000
0010000000
0000010000
0000000000
0000000100
0000000100
0000100000
0000000000
,
0000001000
0000000000
0000000100
0000000000
0000000200
0000000000
0000000300
0000000000
,
0000001000
0001000000
0000000100
0010000000
0000010000
0000100000
0000110000
0000000000
,
0010000000
0000000000
0000100000
0000000000
0000000000
0000100000
0000010000
0000000000
,
0001000000
0000001000
0010000000
0000000100
0000100000
0000010000
0000000000
0000000000
,
0001000000
0010000000
0001000000
0000001000
0000100000
0000010000
0000000100
0000000000
,
0000010001
0000010000
0000000100
0000000000
0000010010
0000000000
0000000000
0000000000
,
0000010001
0000000001
0000000100
0000000000
0000001001
0000000000
0000000000
0000000000
,
0000010000
0000000000
0000100000
0000000000
0010000000
0000000000
0110000000
0000000000
,
1000100000
1000000000
0010000000
0000000000
1001000000
0000000000
0000000000
0000000000
,
1000200000
0000300000
0000000000
0000000000
0100100000
0000000000
0000000000
0000000000
,
0010000000
0000100000
0001000000
0010000000
0000100000
0000000000
1000100000
0000000000
,
0001000000
0000000000
0000001000
0000000000
0001000000
0001000000
0000001000
0000000000
,
0000010000
0000000000
0000100000
0000000000
0000010000
0000010000
0000100000
0000000000
,
0010000000
0000000000
0100000000
0000000000
0000000100
0000000000
0000000010
0000000000
,
0001000000
0000001000
0000010000
0000000100
0000000001
0000000100
0000010000
0000000000
,
0001000000
0000001000
0000100000
0000010000
0000001000
0000000100
0000010000
0000000000
,
0000001000
0000000100
0000001000
0001000000
0000000200
0000000300
0010000000
0000000000
,
1000100000
0000000000
0200000000
0000000000
0300000000
0000000000
0010000000
0000000000
,
0001000000
0000000000
0000100000
0000000000
0000001000
0000000100
0000010000
0000000000
,
0000000001
0000000000
0000001010
0000000000
0000010000
0000000000
0000010001
0000000000
,
0000000100
0000000000
0000010000
0000000000
0000200000
0000000000
0000300000
0000000000
,
0010000000
0000000000
0101000000
0000000000
1000000000
0000000000
1000100000
0000000000
,
0010000000
0000000000
0000100000
0000000000
0000010000
0000000000
0000000100
0000000000
,
0000001000
0000000100
0000010000
0000000000
0000010100
0000000000
0010100000
0000000000
,
0000100000
0000000000
0100100000
0000000000
0010200000
0000000000
0000300100
0000000000
,
0000110000
0000000000
0000110000
0000000000
0001001000
0000000000
0000000100
0000000000
,
0020000000
0000000000
0000000000
0030000000
0000000000
0000000000
0000000000
0000000000
,
0000000100
0000000000
0000000000
0000000000
0001000000
0000001000
0010000000
0000000100
,
0000100000
0000010000
0000000100
0000000000
0000000001
0000000000
0000010000
0000000000
,
0000000100
0000010000
0000100000
0000000000
0000001000
0001000000
0000000100
0010000000
,
0000010000
0000100000
0010000000
0000000000
1000000000
0000000000
0000100000
0000000000
,
0010000000
0000100000
0000010000
0000000000
0001000000
0000100000
0000010000
0000000000
,
0000001000
0000010000
0000100000
0000000000
0010000000
0000000000
1000000000
0000000000
,
0000000100
0000000000
0000000001
0000000000
0010000000
0000000000
0000000100
0000000000
,
0010000000
0000000000
0010000000
0000000000
0001000000
0000000000
0000010000
0000000000
,
0001010000
0000000000
0000101000
0000000000
0000001000
0000000000
0000010000
0000000000
,
0000001001
0000000100
0000001001
0000000000
0000001000
0000000000
0000010000
0000000000
,
0001000000
0000000000
0000100000
0000000000
0001000000
0010000000
0001000000
0000001000
,
0020000000
0030000000
0000000100
0000000000
0000000000
0000000000
0000000000
0000000000
,
0000000000
0000000000
0000000000
0000000000
0000000000
0000000000
0000000000
0000000000
,
0000000000
0000000000
0000000000
0000000000
0000000000
0000000000
0000000000
0000000000
,
0000000000
0000000000
0000000000
0000000000
0000000000
0000000000
0000000000
0000000000
,
0000000000
0000000000
0000000000
0000000000
0000000000
0000000000
0000000000
0000000000
,
0000000000
0000000000
0000000000
0000000000
0000000000
0000000000
0000000000
0000000000
,
0000000000
0000000000
0000000000
0000000000
0000000000
0000000000
0000000000
0000000000
,
0000000000
0000000000
0000000000
0000000000
0000000000
0000000000
0000000000
0000000000
,
0000000000
0000000000
0000000000
0000000000
0000000000
0000000000
0000000000
0000000000
,
0000000000
0000000000
0000000000
0000000000
0000000000
0000000000
0000000000
0000000000
,
0000000000
0000000000
0000000000
0000000000
0000000000
0000000000
0000000000
0000000000
,
0000000000
0000000000
0000000000
0000000000
0000000000
0000000000
0000000000
0000000000
,
0000000000
0000000000
0000000000
0000000000
0000000000
0000000000
0000000000
0000000000
,
0000000000
0000000000
0000000000
0000000000
0000000000
0000000000
0000000000
0000000000
,
0000000000
0000000000
0000000000
0000000000
0000000000
0000000000
0000000000
0000000000
,
0000000000
0000000000
0000000000
0000000000
0000000000
0000000000
0000000000
0000000000
,
0000000000
0000000000
0000000000
0000000000
0000000000
0000000000
0000000000
0000000000
,
0000000000
0000000000
0000000000
0000000000
0000000000
0000000000
0000000000
0000000000
,
0000000000
0000000000
0000000000
0000000000
0000000000
0000000000
0000000000
0000000000
,
0000000000
0000000000
0000000000
0000000000
0000000000
0000000000
0000000000
0000000000
,
0000000000
0000000000
0000000000
0000000000
0000000000
0000000000
0000000000
0000000000
,
0000000000
0000000000
0000000000
0000000000
0000000000
0000000000
0000000000
0000000000
,
0000000000
0000000000
0000000000
0000000000
0000000000
0000000000
0000000000
0000000000
,
0000000000
0000000000
0000000000
0000000000
0000000000
0000000000
0000000000
0000000000
,
0000000000
0000000000
0000000000
0000000000
0000000000
0000000000
0000000000
0000000000
,
0000000000
0000000000
0000000000
0000000000
0000000000
0000000000
0000000000
0000000000
,
0000000000
0000000000
0000000000
0000000000
0000000000
0000000000
0000000000
0000000000
,