0000000000
0000000000
0000000000
0000000000
,
0000000000
0000000000
0000000000
0000000000
,
0000000000
0000000000
0000000000
0000000000
,
0001010000
0000100000
0000101000
0000000000
0000101000
0000010000
0001010000
0000000000
,
0010010000
0000100000
0000101000
0000010000
0001010000
0000100000
0000100100
0000000000
,
0000220000
0000000000
0000330002
0000000000
0100000000
0010000000
1000000000
0000000000
,
1010000000
0110000000
0101000000
0022000003
,
0000011000
0033020200
0001100000
0022030300
,
0033022000
1100033000
0000000000
0000000000
,
1000010000
0010000000
0010100000
0000010000
0100000000
0000000000
0000101000
0000000000
,
0000100001
0000000100
0000010100
0000100000
0000000010
0001000000
0000001000
0000000000
,
0100000000
0001000000
0100001000
0001000000
0000000010
0000001000
0001000010
0000001000
,
0010000000
0000000000
0000000100
0000000000
0000101000
0001010000
0000101000
0000000000
,
0002200000
0003300200
1100000000
0001100300
,
0000220000
0000000000
2000330000
0000000000
0000000010
0000000100
3000000001
0000000000
,
0000010000
0000000001
0000100000
0000010000
,
1000000000
0000000000
0000100000
0000000000
1000000000
0000100000
0000010000
0000000001
,
0000001001
0000000100
0000010010
0000000100
0001010000
0000100000
0000101000
0000010000
,
0100100000
0010000000
1001000000
0010000000
0000101000
0000010000
0001010000
0000000000
,
0001000000
0000001000
0010000000
0000000100
0000100000
0000010000
0000110000
0000000000
,
0000000000
0000000000
0000000000
0000000000
,
0000000010
0000000110
0100000000
0110000000
,
0000000001
0000000101
1000000000
1010000000
,
0000000100
0000010100
0010000000
0010100000
,
0000001000
0000000000
0000011000
0000000000
0000101000
0000010000
0001100000
0000000000
,
0200020000
1000000000
0301030000
0100010000
,
0000220000
0000000000
0002332000
0000000100
0000100000
0000010000
0013003000
0000000000
,
0010100000
1000000000
1010000000
0000000000
0010100000
1000000000
1010000000
0000000000
,
1000000000
0100000000
0000100000
0001000000
0000010000
0000001000
0000000001
0000000010
,
0000000000
0000000010
0000010010
0000000100
0000100100
0000010000
0010010000
0000100000
,
0100100000
0010000000
0010010000
0000100000
0000100100
0000010000
0000010001
0000000000
,
0000020002
0000030023
1000100000
0001010000
,
0001000000
0000100000
0010000000
0001000000
0000100030
0000010000
0010000000
0000000000
,
0000100001
0000000100
0000010100
0000100000
0000000010
0000000000
0001010000
0000000000
,
1000010000
0010000000
0010100000
0000010000
0100000000
0000001000
0001000000
0000000000
,
0000000010
0000001000
0001000010
0000001000
0100000000
0001000000
0100001000
0001000000
,
0000000100
0000000000
0010000000
0000000000
0001010000
0000101000
0001010000
0000000000
,
0000022000
0020033000
0000000011
0030011000
,
0000220000
0000000000
0000330002
0000000000
0100000000
0010000000
1000000003
0000000000
,
0000100000
1000000000
0000010000
0000100000
,
0000000001
0000000000
0000010000
0000000000
0000000001
0000010000
0000100000
1000000000
,
0000000000
0000100000
0000000000
0001000000
0000000000
0000010000
0000000000
0000001000
,
0000000000
0000000001
0000000000
0000000010
0000000000
0000000022
0000000000
0000000000
,
1100000033
0000000000
0000000000
0000000000