000000
000000
000000
000000
,
000000
000000
000000
000000
,
000000
000000
000000
000000
,
000000
000000
001100
000000
000100
100000
000010
001000
,
000100
000010
000100
000010
000001
000100
010000
000000
,
110000
101000
011000
000110
,
000100
001000
000100
001000
000010
000100
000001
000000
,
000011
000101
000110
011000
,
000010
010000
000100
010000
001000
000010
000110
000000
,
001100
001000
011000
010000
010100
000100
000110
000000
,
010000
000010
001000
000010
000100
010000
011000
000000
,
001100
000100
000110
000010
001010
001000
011000
000000
,
010100
000000
110000
000000
000010
001000
000001
000010
,
001010
000000
000011
000000
010000
000100
100000
010000
,
101000
000000
010010
000000
001000
100000
001010
000000
,
000101
000000
010010
000000
001000
000001
010100
000000
,
000100
001000
000100
001000
000010
000100
000001
000100
,
000010
010000
000010
010000
001000
010000
100000
010000
,
001000
100000
000100
010000
001000
100000
000010
001000
,
000100
010000
000100
000010
000001
001000
000010
000100
,
000020
000000
000100
000000
001000
001000
010030
000000
,
000200
000000
100000
000000
010000
010000
000310
000000
,
020000
000000
000001
000000
001000
001000
030100
000000
,
000020
000000
100000
000000
001000
001000
000130
000000
,
010010
000000
010001
000000
001000
100000
010100
000000
,
010010
000000
100010
000000
000100
000001
001010
000000
,
001100
000000
001001
000000
000010
001000
000110
000000
,
001100
000000
100100
000000
010000
000100
011000
000000
,
001100
001000
001001
001000
001100
000100
100100
000000
,
000011
110000
000101
101000
,
010010
000010
100010
000010
010010
010000
010001
000000
,
000110
000010
010000
011000
000100
000110
011000
000000
,
100020
000000
001000
000000
010000
010000
000130
000000
,
010000
000010
010000
000000
000100
001000
000100
000000
010000
000010
010000
000000
000100
001000
000100
000000
,
020001
000000
000100
000000
000010
000010
031000
000000
,
001100
000000
000000
000000
100100
000000
000000
000000
001001
000000
000000
001100
000000
000000
010010
000000
,
000100
000000
000101
000000
000100
000010
000100
000010
,
010000
001000
000010
000100
001000
000100
001000
000100
,
010000
000000
000000
000000
010100
000000
000000
000000
000100
000010
000100
000000
010000
000000
000010
000000
,
001000
010000
100000
001000
020000
000000
000000
031000
,
100001
000000
000000
000000
000011
000000
000000
000000
000100
001000
000100
000000
100000
000000
010000
000000
,
001000
000100
001000
000100
010000
000010
010000
000010
100000
001000
010000
000010
001000
000100
000010
000001
,
000200
000000
000310
000100
,
000010
010000
010100
000000
101000
000000
000011
000000
,
000101
110000
010000
000010
,
001000
000010
001010
000000
000101
000000
110000
000000
,
101000
000000
000011
000000
001000
000010
001000
000010
,
010000
000100
001100
000000
000011
000011
000101
000101
,
000110
000110
010010
000000
000100
010000
000100
010000
,
000010
001000
001100
000000
110000
110000
101000
101000
,
011000
000000
011000
000000
010010
000000
000000
000000
001000
100000
001000
100000
010000
000000
000100
000001
,
000100
000001
000010
000000
001000
100000
001000
100000
000010
010000
000010
010000
000100
001000
000100
001000
,
000010
010000
000100
001000
000010
010000
000100
001000
001100
000000
000110
000000
011000
000000
010010
000000
,
100001
001100
011110
000000
000000
000000
000000
000000