// measure 0
00000
00000
00000
00000
,  // measure 1
00000
00000
00000
00000
,  // measure 2
00000
00000
00000
00000
,  // measure 3
00100
00000
00000
00000
,  // measure 4
00100
00000
00000
00000
,  // measure 5
10000
00000
00000
00000
,  // measure 6
00001
00000
00000
00000
,  // measure 7
10000
00000
00000
00000
,  // measure 8
00001
00000
00000
00000
,  // measure 9
00100
00000
00000
00000
,  // measure 10
00100
00000
00000
00000
,  // measure 11
00100
00000
00000
00000
,  // measure 12
00100
00000
00000
00000
,  // measure 13
00010
00000
01000
00000
,  // measure 14
00010
00000
00000
00000
,  // measure 15
01000
00000
00010
00000
,  // measure 16
01000
00000
00000
00000
,  // measure 17
00100
00000
00100
00000
,  // measure 18
00100
00000
00000
00000
,  // measure 19
01000
00000
00010
00000
,  // measure 20
01000
00000
00000
00000
,  // measure 21
00100
00000
00000
00000
,  // measure 22
00100
00000
00000
00000
,  // measure 23
00100
00000
00000
00000
,  // measure 24
00100
00000
00000
00000
,  // measure 25
00010
00000
10000
00000
,  // measure 26
00010
00000
00000
00000
,  // measure 27
01000
00000
00001
00000
,  // measure 28
01000
00000
00000
00000
,  // measure 29
00010
00000
00000
00000
,  // measure 30
01000
00000
00000
00000
,  // measure 31
00010
00000
01000
00000
,  // measure 32
00010
00000
01000
00000
,  // measure 33
00100
00000
00000
00000
,  // measure 34
00100
00000
00000
00000
,  // measure 35
00001
00000
00000
00000
,  // measure 36
10000
00000
00000
00000
,  // measure 37
00100
00000
00000
00000
,  // measure 38
00010
00000
00000
00000
,  // measure 39
00100
00000
00000
00000
,  // measure 40
01000
00000
00000
00000
,  // measure 41
00001
00000
00000
00000
,  // measure 42
00100
00000
00000
00000
,  // measure 43
00100
00000
00000
00000
,  // measure 44
00100
00000
00000
00000
,  // measure 45
00100
00000
00000
00000
,  // measure 46
10000
00000
00000
00000
,  // measure 47
00100
00000
00000
00000
,  // measure 48
00010
00000
00000
00000
,  // measure 49
00100
00000
00000
00000
,  // measure 50
00001
00000
00100
00000
,  // measure 51
00001
00000
00000
00000
,  // measure 52
10000
00000
00100
00000
,  // measure 53
10000
00000
00000
00000
,  // measure 54
00100
00000
00100
00000
,  // measure 55
00100
00000
00000
00000
,  // measure 56
01000
00000
00010
00000
,  // measure 57
01000
00000
00000
00000
,  // measure 58
00100
00000
00000
00000
,  // measure 59
01000
00000
00000
00000
,  // measure 60
00100
00000
00000
00000
,  // measure 61
00001
00000
00000
00000
,  // measure 62
00100
00000
00000
00000
,  // measure 63
00000
00000
00100
00000
,  // measure 64
00100
00000
00000
00000
,  // measure 65
00000
00000
00100
00000
,  // measure 66
00100
00000
00000
00000