00000
00000
00000
00000
,
00000
00000
00000
00000
,
00000
00000
00000
00000
,
01110
00000
00000
00000
,
10010
00100
01001
00000
10101
00000
00000
00000
,
01000
00000
00100
00000
01000
00000
00010
00000
10000
00100
10000
00100
00001
00000
00000
00000
,
00010
00000
00100
00000
00010
00000
01000
00000
00001
00100
00001
00100
10000
00000
00000
00000
,
00001
00000
00100
00000
00001
00000
01000
00000
00010
00100
00010
00100
01000
00000
00000
00000
,
10000
00000
00100
00000
10000
00000
00010
00000
01000
00100
01000
00100
00010
00000
00000
00000
,
00001
00000
01000
00000
00100
00000
10000
00000
00010
00100
00001
01000
00100
00000
00000
00000
,
01000
00100
10000
00010
00100
00000
00000
00000
00001
00100
10000
00100
00001
00100
10000
00100
,
00001
00000
00000
00001
00100
00000
00000
00100
00010
00000
00000
00010
01000
00000
00000
00100
,
10000
01001
10110
00000
,
00010
00000
01000
00100
01000
00000
00100
01000
00100
00000
01000
00100
01000
00000
00100
10000
,
00001
00000
00001
00100
00001
00000
00100
00001
00100
00000
00001
00100
00001
00000
00100
00010
,
01000
00000
00100
01000
00010
00000
00010
01000
00100
00000
00100
01000
00010
00000
00100
00010
,
10000
00100
10000
00100
00001
00100
00001
00100
10000
00100
10000
00100
10000
00100
10000
00100
,
01000
00000
00010
00100
00010
00000
00100
00010
00100
00000
00010
00100
00010
00000
00100
00001
,
10000
00000
10000
00100
10000
00000
00100
10000
00100
00000
10000
00100
10000
00000
00100
01000
,
00010
00000
00100
00010
01000
00000
01000
00010
00100
00000
00100
00010
01000
00000
00100
01000
,
00001
00100
00001
00100
10000
00100
10000
00100
00001
00100
00001
00100
00001
00100
00001
00100
,
10000
01000
00010
00001
00100
10000
01000
00010
,
00001
00100
10000
01000
00010
00001
00100
10000
,
00010
00100
00010
01000
00001
00100
10000
01000
,
00010
00100
10000
01000
00010
00001
01000
10000
,
00100
00000
01000
00010
00100
00000
00000
00000
00100
00000
00010
01000
00100
00000
00000
00000
,
01000
00000
00010
00100
01000
00000
01000
00100
00001
00000
01000
00000
00010
00000
00000
00000
,
00010
00000
01000
00010
01100
00000
00010
01000
00001
00010
00100
01000
10000
00100
00001
00010
,
00100
10000
00100
10000
00001
00100
10000
00100
,
00001
00000
01000
00000
,
00010
00000
10000
00000
,
02000
00100
03001
00000
00020
00100
10030
00000
00010
01000
00100
10000
00001
00100
00001
00100
,
00010
01000
00001
00100
01000
00100
00010
01000
00100
10000
00010
00100
00001
00100
10000
00100
,
00001
00000
01000
00010
00100
00000
00010
00000
01000
00000
00100
00000
01000
00000
00010
00000
,
10000
00000
00010
01000
00100
00000
01000
00000
00010
00000
00100
00000
00010
00000
01000
00000
,
00001
00000
00001
10000
00100
00000
10000
00000
00010
00100
00010
01000
00100
00000
10000
00000
,
00001
00100
00001
00100
00010
01000
00010
01000
00100
10000
00100
10000
00001
00100
00001
00100
,
00010
01000
00100
10000
00001
01000
00010
00100
,
00001
01000
00010
00100
00001
01000
00010
00100
,
10000
00100
00001
00000
00001
00100
10000
00000
01000
00100
00010
00000
00010
00100
01000
00000
,
10000
00100
00001
00100
10000
00100
00001
00100
10000
00100
00001
00100
10000
00100
00001
00100
,
10000
00000
00000
10000
,
00001
00000
10000
00100
10000
00000
00100
10000
00100
00000
10000
00100
10000
00000
00100
01000
,
00010
00000
00010
00100
00010
00000
00100
00010
00100
00000
00010
00100
00010
00000
00100
00001
,
10000
00000
00100
10000
00001
00000
00001
10000
00100
00000
00100
10000
00001
00000
00100
00001
,
01000
00000
00000
00000
00000
00000
00000
00000
10000
00001
10000
00001
01000
00010
01000
00010
,
10000
00000
00001
01000
00100
00000
10000
00100
10000
00000
00001
00100
00001
00000
00100
00010
,
10000
00000
00100
01000
00001
00000
00100
00010
01000
00000
00010
01000
00100
00000
00100
10000
,
00001
00000
00100
00001
01000
00000
00100
10000
00010
00000
00100
00001
10000
00000
00100
10000
,
00110
00000
00000
00000
01001
00000
00000
00000
00100
10000
00010
00000
00100
00001
01000
00000
,
00010
00000
00100
00000
10000
00000
01000
00000
00100
10000
00002
00100
01003
00000
00010
00000
,
01010
00000
10000
00100
10000
00000
00001
00100
00001
00000
01000
00100
01000
00000
00010
00000
,
01000
00000
00100
00000
00001
00000
00010
00000
00100
00001
20000
00100
30010
00000
01000
00000
,
01010
00000
00001
00100
00001
00000
10000
00000
00010
01000
00010
01000
00010
01000
00010
01000
,
00010
00000
00100
00000
10000
00000
01000
00000
00100
10000
00002
00100
01003
00000
00000
00000
,
01000
00000
00100
00000
00001
00000
00010
00000
00100
00001
20000
00100
30010
00000
00000
00000
,
10000
00000
00100
00000
00010
00000
00001
00000
00100
00010
02000
00100
03001
00000
00000
00000
,
01000
00000
00100
00000
10000
00000
00010
00000
02000
00100
03001
00000
00020
00100
10030
00000
,
10000
01000
00100
00010
01000
00100
00010
00001
,
10000
01000
00100
00010
01000
00100
00010
00001
,
10000
01000
00100
00010
01000
00100
00010
00001
,
10000
01000
00100
00010
01000
00100
00010
00001
,
01000
01100
00000
10010
00000
01001
00000
01010
,
00000
00100
00001
00000
10100
00000
00101
00000
,
00010
00110
00000
01001
00000
10010
00000
01010
,
00000
00100
10000
00000
00110
00000
01100
00000
,
00100
00001
00000
00001
00000
10000
00000
00100
,
00000
00100
10110
00000
00000
00000
00000
00000