00000
00000
00000
00000
,
00000
00000
00000
00000
,
00000
00000
00000
00000
,
02220
00000
03330
00000
,
10010
00100
01101
00000
20202
00000
30303
00000
,
10010
00000
10100
00000
01001
00000
00110
00000
00001
10000
00100
01000
00010
00000
00000
00000
,
01001
00000
00101
00000
10010
00000
01100
00000
10000
00001
00100
00010
01000
00000
00000
00000
,
10001
00000
00110
00000
01010
00000
10100
00000
00010
01000
00100
10000
01000
00000
00000
00000
,
01010
00000
10100
00000
10001
00000
00110
00000
01000
00010
00100
00001
00010
00000
00000
00000
,
10010
00000
00101
00000
01001
00000
10100
00000
10000
01000
00100
01000
10010
00000
00000
00000
,
00001
00010
00100
00010
01001
00000
00000
00000
10000
01000
00100
00010
00001
00010
00100
01000
,
10000
00000
00000
10000
10001
00000
00000
00001
01001
00000
00000
01000
01010
00000
00000
00010
,
10010
00000
00000
00000
10110
00000
00000
00000
02002
00000
00000
00000
00000
03003
00000
00000
,
01000
00100
10000
00001
01000
00100
10000
00001
01000
00100
10000
00001
01000
00100
10000
10000
,
00010
00100
00001
10000
00010
00100
00001
10000
00010
00100
00001
10000
00010
00100
00001
00001
,
01000
00100
00010
10000
00010
00100
01000
00001
01000
00100
00010
10000
00010
00100
01000
00001
,
10000
00100
01000
00010
00100
00001
00100
00010
01000
00100
10000
00001
01000
00100
10000
00001
,
10000
00100
01000
00010
10000
00100
01000
00010
10000
00100
01000
00010
10000
00100
01000
01000
,
00001
00100
00010
01000
00001
00100
00010
01000
00001
00100
00010
01000
00001
00100
00010
00010
,
10000
00100
00001
01000
00001
00100
10000
00010
10000
00100
00001
01000
00001
00100
10000
00010
,
00001
00100
01000
00010
10000
00010
00100
01000
00100
00001
01000
00100
10000
00010
00100
00001
,
10000
00100
10010
00010
00100
00001
01001
10010
,
01001
00000
00100
00000
10010
00000
00010
00000
00001
00000
00100
00000
10010
00000
00010
00100
,
00010
01000
01001
00100
00010
10000
10010
10100
,
11000
00010
10000
00001
00011
01000
00100
00001
,
10000
00001
01000
00010
00100
00000
00100
00000
00010
10000
00001
01000
00100
00000
00100
00000
,
01000
00100
00010
00100
01000
00100
00010
00100
10000
00100
00001
00100
01000
00000
01010
00000
,
00010
00000
01000
00010
00100
00010
10000
00001
00010
00100
01000
00100
00010
00100
00001
00100
,
10000
01000
00100
00000
00001
00000
00101
00000
10000
00000
10100
00000
10000
00000
00100
00000
,
10020
00000
00000
00000
00100
00000
00000
00030
10000
00000
00001
00000
10000
00100
10000
00000
,
00010
00000
10010
00000
00010
00000
00100
00010
20000
00000
00000
00000
00000
30000
00000
00000
,
02000
00100
00010
03001
00020
00100
01000
10030
00010
01000
00100
10000
00001
00100
00001
01000
,
00010
10000
00100
01000
00100
00010
00100
00001
00100
10000
00100
01000
00001
00100
10000
00100
,
00010
00000
01000
00010
00100
00010
01000
00000
00100
00000
10100
00000
00001
00000
00100
00000
,
00010
00000
10000
00100
01000
00100
10000
00000
10010
00000
00100
00000
00001
00000
10000
00000
,
00001
00000
00001
00010
00100
00010
00001
00100
10000
00100
00010
01000
00100
00000
10000
00000
,
00010
00100
00001
10000
00010
00100
10000
00001
01000
00100
10000
00001
01000
00100
00001
00010
,
01000
01100
00100
10000
10001
01000
00010
00100
,
01001
00000
01000
00000
00010
00000
00100
00000
01001
00000
00100
00000
00001
00000
10000
00001
,
00010
00100
01000
10000
00100
00010
00100
01000
00001
00100
00010
10000
00010
00100
01000
00100
,
10000
01000
00100
00010
00001
00010
00100
00010
00001
00010
00100
01000
10000
01000
00100
01000
,
20000
00000
00000
00000
00000
30000
10110
00000
,
00001
10000
00100
10000
00010
01000
00100
10000
00010
00100
00001
01000
00100
01000
00001
10000
,
00010
00100
00001
00100
00010
10000
00010
00100
01000
00001
01000
00100
00010
10000
00100
00001
,
10000
00010
10000
00100
01000
00010
00100
01000
00010
01000
00100
10000
00010
00100
00001
10000
,
02000
00000
00000
00000
00000
00000
03000
00000
01010
00100
10000
00001
01010
00100
00001
10000
,
00010
10000
00001
00100
00010
10000
01000
10000
00010
00100
00001
01000
00100
10000
00010
00100
,
00001
01000
00100
10000
00010
00100
01000
00100
00010
10000
00010
01000
00001
00100
00010
10000
,
00100
01000
00001
00100
00010
10000
00100
10000
00010
00100
00001
10000
00010
01000
00100
10000
,
00110
00000
00000
00000
01001
00000
00000
00000
00100
10000
00001
10000
01000
00001
00100
10000
,
00010
00000
00110
00000
10000
00000
01000
00000
00100
10000
00002
00100
01003
00000
00010
00000
,
01000
00001
00100
00001
01000
00001
00100
00001
00010
10000
00100
10000
00010
10000
00100
10000
,
01000
00000
01100
00000
00001
00000
00010
00000
00100
00001
20000
00100
30010
00000
01000
00000
,
00010
10000
00010
01000
00001
01000
00010
10000
00010
01000
00001
01000
00010
10000
00010
01000
,
00100
00000
00010
00000
00001
00000
01000
00000
00100
10000
00002
00100
02000
00003
03000
00000
,
01000
00000
00101
00000
00001
00000
00010
00000
00100
00001
20000
00100
00020
30000
00030
00000
,
10000
00000
10100
00000
00010
00000
00001
00000
00100
00010
02000
00100
00002
03000
00003
00000
,
01000
00000
00101
00000
10000
00000
00010
00000
02000
00100
03010
00001
00020
00100
01030
10000
,
00100
00000
01000
00100
00010
00100
00010
00000
00100
00000
01000
00100
00010
00100
00001
00000
,
00100
00000
00001
00100
10000
00100
10000
00000
00100
00000
10000
00100
01000
00100
01000
00000
,
00010
00000
00001
00100
00001
00100
10000
00000
00100
00000
10000
00100
10000
00100
01000
00000
,
00100
00000
01000
00100
00010
00100
00010
00000
00100
00000
01000
00100
00010
00100
00001
00010
,
10100
00110
00000
10010
00100
01001
00100
01010
,
00000
10010
01001
00100
10101
00000
01110
00000
,
00101
01100
00000
01001
00100
10010
00100
01010
,
00100
01001
10010
00100
01110
00000
10101
00000
,
00100
00001
01000
00000
00000
00000
01101
00000
00000
00000
00010
10000
00100
00010
01101
00000
,
00000
00000
00100
01000
10110
00000
00000
00000
00000
00000
00000
00000
00000
00000
00000
00000