0000000000
0000000000
0000000000
0000000000
,
0000000000
0001000010
0000000000
0100001000
,
0000000000
0000100001
0000000000
1000010000
,
0000000000
0001000010
0000000000
0100001000
,
0000000000
0000100001
0000000000
1000010000
,
0000100000
0000100000
0000010000
0000010000
,
0000100001
1000010000
0000100001
0000100001
,
0000010000
0000010000
0000100000
0000100000
,
1000010000
0000100001
1000010000
1000010000
,
0000000000
0010000100
0000000000
0010000100
,
0000000000
0001000010
0000000000
0100001000
,
0000000000
0000100001
0000000000
1000010000
,
0000100000
0000100000
0000010000
0000010000
,
0000000000
0010000100
0000000000
0010000100
,
0000000000
0001000010
0000000000
0100001000
,
0000000000
0000100001
0000000000
1000010000
,
0000000001
0000000001
1000000000
1000000000
,
0000000000
0010000100
0000000000
0010000100
,
0000000000
0001000010
0000000000
0001000010
,
0000000000
0100001000
0000000000
0100001000
,
0101001010
0000000000
0000000000
0000000000
,
0000000000
0000100001
0000000000
0000100001
,
0000000000
1000010000
0000000000
1000010000
,
0000000000
0001000010
0000000000
0001000010
,
0000000000
0100001000
0000000000
0100001000
,
0000000000
0000100001
0000000000
0000100001
,
0000000000
1000010000
0000000000
1000010000
,
0000000000
0001000010
0000000000
0001000010
,
0000000000
0100001000
0000000000
0100001000
,
0000000000
0001000000
0000000000
0000100000
,
0001000000
0001000000
0000100000
0000100000
,
0000000000
0000001000
0000000000
0000010000
,
0000001000
0000001000
0000010000
0000010000
,
0000000000
0010000100
0000000000
0010000100
,
0000000000
0001000010
0000000000
0100001000
,
0000000000
0000100001
0000000000
1000010000
,
0000100001
0000100001
1000010000
1000010000
,
0000000000
0010000100
0000000000
0010000100
,
0000000000
0001000010
0000000000
0100001000
,
0000000000
0000100001
0000000000
1000010000
,
0000100001
0000100001
1000010000
1000010000
,
0000100001
0000100001
1000010000
1000010000
,
0000100001
0000100001
1000010000
1000010000
,
1000110001
0000000000
0000000000
0000000000