000000
000000
000000
000000
,
000000
000000
000000
000000
,
000000
000000
000000
000000
,
110100
000000
000000
000000
,
001011
000000
011110
000000
,
000100
001000
000100
001000
010000
100000
000010
000000
,
001000
000100
001000
000100
000010
000001
010000
000000
,
000100
001000
000100
010000
000100
000010
000001
000000
,
001000
000100
001000
000010
001000
010000
100000
000000
,
000010
010000
000010
010000
000100
001000
000001
000000
,
001000
000100
100000
000000
000100
001000
000001
100000
,
001010
000000
000000
001000
000010
000000
000000
000010
001000
000000
000000
001000
000010
000000
000000
000010
,
001000
010100
010010
000000
,
000100
000001
000100
000010
000100
000001
020000
030000
,
001000
100000
001000
010000
001000
100000
000020
000030
,
001000
000100
001000
000100
001000
000010
001000
000010
,
010000
000010
010000
000010
010000
000100
010000
000100
,
000010
000001
000010
000100
001000
000010
010000
001000
,
010000
000010
010000
000100
001000
000010
010000
000100
,
001000
000010
001000
000010
001000
000100
001000
000100
,
010000
000100
010000
000100
010000
000010
010000
000010
,
010000
000001
000100
000001
000010
000100
001000
000100
,
010000
000001
000100
000001
000010
000100
001000
000100
,
010000
000100
010000
000001
010000
000010
001000
000100
,
010000
000100
010000
000001
010000
000010
001000
000100
,
100000
110000
000100
010100
,
001000
000100
010000
000100
001000
000010
000100
000000
,
000001
001000
000100
100000
000010
010000
000001
001000
,
000100
001000
000100
010000
000010
001000
000010
000010
,
020000
000000
030200
000000
,
002300
003002
000023
000030
,
000100
001000
010000
000100
000010
010000
001000
010000
,
000010
100000
000100
001000
000001
010000
000010
001000
,
000001
000100
000001
000100
000010
010000
000100
001000
,
010000
100000
010000
100000
000100
001000
000010
010000
,
000010
001000
000010
001000
010000
100000
010000
100000
,
000100
001000
000001
010000
000010
001000
000100
100000
,
000010
010000
000010
001000
000100
000010
000001
000100
,
000010
000100
000010
000100
010000
001000
010000
001000
,
010000
100000
001000
010000
000100
010000
001000
100000
,
000010
010000
000001
010000
000010
100000
000010
001000
,
001100
000000
000000
100001
,
010000
000100
010000
000100
001000
000010
010000
000100
,
000010
000001
000100
000010
010000
000100
000010
001000
,
010000
000001
000010
000100
100000
010000
001000
000100
,
001100
000000
001001
100100
,
010000
000001
010000
000001
000100
000010
010000
001000
,
000010
000001
010000
000001
000100
000010
010000
001000
,
100000
010000
100000
010000
000100
000001
000100
000001
,
100000
001000
100000
001000
000010
000001
000010
000001
,
001000
000100
010000
000010
002000
000010
003001
000000
,
000100
001000
000100
001000
010000
001000
010000
001000
,
000100
001000
000010
010000
000200
010000
100300
000000
,
001000
000100
001000
000100
000010
000100
000010
000100
,
100000
010000
001000
000100
000010
000001
000010
000000
,
000001
000010
000100
001000
010000
100000
010000
000000
,
001000
100000
001000
010000
000010
000100
000001
000000
,
000100
000001
000100
000010
010000
001000
100000
001000
,
010000
000010
010000
001000
010000
000010
010000
001000
,
010000
000010
010000
000010
010000
000010
010000
000010
,
001000
000100
000010
000100
001000
000100
000010
000100
,
010000
000100
010000
000100
010000
000100
010000
000100
,
001000
001100
000000
000011
000000
010010
000000
101000
,
000000
001000
011000
000000
010010
000000
000110
000000
,
000010
000110
000000
110000
000000
010010
000000
000101
,
000000
000100
000110
000000
010010
000000
011000
000000
,
001100
001100
000000
100001
000000
010010
000000
001100
,
000000
010010
011110
000000
000000
000000
000000
000000