0000000000
0000000000
0000000000
0000000000
,
0000000000
0000000000
0000000000
0000000000
,
0000000000
0000000000
0000000000
0000000000
,
0000010110
0000000000
0000000000
0000000000
,
1010000000
0001000000
0110100000
0000000000
,
0100000000
0000000000
0010000000
0000000000
0000100000
0000000000
0001000000
0000000000
0000100000
0000010000
0000002000
0000000100
0000003001
0000000000
0000000000
0000000000
,
0000000010
0000000000
0000000100
0000000000
0000010000
0000000000
0000001000
0000000000
0000010000
0000100000
0002000000
0010000000
1003000000
0000000000
0000000000
0000000000
,
1000000000
0000000000
0000100000
0000000000
0010000000
0000000000
0000100000
0000000000
0001000000
0000001000
0000020000
0000000100
0000030010
0000000000
0000000000
0000000000
,
0000000001
0000000000
0000010000
0000000000
0000000100
0000000000
0000010000
0000000000
0000001000
0001000000
0000200000
0010000000
0100300000
0000000000
0000000000
0000000000
,
0100000000
0000000000
0010000000
0000000000
0000100000
0000000000
0001000000
0000000000
0000010000
0000001000
0000000100
0000000010
0000000001
0000000000
0000000000
0000000000
,
0000000001
0000000010
0000000100
0000001000
0000010000
0000000000
0000000000
0000000000
0000010000
0000001000
0000000100
0000000010
0000000001
0000000010
0000000100
0000001000
,
0000010000
0000000000
0000000000
0000010000
0000001000
0000000000
0000000000
0000001000
0001000000
0000000000
0000000000
0001000000
0000100000
0000000000
0000000000
0000100000
,
1000000000
1010000000
2000200000
3000300000
,
1000000000
0000000000
0001000000
0010000000
0000100000
0000000000
0000100000
0010000000
0001000000
0000000000
0000100000
0000010000
0010000000
0000000000
0000010000
0000000000
,
0000100000
0000000000
0000000100
0000010000
0000001000
0000000000
0000001000
0000010000
0000000100
0000000000
0000001000
0000010000
0000000100
0000000000
0000000001
0000000000
,
0000001000
0000000000
0000000010
0000000100
0000000001
0000000000
0000000001
0000000100
0000000010
0000000000
0000000010
0000001000
0000000100
0000000000
0000010000
0000000000
,
0000001000
0001000000
0000001000
0001000000
0000010000
0000100000
0000010000
0000100000
0000000100
0000010000
0000000100
0000010000
0000000100
0000010000
0000000100
0000010000
,
0000000001
0000000000
0000001000
0000000100
0000010000
0000000000
0000010000
0000000100
0000001000
0000000000
0000010000
0000100000
0000000100
0000000000
0000100000
0000000000
,
0000010000
0000000000
0010000000
0000100000
0001000000
0000000000
0001000000
0000100000
0010000000
0000000000
0001000000
0000100000
0010000000
0000000000
1000000000
0000000000
,
0001000000
0000000000
0100000000
0010000000
1000000000
0000000000
1000000000
0010000000
0100000000
0000000000
0100000000
0001000000
0010000000
0000000000
0000100000
0000000000
,
0001000000
0000001000
0001000000
0000001000
0000100000
0000010000
0000100000
0000010000
0010000000
0000100000
0010000000
0000100000
0010000000
0000100000
0010000000
0000100000
,
1000000000
0001000000
0000100000
0000010000
0001000000
0000100000
0010000000
0001000000
,
0000100000
0000000100
0001000000
0000010000
0000100000
0010000000
1000000000
0001000000
,
0100000000
0001000000
0000100000
0001000000
0000100000
0000010000
0000100000
0000000100
,
0000001000
0000000010
0000000100
0000010000
0000001000
0000000010
0000000001
0000000100
,
0000010000
0000000000
0000000010
0000001000
0000000100
0000000000
0000000000
0000000000
0000000001
0000000000
0000001000
0000000010
0000000100
0000000000
0000000000
0000000000
,
0000001000
0000000000
0000000010
0000000100
0000001000
0000000000
0000001000
0000000100
0000000001
0000000000
0000001000
0000000000
0000010000
0000000000
0000000000
0000000000
,
0001000000
0000000000
0100000000
0001000000
0100000000
0000000000
0001000000
0100000000
0000100000
0001000000
0010000000
0100000000
1000000000
0010000000
0000100000
0001000000
,
0010000000
1000000000
0010000000
1000000000
0000100000
0010000000
1000000000
0010000000
,
0000100000
0000000000
0000001000
0000000000
,
0000100000
0000000000
0000000001
0000000000
,
0000001000
0010000000
0001000000
0000000000
0001000000
0010000000
0000001000
0000000000
0001000000
0000001000
0010000000
0000000000
0001000000
0010000000
0000001000
0000000000
,
0010000000
0001000000
0000010000
0000000100
0000001000
0000100000
0010000000
0001000000
0000010000
0000000100
0000001000
0000100000
0010000000
0001000000
0000010000
0000000000
,
0000000001
0000000000
0000001000
0000000010
0000000100
0000000000
0000001000
0000000000
0001000000
0000000000
0010000000
0000000000
0100000000
0000000000
0001000000
0000000000
,
1000000000
0000000000
0001000000
0100000000
0010000000
0000000000
0001000000
0000000000
0000001000
0000000000
0000000100
0000000000
0000000010
0000000000
0000001000
0000000000
,
0000000001
0000000000
0000001000
0000000100
0000001000
0000000000
0000000010
0000000000
0000001000
0000010000
0000100000
0001000000
0010000000
0000000000
0100000000
0000000000
,
1000000000
0100000000
0010000000
0001000000
0000100000
0000010000
0000001000
0000000100
0000000010
0000000001
0000000010
0000000100
0000001000
0000010000
0000100000
0001000000
,
0010000000
0000100000
1000000000
0010000000
0000100000
0000000100
0000001000
0000100000
,
0010000000
0100000000
0010000000
0001000000
0000100000
0000010000
0000001000
0000000010
,
0000000100
0000000001
0000000100
0000000000
0000000010
0000000100
0000000010
0000000000
0000001000
0000000100
0000001000
0000000000
0000000100
0000010000
0000000100
0000000000
,
0001000000
0010000000
0100000000
0000000000
0100000000
0010000000
0001000000
0000000000
0000001000
0001000000
0010000000
0100000000
0010000000
0001000000
0000001000
0000000100
,
0000000010
0000000000
0000000000
0000001000
,
0000000010
0000000000
0000001000
0000000100
0000001000
0000000000
0000000100
0000001000
0000000100
0000000000
0000001000
0000000100
0000001000
0000000000
0000000100
0000010000
,
0000000001
0000000000
0000000001
0000000100
0000000001
0000000000
0000000100
0000000001
0000000100
0000000000
0000000001
0000000100
0000000001
0000000000
0000000100
0000000010
,
0000001000
0000000000
0000000100
0000001000
0000000010
0000000000
0000000010
0000001000
0000000100
0000000000
0000000100
0000001000
0000000010
0000000000
0000000100
0000000010
,
0000010100
0000000000
0000000000
0000000000
0000000100
0000000000
0000000000
0000000000
0000001000
0000010000
0000100000
0000000000
0000001000
0000010000
0000000100
0000000000
,
0000001000
0000000100
0000001000
0000000010
0000001000
0000000100
0000001000
0000000100
,
0000010000
0000001000
0001000000
0000100000
0100000000
0010000000
0100000000
0001000000
,
1000000000
0010000000
0000100000
0000010000
0100000000
0010000000
0001000000
0000001000
,
0000101000
0000000000
0000000000
0000000000
0000110000
0000000000
0000000000
0000000000
0001000000
0000100000
0000010000
0000000000
0001000000
0000100000
0010000000
0000000000
,
0001000000
0000000000
0100000000
0000000000
0010000000
0000000000
0001000000
0000000000
0000010000
0000100000
0000001000
0000010000
0000000100
0000000000
0000001000
0000000000
,
0000000010
0000000000
0000000100
0000000010
0000001000
0000000000
0000000100
0000001000
0000000001
0000000000
0000000100
0000000001
0000010000
0000000000
0000000100
0000000000
,
0000001000
0000010000
0000100000
0000000100
0000100000
0000001000
0001000000
0000100000
,
1000000000
0000100000
1000000000
0000100000
0100000000
0001000000
0100000000
0001000000
0010000000
0000100000
0010000000
0000100000
0010000000
0000100000
0010000000
0000100000
,
0001000000
0000000000
0000001000
0000000000
0000000100
0000000000
0000000001
0000000000
0000001000
0000000100
0000000010
0000000100
0000001000
0000000000
0000010000
0000000000
,
0001000000
0000000000
0000001000
0000000000
0000100000
0000000000
0000000100
0000000000
0000100000
0000010000
0010000000
0000100000
1000000000
0000000000
0001000000
0000000000
,
0100000000
0000000000
0010000000
0000000000
0001000000
0000000000
0000100000
0000000000
0000001000
0000000100
0000000010
0000000100
0000001000
0000000000
0000000010
0000000000
,
0000000001
0000000000
0000000100
0000000000
0000010000
0000000000
0001000000
0000000000
0000100000
0010000000
0100000000
0000000000
0100000000
0010000000
0000100000
0001000000
,
0010000000
1000000000
0100000000
0010000000
0001000000
0010000000
0100000000
0001000000
,
0000010000
0000000100
0000010000
0000000100
0010000000
0001000000
0010000000
0001000000
,
0000010000
0000000100
0000001000
0000100000
0010000000
0001000000
0000010000
0000000100
,
0000000010
0000000001
0000000100
0000001000
0001000000
0000010000
0010000000
0001000000
,
0110000000
0100100000
0000000000
0001000000
0000000000
0000101000
0000000000
0001010000
,
0000000000
0000001000
0000000010
0000000000
0000010010
0000000000
0000001101
0000000000
,
0000000110
0000010010
0000000000
0000001000
0000000000
0001010000
0000000000
0000101000
,
0000000000
0001000000
0100000000
0000000000
0100100000
0000000000
1011000000
0000000000
,
0101000000
0000001000
0000000000
0001010000
0000000000
0000101000
0000000000
0000111100
,
0000000000
0000000100
0001110000
0000000000
0000000000
0000000000
0000000000
0000000000