0000000000
0000000000
0000000000
0000000000
0010100000
0000000000
0000000000
0000100000
,
0000010000
0000000000
0000010100
0000000000
,
0000010000
0000000000
0000000000
0000000000
0000100000
0000000000
0000000000
0000000000
0000001000
0000010000
0000000100
0000100000
0000001000
0000010000
0000000100
0000100000
0000000100
0000000000
0000001000
0000000000
0000010000
0000000000
0000100000
0000000000
0001000000
0010000000
0001000000
0010000000
0000100000
0000000000
0000000000
0000000000
,
0010000000
0000000000
0001000000
0000000000
0000100000
0000000000
0000010000
0000000000
0000001000
0000000100
0000001000
0000000100
0000010000
0000000000
0000000000
0000000000
0000000100
0000000000
0000100000
0000000000
0000010000
0000000000
0001000000
0000000000
0000100000
0000001000
0000100000
0000001000
0000000100
0000000000
0000000000
0000000000
,
0010000000
0000000000
0000010000
0000000000
0000100000
0000000000
0000001000
0000000000
0000010000
0001000000
0000010000
0001000000
0010000000
0000000000
0000000000
0000000000
0000001000
0000000000
0001000000
0000000000
0000010000
0000000000
0000001000
0000000000
0000000100
0000001000
0000010000
0001000000
0000010000
0000000000
0000000000
0000000000
,
0010000000
0001000000
0000100000
0000001000
0000100000
0000000000
0000000000
0000000000
0000000100
0000001000
0000010000
0000100000
0000001000
0000010000
0001000000
0000100000
0000000100
0000000000
0000000000
0000000100
0000100000
0000000000
0000000000
0000100000
0000010000
0000000000
0000000000
0000010000
0010000000
0000000000
0000000000
0010000000
,
0000001000
0000000000
0000000000
0000000000
0000110000
0000000000
0000000000
0000000000
0010000000
0000000100
0010000000
0000000100
0010000000
0000000100
0010000000
0000000100
0010000000
0000000000
0001000000
0010000000
0000100000
0000000000
0000100000
0001000000
0000001000
0000000000
0000001000
0000010000
0001000000
0000000000
0001000000
0000100000
,
0000010000
0000000000
0000001000
0000000100
0000010000
0000000000
0000010000
0000001000
0001000000
0000000000
0001000000
0000100000
0000001000
0000000000
0000001000
0000010000
0000100000
0000000000
0000001000
0001000000
0000100000
0000000000
0000100000
0010000000
0001000000
0000000000
0001000000
0000100000
0000001000
0000000000
0000001000
0000100000
,
0000000100
0000000000
0001000000
0000001000
0000010000
0000000000
0000010000
0000000100
0000001000
0000000000
0000001000
0000010000
0001000000
0000000000
0001000000
0000010000
0010000000
0000000000
0001000000
0010000000
0000100000
0000000000
0000100000
0001000000
0000001000
0000000000
0000001000
0000010000
0001000000
0000000000
0001000000
0000100000
,
0000010000
0000000000
0000001000
0000000100
0000010000
0000000000
0000010000
0000001000
0001000000
0000000000
0001000000
0000100000
0000001000
0000000000
0000001000
0000010000
0000100000
0000000000
0000001000
0001000000
0000100000
0000000000
0000100000
0010000000
0001000000
0000000000
0001000000
0000100000
0000001000
0000000000
0000001000
0000100000
,
0000000100
0000000000
0001000000
0000001000
0000010000
0000000000
0000010000
0000000100
0000001000
0000000000
0000001000
0000010000
0001000000
0000000000
0001000000
0000010000
0010000000
0000000000
0001000000
0000000000
0010000000
0000000000
0000010000
0000000000
0001000000
0000000000
0001000000
0000000000
0000001000
0000000000
0000100000
0000000000
,
0001000000
0000100000
0000010000
0000001000
0000100000
0001000000
0000001000
0000010000
0000000100
0000001000
0000000100
0000100000
0000001000
0000001000
0001000000
0000010000
,
0000001000
0000000000
0000010000
0000000000
0000100000
0000000000
0001000000
0000000000
0000010000
0000000000
0000001000
0000000000
0001000000
0000000000
0000100000
0000000000
0010000000
0000000000
0001000000
0010000000
0000100000
0000000000
0010000000
0000000000
0000000100
0000000000
0000001000
0000000100
0000010000
0000000000
0000000100
0000000000
,
0010000000
0000000000
0001000000
0010000000
0000100000
0010000000
0000010000
0000100000
0000000100
0000001000
0000010000
0000100000
0002000000
0000000000
0000000000
0003000000
0010000000
0000000000
0000001000
0001000000
0000000100
0010000000
0000010000
0000100000
0000000100
0000100000
0000001000
0001000000
0000010000
0010000000
0000001000
0001000000
,
0000000100
0000000000
0000010000
0000000000
0000000100
0000000000
0000010000
0000000000
0000001000
0000000000
0001000000
0000000000
0000001000
0000000000
0001000000
0000000000
0000200000
0000000000
0000000000
0000000000
0000000000
0000000000
0000000000
0000300000
0020000000
0000000000
0000000000
0000000000
0000000000
0000000000
0000000000
0030000000
,
0002000000
0000000000
0000000000
0003000000
0000100000
0000010000
0000001000
0000000100
0000020000
0000000000
0000000000
0000000000
0000000000
0000000000
0000000000
0000030000
0000000100
0000001000
0000010000
0000001000
0000000100
0000010000
0000001000
0000010000
0001000000
0000100000
0010000000
0000100000
0001000000
0010000000
0000100000
0010000000
,
0000010000
0001000000
0000100000
0010000000
0001000000
0000100000
0000010000
0001000000
0000100000
0010000000
0001000000
0000100000
0000010000
0001000000
0000100000
0010000000
0011000000
0000000000
0000010000
0000100000
0000001000
0000000000
0000010000
0000000000
0000000100
0000000000
0000001000
0000000000
0000010000
0000000000
0000100000
0000000000
,
0011000000
0000000000
0000010000
0000100000
0000001000
0000000000
0000010000
0000000000
0000001000
0000000000
0000010000
0000000100
0000001000
0000000000
0000010000
0000000000
0011000000
0000000000
0010000000
0001000000
0010000000
0000000000
0010000000
0000000000
0000000100
0000001000
0000010000
0000100000
0001000000
0000000000
0010000000
0000000000
,
0001000000
0000100000
0000010000
0000001000
0000100000
0001000000
0000001000
0000010000
0001000000
0000100000
0000010000
0000001000
0000100000
0001000000
0000001000
0000010000
0000000100
0000000000
0000001000
0000000000
0000000100
0000000000
0000100000
0000000000
0000001000
0000000000
0000001000
0000000000
0001000000
0000000000
0000010000
0000000000
,
0000001000
0000000000
0000010000
0000000000
0000100000
0000000000
0001000000
0000000000
0000010000
0000000000
0000001000
0000000000
0001000000
0000000000
0000100000
0000000000
0010000000
0001000000
0010000000
0000000000
0000000100
0000001000
0000000100
0000000000
0010000000
0000100000
0010000000
0000000000
0000000100
0000010000
0000000100
0000000000
,
0010000000
0001000000
0000100000
0000010000
0001000000
0000100000
0000001000
0000010000
0000100000
0000010000
0000001000
0000000100
0000100000
0000001000
0001000000
0000010000
0010000000
0000000000
0000000000
0000000000
0000000000
0000000000
0000000000
0000000000
0000000000
0000000000
0000000000
0000000000
0000000100
0000000000
0000000000
0000000000
,
0010000000
0000000000
0001000000
0010000000
0000100000
0000000000
0000100000
0001000000
0000001000
0000000000
0000001000
0000010000
0001000000
0000000000
0001000000
0000100000
0000010000
0000000000
0000001000
0000000100
0000010000
0000000000
0000010000
0000001000
0001000000
0000000000
0001000000
0000100000
0000001000
0000000000
0000001000
0000010000
,
0000100000
0000000000
0000001000
0001000000
0000100000
0000000000
0000100000
0010000000
0001000000
0000000000
0001000000
0000100000
0000001000
0000000000
0000001000
0000100000
0000000100
0000000000
0001000000
0000001000
0000010000
0000000000
0000010000
0000000100
0000001000
0000000000
0000001000
0000010000
0001000000
0000000000
0001000000
0000010000
,
0010000000
0000000000
0001000000
0010000000
0000100000
0000000000
0000100000
0001000000
0000001000
0000000000
0000001000
0000010000
0001000000
0000000000
0001000000
0000100000
0000010000
0000000000
0000001000
0000000100
0000010000
0000000000
0000010000
0000001000
0001000000
0000000000
0001000000
0000100000
0000001000
0000000000
0000001000
0000010000
,
0000100000
0000000000
0000001000
0001000000
0000100000
0000000000
0000100000
0010000000
0001000000
0000000000
0001000000
0000100000
0000001000
0000000000
0000001000
0000100000
0000000100
0000000000
0001000000
0000001000
0000010000
0000000000
0000010000
0000000100
0000001000
0000000000
0000001000
0000010000
0001000000
0000000000
0001000000
0000010000
,
0010000000
0000000000
0000100000
0000000000
0000001000
0000000000
0000000100
0000000000
0000100000
0001000000
0000100000
0000001000
0000100000
0000000000
0000010000
0000000000
0010000000
0000000000
0001000000
0010000000
0000100000
0000000000
0000100000
0001000000
0000001000
0000000000
0000001000
0000010000
0001000000
0000000000
0001000000
0000100000
,
0000001000
0000000000
0000010000
0000000000
0001000000
0000000000
0010000000
0000000000
0000010000
0000001000
0000010000
0001000000
0000010000
0000000000
0000100000
0000000000
0000000100
0000000000
0000001000
0000000100
0000010000
0000000000
0000010000
0000001000
0001000000
0000000000
0001000000
0000100000
0000001000
0000000000
0000001000
0000010000
,
0001000000
0000000000
0000100000
0000000000
0000001000
0000000000
0000000100
0000000000
0000100000
0001000000
0000100000
0000001000
0000100000
0000000000
0000010000
0000000000
0010000000
0000000000
0001000000
0000000000
0000010000
0000000000
0000000100
0000000000
0000100000
0001000000
0000100000
0000001000
0000100000
0000000000
0000010000
0000000000
,
0010000000
0000000000
0000100000
0000000000
0000001000
0000000000
0000000100
0000000000
0000100000
0001000000
0000100000
0000001000
0000100000
0000000000
0000010000
0000000000
0010000000
0000000000
0001000000
0000000000
0000010000
0000000000
0000000100
0000000000
0010000000
0000100000
0000001000
0000000100
0010000000
0001000000
0000010000
0000000100
,
0002000000
0000000000
0000000000
0000000000
0000000000
0000000000
0000000000
0000000000
0000000000
0000000000
0000000000
0000000000
0000000000
0000000000
0000000000
0000000000
0000000000
0000000000
0000000000
0003000000
0002000000
0000000000
0000000000
0000000000
0000000000
0000000000
0000000000
0003000000
0000000200
0000000000
0000000000
0000000300
,
0002000000
0000000000
0000000000
0000000000
0000000000
0000000000
0000000000
0000000000
0000000000
0000000000
0000000000
0000000000
0000000000
0000000000
0000000000
0003000000
0002000000
0000000000
0000000000
0000000000
0000000000
0000000000
0000000000
0000000000
0000000000
0000000000
0000000000
0000000000
0000000000
0000000000
0000000000
0003000000
,
0000010000
0000110000
0000000000
0001010100
0000000000
0010101000
0000000000
0001111000
0000000000
0010000000
0000000100
0000000000
0000000000
0000000000
0000000000
0000000000
,
0000100000
0000110000
0000000000
0010101000
0000000000
0001010100
0000000000
0001111000
0000000000
0010000000
0000000100
0000000000
0000000000
0000000000
0000000000
0000000000
,
0001010100
0010101000
0000000000
0001111000
0000000000
0010110100
0000000000
0011001100
0000000000
0010101100
0011010100
0000000000
0000000000
0000000000
0000000000
0000000000