0000000000
0000000000
0000000000
0000000000
1000000000
0000000000
0000000000
0100000000
,
0010000000
0000000000
0001000000
0000000000
,
0000100000
0000000000
0000010000
0000000000
0000001000
0000000000
0000000000
0000000000
0000000100
0000000000
0000000010
0000000000
0000000001
0000000000
0000000010
0000000000
0000000100
0000000000
0000001000
0000000000
0000010000
0000000000
0000100000
0000000000
0001000000
0010000000
0100000000
1000000000
0100000000
0000000000
0000000000
0000000000
,
0010000000
0000000000
0001000000
0000000000
0000100000
0000000000
0000010000
0000000000
0000001000
0000000100
0000000010
0000000001
0000000010
0000000000
0000000000
0000000000
0000000100
0000000000
0000001000
0000000000
0000010000
0000000000
0000100000
0000000000
0001000000
0010000000
0100000000
1000000000
0100000000
0000000000
0000000000
0000000000
,
0010000000
0000000000
0001000000
0000000000
0000100000
0000000000
0000010000
0000000000
0000001000
0000000100
0000000010
0000000001
0000000010
0000000000
0000000000
0000000000
0000000100
0000000000
0000001000
0000000000
0000010000
0000000000
0000100000
0000000000
0001000000
0010000000
0100000000
1000000000
0100000000
0000000000
0000000000
0000000000
,
0010000000
0001000000
0000100000
0000010000
0000001000
0000000000
0000000000
0000000000
0000000100
0000000010
0000000001
0000000010
0000000100
0000001000
0000010000
0000100000
0001000000
0000000000
0000000000
0010000000
0100000000
0000000000
0000000000
1000000000
0100000000
0000000000
0000000000
0010000000
0001000000
0000000000
0000000000
0000100000
,
0000010000
0000000000
0000000000
0000000000
0000001000
0000000000
0000000000
0000000000
0000000100
0000000000
0000000010
0000000000
0000000001
0000000000
0000000010
0000000000
0000000100
0000000000
0000001000
0000010000
0000100000
0000000000
0001000000
0010000000
0100000000
0000000000
1000000000
0100000000
0010000000
0000000000
0001000000
0000100000
,
0000010000
0000000000
0000001000
0000000100
0000000010
0000000000
0000000001
0000000010
0000000100
0000000000
0000001000
0000010000
0000100000
0000000000
0001000000
0010000000
0100000000
0000000000
1000000000
0100000000
0010000000
0000000000
0001000000
0000100000
0000010000
0000000000
0000001000
0000000100
0000000010
0000000000
0000000001
0000000010
,
0000000100
0000000000
0000001000
0000010000
0000100000
0000000000
0001000000
0010000000
0100000000
0000000000
1000000000
0100000000
0010000000
0000000000
0001000000
0000100000
0000010000
0000000000
0000001000
0000000100
0000000010
0000000000
0000000001
0000000010
0000000100
0000000000
0000001000
0000010000
0000100000
0000000000
0001000000
0010000000
,
0100000000
0000000000
1000000000
0100000000
0010000000
0000000000
0001000000
0000100000
0000010000
0000000000
0000001000
0000000100
0000000010
0000000000
0000000001
0000000010
0000000100
0000000000
0000001000
0000010000
0000100000
0000000000
0001000000
0010000000
0100000000
0000000000
1000000000
0100000000
0010000000
0000000000
0001000000
0000100000
,
0000010000
0000000000
0000001000
0000000100
0000000010
0000000000
0000000001
0000000010
0000000100
0000000000
0000001000
0000010000
0000100000
0000000000
0001000000
0010000000
0100000000
0000000000
1000000000
0000000000
0100000000
0000000000
0010000000
0000000000
0001000000
0000000000
0000100000
0000000000
0000010000
0000000000
0000001000
0000000000
,
0000000100
0000000010
0000000001
0000000010
0000000100
0000001000
0000010000
0000100000
0001000000
0010000000
0100000000
1000000000
0100000000
0010000000
0001000000
0000100000
,
0000010000
0000000000
0000001000
0000000000
0000000100
0000000000
0000000010
0000000000
0000000001
0000000000
0000000010
0000000000
0000000100
0000000000
0000001000
0000000000
0000010000
0000000000
0000100000
0001000000
0010000000
0000000000
0100000000
1000000000
0100000000
0000000000
0010000000
0001000000
0000100000
0000000000
0000010000
0000001000
,
0000000100
0000000000
0000000010
0000000001
0000000010
0000000000
0000000100
0000001000
0000010000
0000000000
0000100000
0001000000
0010000000
0000000000
0100000000
1000000000
0100000000
0000000000
0010000000
0001000000
0000100000
0000010000
0000001000
0000000100
0000000010
0000000001
0000000010
0000000100
0000001000
0000010000
0000100000
0001000000
,
0010000000
0000000000
0100000000
0000000000
1000000000
0000000000
0100000000
0000000000
0010000000
0000000000
0001000000
0000000000
0000100000
0000000000
0000010000
0000000000
0000002000
0000000000
0000000000
0000000000
0000000000
0000000000
0000000000
0000003000
0000000100
0000000000
0000000010
0000000000
0000000002
0000000000
0000000003
0000000010
,
0000000200
0000000000
0000000300
0000001000
0000010000
0000100000
0001000000
0010000000
0200000000
0000000000
0000000000
0000000000
0000000000
0000000000
0000000000
0300000000
1000000000
0100000000
0010000000
0001000000
0000100000
0000010000
0000001000
0000000100
0000000010
0000000001
0000000010
0000000100
0000001000
0000010000
0000100000
0001000000
,
0020000000
0000000000
0000000000
0030000000
0200000000
0000000000
0000000000
0300000000
2000000000
0000000000
0000000000
3000000000
0200000000
0000000000
0000000000
0300000000
0010000000
0000000000
0001000000
0000100000
0000010000
0000000000
0000001000
0000000000
0000000100
0000000000
0000000010
0000000000
0000000001
0000000000
0000000010
0000000000
,
0000000100
0000000000
0000001000
0000010000
0000100000
0000000000
0001000000
0000000000
0010000000
0000000000
0100000000
0000000000
1000000000
0000000000
0100000000
0000000000
0010000000
0000000000
0001000000
0000100000
0000010000
0000000000
0000001000
0000000000
0000000100
0000000000
0000000010
0000000000
0000000001
0000000000
0000000010
0000000000
,
0000000100
0000001000
0000010000
0000100000
0001000000
0010000000
0100000000
1000000000
0100000000
0010000000
0001000000
0000100000
0000010000
0000001000
0000000100
0000000010
0000000001
0000000000
0000000010
0000000000
0000000100
0000000000
0000001000
0000000000
0000010000
0000000000
0000100000
0000000000
0001000000
0000000000
0010000000
0000000000
,
0100000000
0000000000
1000000000
0000000000
0100000000
0000000000
0010000000
0000000000
0001000000
0000000000
0000100000
0000000000
0000010000
0000000000
0000001000
0000000000
0000000100
0000000010
0000000001
0000000000
0000000010
0000000100
0000001000
0000000000
0000010000
0000100000
0001000000
0000000000
0010000000
0100000000
1000000000
0000000000
,
0100000000
0010000000
0001000000
0000100000
0000010000
0000001000
0000000100
0000000010
0000000001
0000000010
0000000100
0000001000
0000010000
0000100000
0001000000
0010000000
0100000000
0000000000
0000000000
0000000000
0000000000
0000000000
0000000000
0000000000
0000000000
0000000000
0000000000
0000000000
1000000000
0000000000
0000000000
0000000000
,
0100000000
0000000000
0010000000
0001000000
0000100000
0000000000
0000010000
0000001000
0000000100
0000000000
0000000010
0000000001
0000000010
0000000000
0000000100
0000001000
0000010000
0000000000
0000100000
0001000000
0010000000
0000000000
0100000000
1000000000
0100000000
0000000000
0010000000
0001000000
0000100000
0000000000
0000010000
0000001000
,
0000000100
0000000000
0000000010
0000000001
0000000010
0000000000
0000000100
0000001000
0000010000
0000000000
0000100000
0001000000
0010000000
0000000000
0100000000
1000000000
0100000000
0000000000
0000000000
0000000000
0000000000
0000000000
0000000000
0000000000
0000000000
0000000000
0000000000
0000000000
0000000000
0000000000
0000000000
0000000000
,
0010000000
0000000000
0001000000
0000100000
0000010000
0000000000
0000001000
0000000100
0000000010
0000000000
0000000001
0000000010
0000000100
0000000000
0000001000
0000010000
0000100000
0000000000
0001000000
0010000000
0100000000
0000000000
1000000000
0100000000
0010000000
0000000000
0001000000
0000100000
0000010000
0000000000
0000001000
0000000100
,
0000000010
0000000000
0000000001
0000000010
0000000100
0000000000
0000001000
0000010000
0000100000
0000000000
0001000000
0010000000
0100000000
0000000000
1000000000
0100000000
0010000000
0000000000
0000000000
0000000000
0001000000
0000000000
0000000000
0000000000
0000100000
0000000000
0000010000
0000000000
0000001000
0000000000
0000000100
0000000000
,
0000000010
0000000000
0000000001
0000000000
0000000010
0000000000
0000000100
0000000000
0000001000
0000010000
0000100000
0001000000
0010000000
0000000000
0000000000
0000000000
0100000000
0000000000
1000000000
0100000000
0010000000
0000000000
0001000000
0000100000
0000010000
0000000000
0000001000
0000000100
0000000010
0000000000
0000000001
0000000010
,
0000000100
0000000000
0000001000
0000000000
0000010000
0000000000
0000100000
0000000000
0001000000
0010000000
0100000000
1000000000
0100000000
0000000000
0000000000
0000000000
0010000000
0000000000
0001000000
0000100000
0000010000
0000000000
0000001000
0000000100
0000000010
0000000001
0000000010
0000000100
0000001000
0000010000
0000100000
0001000000
,
0010000000
0000000000
0100000000
0000000000
1000000000
0000000000
0100000000
0000000000
0010000000
0001000000
0000100000
0000010000
0000001000
0000000000
0000000000
0000000000
0000000100
0000000000
0000000010
0000000000
0000000001
0000000000
0000000010
0000000000
0000000100
0000001000
0000010000
0000100000
0001000000
0000000000
0000000000
0000000000
,
0010000000
0000000000
0100000000
0000000000
1000000000
0000000000
0100000000
0000000000
0010000000
0001000000
0000100000
0000010000
0000001000
0000000000
0000000000
0000000000
0000000100
0000000000
0000000010
0000000000
0000000001
0000000000
0000000010
0000000000
0000000100
0000001000
0000010000
0000000000
0000100000
0001000000
0010000000
0100000000
,
1000000000
0100000000
0010000000
0001000000
0000100000
0000010000
0000001000
0000000100
0000000010
0000000001
0000000010
0000000100
0000001000
0000010000
0000100000
0001000000
,
0010000000
0100000000
1000000000
0100000000
0010000000
0001000000
0000100000
0000010000
0000001000
0000000100
0000000010
0000000001
0000000010
0000000100
0000001000
0000010000
,
0000100000
0001000000
0000000000
0010000000
0000000000
0100000000
0000000000
1000000000
0000000000
0100000000
0010000000
0000000000
0001000000
0000000000
0000100000
0000000000
,
0000010000
0000001000
0000000000
0000000100
0000000000
0000000010
0000000000
0000000001
0000000000
0000000010
0000000100
0000000000
0000001000
0000000000
0000010000
0000000000
,
0000100000
0001000000
0000000000
0010000000
0000000000
0100000000
0000000000
1000000000
0000000000
0100000000
0010000000
0000000000
0000000000
0000000000
0000000000
0000000000