00000
00000
00000
00000
,
00000
00000
00000
00000
,
01000
00000
00100
00000
01000
00000
00010
00000
00200
00000
00000
00300
00010
00000
00100
00000
,
00001
10000
00100
01000
00010
00000
00110
00000
,
01000
00100
10000
01000
00100
00010
01000
00100
,
10000
00100
00010
00001
00100
00000
10010
00000
,
10000
00000
00100
00000
01000
00000
00100
00000
00020
00000
00000
00030
00001
00000
00100
00000
,
00010
00000
00100
00000
01000
00000
00100
00000
00002
00000
00000
00003
00010
00000
00100
00000
,
00010
00001
00100
00010
01000
00100
10000
00010
,
02000
03010
00200
00301
20000
30100
02000
03010
,
10000
00100
10000
00100
01000
00010
00100
00001
,
00010
00000
00100
00000
01000
00000
00010
00000
00200
00000
00000
00300
01000
00000
00100
00000
,
00010
01000
00100
10000
10001
00000
10000
00000
,
00001
00100
10000
01000
00010
01010
00000
00000
,
01000
00010
00100
01000
10000
00010
01000
00100
,
10000
00000
00010
00000
00100
00000
00010
00000
02000
00000
00000
03000
00001
00000
00000
00000
,
01000
00000
00100
00000
00010
00000
00001
00000
20000
00000
00000
30000
00010
00000
01000
00000
,
00100
10000
00010
01000
00100
01000
00010
00000
,
20202
00000
30303
10110
,
20202
00000
30303
01101
,
20202
00000
30303
01110
,
10001
00100
01000
00010
00100
00001
01000
00100
,
20202
00000
30303
01101
,
20202
00000
30303
10110
,
20202
00000
30303
01110
,
00001
00100
00010
01000
00010
10000
00100
01000
,
00001
00001
01000
00100
10000
00010
00100
00010
,
01000
10000
00100
00001
00010
00100
01000
00010
,
10000
00100
10000
00010
01000
10000
01000
00100
,
10000
00010
10000
00100
00001
00010
00100
00001
,
10000
10101
00000
10000
10110
00000
01000
01110
,
00000
00000
00001
10101
00000
00001
01101
00000
,
00010
00000
01110
00000
00000
00000
00000
00000
00000
00000
00000
00000
00000
10000
00000
00100
,
00000
01000
00000
00010
00000
00100
00000
00001
00000
10000
00000
00010
00000
10000
00000
10110
,
00000
00000
00000
01000
00000
01110
00000
00000
00000
10000
00000
10101
00000
00001
00000
01000
,
00000
00010
00000
00010
00000
20000
00000
00000
30000
00010
00000
00100
00000
00001
00000
00001
,
00000
00100
00000
00010
00000
10000
00000
01000
00000
00100
00000
00010
00000
01010
00000
00010
,
00000
01000
00000
00100
00000
10000
00000
10000
00000
00010
00000
01000
00000
00001
00000
01101
,
00000
00000
00000
00010
00000
01110
00000
00000
00000
00001
00000
10101
00000
10000
00000
00010
,
00000
00100
00000
01000
00000
20000
00000
00000
30000
00001
00000
00100
00000
00010
00000
01000
,
00000
00100
00000
10000
00000
00010
00000
00000
00000
00110
00000
00000
00000
10000
00000
00100
,
00000
01000
00000
00010
00000
01000
00000
00001
00000
00100
00000
00010
00000
10000
00000
10101
,
00000
00000
00000
00001
00000
01101
00000
00000
00000
01000
00000
01110
00000
00010
00000
10000
,
00000
00100
00000
01000
00000
00002
00000
00000
00003
01000
00000
00010
00000
10000
00000
00100
,
00000
01000
00000
00010
00000
00100
00000
00001
00000
10000
00000
00100
00000
01110
00000
00010
,
00000
00000
00000
10110
00000
00010
00000
00000
00000
01110
00000
00010
00000
00000
00000
10110
,
00000
00010
00000
00000
00000
01000
00000
00001
00000
00100
00000
00010
00000
01110
00000
01000
,
00000
00000
00000
01101
00000
01000
00000
00000
00000
01110
00000
01000
00000
00000
00000
01101
,
00000
01000
00000
00000
00000
00010
00000
01000
00000
00100
00000
10000
00000
10101
00000
00001
,
00000
00000
00000
01101
00000
00001
00000
00000
00000
10101
00000
00001
00000
00000
00000
01101
,
00000
00001
00000
00000
00000
01000
00000
00010
00000
00100
00000
00001
00000
10101
00000
10000
,
00000
00000
00000
10110
00000
10000
00000
00000
00000
10101
00000
10000
00000
00000
00000
10110
,
00000
10000
00000
00000
00000
00100
00000
00000
00000
00100
00000
00000
00000
20000
30000
02000
,
03000
00200
00300
00020
00030
01000
00100
02000
03000
20000
30000
00200
00300
00002
00003
00020
,
00030
00200
00300
02000
03000
00010
00100
00020
00030
00002
00003
00200
00300
20000
30000
00002
,
00003
02000
03000
00020
00030
20000
30000
00002
00003
02000
03000
00020
00030
00100
00000
10000
,
00000
01000
00000
00010
00000
00001
00000
00100
00000
10000
00000
00010
00000
01000
00000
00100
,
00000
10000
00000
00100
00000
00001
00000
00010
00000
01000
00000
00100
00000
10000
00000
00010
,
00000
01000
00000
00100
00000
00010
00000
00001
00000
00100
00000
00001
00000
00010
00000
00001
,
00000
00100
00000
01000
00000
10000
00000
00100
00000
10000
00000
01000
00000
00100
00000
00010
,
00000
01000
00000
00010
00000
10000
00000
01000
00000
00100
00000
00010
00000
01000
00000
00100
,
00000
00000
00000
00010
00000
00000
00000
00000
00000
00001
00000
00000
00000
00000
00000
00100
00000
00000
00000
00000
00000
00010
00000
00000
00000
00000
00000
01000
00000
00000
00000
00000
00000
00001
00000
00000
10000
00000
00000
00000
01000
00000
00000
00000
00100
00000
00000
00000
,
00010
00001
00010
00100
01000
10000
01000
00100
00010
00001
00010
00100
,
01000
00000
00000
00000
10000
00000
00000
00000
01000
00000
00000
00000
00100
00000
00000
00000
00010
00000
00000
00000
00001
00000
00000
00000
00010
00000
00000
00000
00100
00000
00000
00000
01000
00000
00000
00000
20000
00000
00000
30000
00000
00000
00020
00000
00000
00030
00000
00000
,
20000
30000
00020
00030
02000
03000
00002
00003
02000
03000
00002
00003
20000
30000
00020
00030
,
20000
30000
00020
00030
02000
03000
00002
00003
02000
03000
00002
00003
00020
00030
20000
30000
,
00020
00030
20000
30000
02000
03000
00002
00003
02000
03000
00002
00003
20000
30000
00020
00030
,
20000
30000
00020
00030
00002
00003
02000
03000
00002
00003
02000
03000
00100
00000
00010
00000
,
10000
00010
01000
00001
00100
00001
10000
00100
,
00001
00010
01000
00100
10000
00001
01000
00100
,
00010
00000
00001
00000
10000
00000
00100
00000
10000
00000
10000
00000
00001
00100
00010
00000
,
01000
00100
10000
00000
00010
00100
01000
00000
00100
00010
01000
00000
02020
00000
00000
00000
,
00000
00000
03030
00100
,
00000
00000
10001
00000
01010
00000
00100
00001
,
00100
00010
01000
00100
10000
00010
01000
00001
,
00100
00000
00010
00000
02000
00000
00000
03000
00100
00000
10000
00000
01000
00000
00100
00000
,
00010
01000
01010
00000
00000
00000
01000
00100
,
00010
00001
10000
10001
00000
00000
00010
01000
,
00001
00000
00100
00000
00020
00000
00000
00030
01000
00000
00100
00000
10000
00000
00100
00000
,
00001
00000
00010
00000
02000
00000
00000
03000
10000
00000
00100
00000
00001
00000
00100
00000
,
00010
01000
00100
10000
00100
00001
00010
00100
,
00001
00010
00100
01000
00010
00100
02020
00000
,
00000
00000
00000
00000
00000
00000
00000
03030
00000
00000
00000
00000
00100
00000
10101
00000
,
00000
00100
01110
00000
00100
10101
00000
00000