0000000000
0000000000
0000000000
0000000000
,
0010000100
0000000000
0020000200
0000000000
0000000000
0000000000
0000000000
0030000300
,
0021001200
0030110300
0120000210
1030000301
,
0200110020
0310000130
0102002010
0013003100
,
0100220010
0000000000
0010330100
0000000000
0000000000
1000101010
1000101010
0000000000
,
0200102001
0010000100
0300103001
0000000000
1002010020
0010000100
1003010030
0000000000
,
0110001100
0000200002
1000010000
0000000000
0010000100
0000000000
0100301003
0000000000
,
0011000110
2000020000
0000100001
0000000000
0010000100
0000000000
3001030010
0000000000
,
0020100201
1000010000
0030100301
1000110001
,
0100001000
0010000100
0000000000
0001000010
0010000100
0000000000
1000110001
0000000000
,
0200002000
0001000010
1300013000
0010100101
,
0002000020
0100001000
0003100031
1010010100
,
2100021000
0010000100
3001030010
0000000000
0001200012
0010000100
0100301003
0000000000
,
0010000100
0100001000
0102001020
0000000000
1000010000
0000000000
0003100031
0000000000
,
0010000100
0001000010
0201002010
0000000000
0000100001
0000000000
1300013000
0000000000
,
0021000210
0000000000
0130001300
0000000000
0010000100
1000010000
0010000100
0000000000
,
0120001200
0000000000
0031000310
0000000000
0010000100
0000100001
0010000100
0000000000
,
0021001200
0100000010
1000000001
0030101300
,
0010000000
0012000000
0100000000
1003000000
,
0000000100
0000002100
0000000010
0000003001
,
0001000010
1000010000
0010000100
0000000000
0100001000
0000100001
0010000100
0000000000
,
2000220002
0000000000
0000000000
3000330003
,
0010000100
0001200012
0100001000
1000310003
,
0010000100
2100021000
0001000010
3000130001
,
0000100001
0000000000
0011001100
0000000000
0101000010
0101000010
0000110000
0000000000
,
0000110000
0000000000
0110000110
0000000000
0001001000
0001001000
1000000001
0000000000
,
0001001000
0110000110
0100000010
0010110100
,
0000110000
0000110000
1000000001
1000000001
0010000100
0010000100
0020000200
0000000000
,
0100001000
0000000000
0001000010
0000000000
0100001000
0001000010
0100001000
0000000000
,
0001000010
0100001000
1000010000
0030100301
,
0201002010
0010000100
0300103001
1001010010
,
0102001020
0010000100
1003010030
0100101001
,
0000100001
0100001000
1000010000
0001000010
0010000100
0100101001
1001010010
0000000000
,
0100001000
0100001000
0010100101
0000000000
0001000010
0001000010
1010010100
0000000000
,
1000010000
0000000000
0010100101
0000000000
0011000110
1000010000
1001010010
0000000000
,
0000100001
0000000000
1010010100
0000000000
0110001100
0000100001
0100101001
0000000000
,
2001020010
3000130001
0100201002
1000310003
,
1000010000
0001000010
0000100001
0100001000
0010000100
1001010010
0100101001
0000000000
,
1000010000
1000010000
0011000110
0000000000
0000100001
0000100001
0110001100
0000000000
,
0100001000
1100011000
0001000010
0001100011
,
0100101001
0000000000
2000110002
0000000000
0010000100
0001001000
3000110003
0000000000
,
0100110010
0000000000
2000110002
0000000000
0010000100
0001001000
3000110003
0000000000
,
1002002001
0203003020
0300220030
1000330000
,
0101001010
0010000100
1000110001
0000000000
0001111000
0000000000
1100000011
0000000000
,
1010110101
0000000000
0000000000
0000000000