// measure 0
0000000000
0000000000
0000000000
0000000000
,  // measure 1
0000220000
0000000000
0000000000
0000000000
0000000000
0000330000
0000000000
0000000000
,  // measure 2
0000110000
0000110000
0000110000
0000110000
0000000100
0000010000
0000000100
0000001000
,  // measure 3
0000000001
0000000100
0000000001
0000000000
0000010000
0000000100
0000010000
0000000000
0000001000
0000000000
0001000000
0000000000
0010000000
0000000000
1000000000
0000000000
,  // measure 4
0000100000
0010000000
0001000000
0000000000
0100000000
0000000000
0000100000
0000000000
0000001000
0000000000
0000000010
0000000000
0000000100
0000000000
0000000001
0000000000
,  // measure 5
0000000010
0000000100
0000001000
0000000000
0000010000
0000000000
0000100000
0000000000
0002000000
0000000000
0013000000
0000000000
0200000000
0000000000
0310000000
0000000000
,  // measure 6
0110000000
0000000000
0100000000
0010000000
0100000000
0010000000
0100000000
0010000000
1000000000
0000000000
0010000000
0000000000
0000100000
0000000000
0000001000
0000000000
,  // measure 7
0000010000
0000000100
0000000001
0000000000
0000000010
0000000000
0000000100
0000000000
0000000001
0000000000
0000000010
0000000000
0000000100
0000000000
0000010000
0000000000
,  // measure 8
0001000000
0010000000
0100000000
0000000000
1000000000
0000000000
0010000000
0000000000
0100000000
0000000000
0000100000
0000000000
0010000000
0000000000
1000000000
0000000000
,  // measure 9
0100000000
0010000000
0001000000
0000000000
0000001000
0000000000
0000010000
0000000000
0000000200
0000000000
0000100300
0000000000
0000000200
0000000000
0000010300
0000000000
,  // measure 10
0000000100
0000001000
0000000100
0000001000
0000000010
0000000100
0000000010
0000000100
0000000001
0000000000
0000001000
0000000000
0000010000
0000000000
0001000000
0000000000
,  // measure 11
0010000000
0100000000
0000100000
0000000000
0010000000
0000000000
0001000000
0000000000
1000000000
0000000000
0000100000
0000000000
0001000000
0000000000
0000010000
0000000000
,  // measure 12
0000000100
0000000001
0000001000
0000000000
0000000010
0000000000
0000000100
0000000000
0000010000
0000000000
0001000000
0000000000
0000001000
0000000000
0000010000
0000000000
,  // measure 13
0001000000
0010000000
0000100000
0000000000
0000001000
0000000000
0000000100
0000000000
0000100000
0000000000
0001000000
0000000000
0000010000
0000000000
0000000100
0000000000
,  // measure 14
0000001000
0000100000
0010000000
0000000000
0001000000
0000010000
0000000100
0000000000
0000001000
0000000000
0000100000
0000000000
0010000000
0000000000
0001000000
0000000000
,  // measure 15
0100000000
0010000000
0100000000
0000000000
1000000000
0010000000
0001000000
0000000000
0000010000
0000000000
0000000010
0000000000
0000000100
0000000000
0000000001
0000000000
,  // measure 16
0000010000
0000000100
0000010000
0000000000
0000000010
0000000100
0000010000
0000000000
0010000000
0000000000
0001000000
0000000000
0100000000
0000000000
0010000000
0000000000
,  // measure 17
1000000000
0000100000
0000010000
0000000000
0000000001
0000000000
0000010000
0000000000
0000000100
0000100000
0000001000
0001000000
0000010000
0010000000
0000001000
0001000000
,  // measure 18
0000000100
0000100000
0000010000
0002000000
0000002000
0000000000
0003003000
0000000000
0020220000
0000000000
0030330000
0000000000
0010000000
0000100000
0001000000
0000000000
,  // measure 19
0000001000
0000000000
0000010000
0000000000
0000100100
0000000000
0000000000
0000000000
0000220200
0000000000
0000330300
0000000000
0000000100
0000010000
0000001000
0000000000
,  // measure 20
0001000000
0000000000
0000100000
0000000000
0010010000
0000000000
0000000000
0000000000
0020220000
0000000000
0030330000
0000000000
0010000000
0000100000
0001000000
0000000000
,  // measure 21
0000001000
0000000000
0000010000
0000000000
0000100100
0000000000
0000000000
0000000000
0000000100
0000100000
0000001000
0001000000
0000010000
0010000000
0000001000
0001000000
,  // measure 22
0000010000
0000100000
0000010000
0000100000
0000010000
0000100000
0000010000
0000100000
0020220200
0000000000
0030330300
0000000000
0000000100
0000010000
0000001000
0000000000
,  // measure 23
0001000000
0000000000
0000100000
0000000000
0010010000
0000000000
0000000000
0000000000
2020220000
0000000000
3030330000
0000000000
0010000000
0000100000
0001000000
0000000000
,  // measure 24
0000001000
0000000000
0000010000
0000000000
0000100100
0000000000
0000000000
0000000000
0000220202
0000000000
0000330303
0000000000
0000000100
0000010000
0000001000
0000000000
,  // measure 25
0001000000
0000000000
0000100000
0000000000
0010010000
0000000000
0000000000
0000000000
0010000000
0000100000
0001000000
0000010000
0000100000
0001000000
0000010000
0000001000
,  // measure 26
0001000000
0000010000
0001000000
0000010000
0001000000
0000010000
0001000000
0000010000
0000001000
0000000000
0000000010
0000000000
0000000100
0000000000
0000000001
0000000000
,  // measure 27
0000000010
0000000100
0000001000
0000000000
0000100000
0010000000
1000000000
0000000000
0100000000
0000000000
0001000000
0000000000
0010000000
0000000000
0000100000
0000000000
,  // measure 28
1000000000
0010000000
0000100000
0000000000
0000001000
0000000100
0000000010
0000000000
0000010000
0000000000
0000000001
0000000000
0000000100
0000000000
0000000010
0000000000
,  // measure 29
0000000001
0000000100
0000001000
0000000000
0000100000
0010000000
0100000000
0000000000
1000000000
0000000000
0000100000
0000000000
0010000000
0000000000
1000000000
0000000000
,  // measure 30
0100000000
0010000000
0000100000
0000000000
0000001000
0000000100
0000000001
0000000000
0000020000
0000000000
0000030101
0000000000
0000000000
0000000000
0000000200
0000000000
,  // measure 31
0010100300
0000000000
0020000000
0030110000
0000000000
0000000000
0000000000
0000000000
,  // measure 32
0000000000
0000000000
0000000000
0000000000
0000200000
1010300000
0000000000
0020000000
,  // measure 33
0030010100
0000000000
0000000200
0000110300
0000000000
0000000000
0000000000
0000000000
,  // measure 34
0000000000
0000000000
0000000000
0000000000
0000000001
0000000100
0000000001
0000010000
,  // measure 35
0000000100
0000010000
0000000001
0000000100
0000020000
0010130000
0000010000
0000200000
,  // measure 36
0000310100
0000100000
0000020000
0010130000
0000010000
0000100000
0000000100
0000010000
,  // measure 37
0000000001
0000000100
0000010000
0000000000
0000001000
0000000000
0000000100
0000000000
0000010000
0000000000
0000001000
0000000000
0001000000
0000000000
0000100000
0000000000
,  // measure 38
0020000000
0000000000
0000220000
0000000000
0000000000
0030330000
0000000000
0000000000
1000000000
0000000000
0010000000
0000000000
1000000000
0000000000
0000100000
0000000000
,  // measure 39
0010000000
0000100000
1000000000
0010000000
0000200000
0000310100
0000100000
0000020000
,  // measure 40
0010130000
0000010000
0000200000
0000310100
0000100000
0000010000
0010000000
0000100000
,  // measure 41
1000000000
0100000000
0010000000
0000000000
0001000000
0000000000
0000100000
0000000000
0000010000
0000000000
0000001000
0000000000
0000100000
0000000000
0002000000
0000000000
,  // measure 42
0000020200
0000000000
0000000000
0000000000
0000000000
0003030300
0000000000
0000000000
0000100000
0000000000
0000000100
0000000000
0000100000
0000000000
0000010000
0000000000
,  // measure 43
0010000000
0000010000
0001000000
0000001000
0000200000
0001301000
0000100000
0000020000
,  // measure 44
0001031000
0000010000
0000200000
0001301000
0000100000
0000010000
0000001000
0000000100
,  // measure 45
0000010000
0000000001
0000000100
0000000000
0000000010
0000000000
0000000001
0000000000
0000000100
0000000000
0000010000
0000000000
0000001000
0000000000
0001000000
0000000000
,  // measure 46
0000100000
0010000000
1000100000
0000000000
1010100000
0001000000
0000000000
0011100000
,  // measure 47
0000001000
0000000000
0011001000
0000010000
0000000000
0001011000
0000000100
0000000000
,  // measure 48
0000010000
0000000100
0000001000
0000000000
0000000010
0000000000
0000000100
0000000000
0000010101
0000000000
0000001000
0000000000
0000000000
0000000000
0000011100
0000000000
,  // measure 49
0001000000
0000000000
0001001100
0000100000
0000000000
0001101000
0010000000
0000000000
,  // measure 50
0000100000
0100000000
0010000000
0000000000
1000000000
0010000000
0100000000
0010000000
1011000000
0000000000
0000100000
0000000000
0000000000
0000000000
0011100000
0000000000
,  // measure 51
0000010000
0000000000
0010110000
0000001000
0000000000
0000111000
0000000100
0000000000
,  // measure 52
0000010000
0000000010
0000000100
0000000000
0000000001
0000000100
0000000010
0000000100
0000001101
0000000000
0000010000
0000000000
0000000000
0000000000
0000011100
0000000000
,  // measure 53
0000100000
0000000000
0000110100
0001000000
0000000000
0001110000
0010000000
0000000000
,  // measure 54
0001000000
0000000000
0000000000
1000000000
0000000000
0000000000
0010000000
0000000000
0000000000
0000000000
0000000000
0000000000
0100000000
0000000000
0000000000
0000000000
0000000000
0000000000
0001000000
0000000000
0000000000
0000000000
0000000000
0000000000
0010000000
0000000000
0000000000
0000000000
0000100000
0000000000
0000000000
0000000000
0000001000
0000000000
0000000000
0000000000
0000000100
0000000000
0000000000
0000000000
0000010000
0000000000
0000000000
0000000000
0000000001
0000000000
0000000000
0000000000
,  // measure 55
0000000010
0000000100
0000010000
0001000000
0100000000
0010000000
1000000000
0000100000
0001000000
0000000100
0000001000
0000000010
,  // measure 56
0000000001
0000000000
0000000000
0000000000
0000000100
0000000000
0000000000
0000000000
0000010000
0000000000
0000000000
0000000000
0001000000
0000000000
0000000000
0000000000
0010000000
0000000000
0000000000
0000000000
0100000000
0000000000
0000000000
0000000000
1000000000
0000000000
0000000000
0010000000
0000000000
0000000000
0100000000
0000000000
0000000000
0001000000
0000000000
0000000000
0010000000
0000000000
0000000000
0000100000
0000000000
0000000000
0001000000
0000000000
0000000000
0000010000
0000000000
0000000000
,  // measure 57
0000100000
0000001000
0000010000
0000000100
0000001000
0000000010
0000000100
0000000001
0000010000
0000000000
0000001000
0000000000
0001000000
0000000000
0010000000
0000000000
,  // measure 58
0100000000
0001000000
1000000000
0000000000
0000100000
0000000000
0010000000
0000000000
0001000000
0000000000
0000100000
0000000000
0000000100
0000000000
0000010000
0000000000
,  // measure 59
0000000001
0000001000
0000000010
0000000000
0000000100
0000000000
0000001000
0000000000
0001000000
0000000000
0000100000
0000000000
1000000000
0000000000
0010000000
0000000000
,  // measure 60
0100000000
0010000000
0001000000
0000000000
0000100000
0000000000
0000001000
0000000000
0000000010
0000000000
0000010000
0000000000
0000000100
0000000000
0000000001
0000000000
,  // measure 61
0000000010
0000000100
0000001000
0000000000
0001000000
0010000000
0100000000
0000000000
0110100000
0000000000
0001000000
0000000000
1000000000
0000000000
0010000000
0000000000
,  // measure 62
0001000000
0000010000
0000000100
0000000000
0000000001
0000000000
0000010000
0000000000
0000000100
0000000000
0000000001
0000000000
0000000010
0000000000
0000000100
0000000000
,  // measure 63
0000010000
0001000000
0010000000
0000000000
0100000000
0000000000
0010000000
0000000000
1000000000
0100000000
0010000000
0001000000
0000100000
0000001000
0000000100
0000000010
,  // measure 64
0000000001
0000000010
0000000100
0000001000
0000010000
0001000000
0010000000
0100000000
1000000000
0100000000
0010000000
0001000000
0000100000
0000001000
0000000100
0000000010
,  // measure 65
0000000001
0000000010
0000000100
0000001000
0000010000
0001000000
0010000000
0100000000
1000000000
0010000000
1000000000
0001000000
0100000000
0000100000
0010000000
0000100000
,  // measure 66
0100000000
0010000000
1000000000
0001000000
0010000000
0000100000
0001000000
0000001000
0000010000
0000000010
0000000100
0000000010
0000001000
0000000001
0000000100
0000000001
,  // measure 67
0000001000
0000000010
0000010000
0000000100
0000001000
0000010000
0000100000
0001000000
1000000000
0010000000
1000000000
0001000000
0100000000
0000100000
0010000000
0001000000
,  // measure 68
0000010000
0000000100
0000001000
0000000001
0000000100
0000000010
0000010000
0000000100
0000100000
0000010000
0010000000
0000100000
1000000000
0010000000
0100000000
0001000000
,  // measure 69
0010000000
0000001000
0001000000
0000000100
0000001000
0000000010
0000000100
0000000001
0000010000
0000000100
0000100000
0000000100
0000010000
0000001000
0001000000
0000100000
,  // measure 70
0010000000
0000010000
0010000000
0000100000
1000000000
0010000000
0100000000
0001000000
0010000000
0000001000
0010000000
0001000000
0000100000
0000010000
0000001000
0000000100
,  // measure 71
0001000000
0000000100
0000001000
0000010000
0000100000
0001000000
0010000000
0100000000
1000000000
0010000000
0100000000
0001000000
0000100000
0000010000
0000001000
0000000010
,  // measure 72
0000000100
0000000001
0000010000
0000000100
0010000000
0000100000
1000000000
0010000000
0100000000
0001000000
0000100000
0000010000
0000001000
0000000100
0000000010
0000000001
,  // measure 73
0000000010
0000000100
0000001000
0000010000
0000100000
0001000000
0010000000
0200000000
2000000000
0000000000
0000000000
0000000000
0000000000
0000000000
0000000000
0000000000
,  // measure 74
0000000000
0000000000
3310000000
0000000000
,  // measure 75
1110000000
0000000000
0110000000
1000000000
0110000000
1000000000
0110000000
1000000000
0010000000
0000000000
0100000000
0000000000
0001000000
0000000000
0000010000
0000000000
,  // measure 76
0000000010
0000000100
0000001000
0000000100
0000000010
0000000000
0000001000
0000000000
0000000001
0000000000
0000000100
0000000000
0000010000
0000000000
0001000000
0000000000
,  // measure 77
0000100000
0010000000
1000000000
0010000000
0000100000
0000000000
0001000000
0000000000
0000001000
0000000000
0000000100
0000000000
0000001000
0000000000
0001000000
0000000000
,  // measure 78
0010000000
0001000000
0000001000
0000000100
0000001000
0000000000
0001000000
0000000000
0000010000
0000000000
0000000100
0000000000
0000010000
0000000000
0000100000
0000000000
,  // measure 79
0010000000
0000100000
0000010000
0000000100
0000010000
0000000000
0000100000
0000000000
0010000000
0000000000
1000000000
0000000000
0001000000
0000000000
0010000000
0000000000
,  // measure 80
0000010000
0000001000
0000000100
0000000010
0000000001
0000000000
0000000100
0000000000
0000000010
0000000000
0000010000
0000000000
0000000001
0000000000
0000000100
0000000000
,  // measure 81
0001000000
0000100000
0010000000
1000000000
0100000000
0000000000
0010000000
0000000000
0001000000
0000000000
1000000000
0000000000
0000100000
0000000000
0100000000
0000000000
,  // measure 82
0010000000
0001000000
0000001000
0000000100
0000000010
0000000000
0000000100
0000000000
0000000001
0000000100
0000010000
0000100000
0010000000
1000000000
0010000000
0100000000
,  // measure 83
0010000000
0001000000
0000001000
0000000100
0000000010
0000000001
0000000100
0000010000
0000011000
0000000000
0000000000
0000000000
0000000000
0000000000
0000000000
0000000000
,  // measure 84
0011100000
0000011100
0000000000
0000000111
0000011100
0000000000
1110000000
0011100000