0000000000
0000000000
0000000000
0000000000
,
0000000000
0000000000
0000000000
0000000000
,
1000000000
0000000000
0010000000
0000000000
1000000000
0000000000
0001000000
0000000000
0100000000
0010000000
0100000000
0000000000
0001000000
0010000000
0001000000
0000000000
,
0000100000
0000000000
0000010000
0000000000
0000000100
0000000000
0000000010
0000000000
0000001000
0000000100
0000010000
0000000000
0000000010
0000000000
0000001000
0000000000
,
0000100000
0000000000
0100000000
0000000000
0010000000
0000000000
1000000000
0000000000
0001000000
0010000000
0000100000
0000000000
0100000000
0000000000
0001000000
0000000000
,
1000000000
0000000000
0001000000
0000000000
0010000000
0000000000
0000001000
0000000000
0000100000
0000010000
0000100000
0000000000
0000000100
0000010000
0000000010
0000000000
,
0000001000
0000000000
0000000100
0000000000
0000000010
0000000000
0000000001
0000000000
0000000010
0000000100
0000001000
0000000000
0000100000
0000000000
0010000000
0000000000
,
0100000000
0000000000
1000000000
0000000000
0010000000
0000000000
0001000000
0000000000
0000100000
0000001000
0000000100
0000000000
0000010000
0000000000
0000000010
0000000000
,
0000001000
0000000000
0000000100
0000000000
0000001000
0000000000
0000000010
0000000000
0000000001
0000000100
0000010000
0000000000
0001000000
0000000000
0100000000
0000000000
,
0001000000
0000000000
0010000000
0000000000
0001000000
0000000000
1000000000
0000000000
0000100000
0010000000
0100000000
0000000000
1000000000
0010000000
0001000000
0000000000
,
0000100000
0000000000
0100000000
0000000000
0001000000
0000000000
0000100000
0000000000
0000010000
0000000100
0000000010
0000000000
0000001000
0000000000
0000000100
0000000000
,
0000000010
0000000000
0000000001
0000000000
0000001000
0000000000
0000010000
0000000000
0010000000
0000100000
0100000000
0000000000
0010000000
0000000000
1000000000
0000000000
,
0001000000
0000000000
0100000000
0000000000
0010000000
0000000000
1000000000
0000000000
0001000000
0000100000
0000010000
0000000000
0000001000
0000000000
0000000010
0000000000
,
0000000100
0000000000
0000000001
0000000000
0000001000
0000000000
0000100000
0000000000
0010000000
0000100000
1000000000
0000000000
0010000000
0100000000
0001000000
0000000000
,
0010000000
0000000000
0000100000
0000000000
0001000000
0000000000
0000001000
0000000000
0000010000
0000000100
0000010000
0000000000
0000000010
0000000100
0000001000
0000000000
,
0000100000
0000000000
0001000000
0000000000
0100000000
0000000000
0000100000
0000000000
0100000000
0010000000
0100000000
0000000000
0000100000
0010000000
1000000000
0000000000
,
0100000000
0000000000
0001000000
0000000000
0010000000
0000000000
0000010000
0000000000
0000001000
0000000010
0000100000
0000000000
0010000000
0000000000
0100000000
0000000000
,
0001000000
0000000000
0010000000
0000000000
0001000000
0000000000
0000100000
0000000000
0000001000
0000000100
0000000010
0000000000
0000010000
0000000000
0000000000
0000000000
,
0000220200
0000000000
0000000000
0000000000
0000000000
0000000000
0000000000
0000330300
0000000000
0000000000
0000000000
0000000000
0001010100
0000000000
0000000000
0000000000
,
0020220000
0000000000
0000000000
0000000000
0000000000
0000000000
0000000000
0030330000
0000000000
0000000000
0000000000
0000000000
0010101000
0000000000
0000000000
0000000000
,
0000220200
0000000000
0000000000
0000000000
0000000000
0000000000
0000000000
0000330300
0000000000
0000000000
0000000000
0000000000
0001010100
0000000000
0000000000
0000000000
,
0000110000
0000000000
0001000000
0000010000
0000100000
0000001000
0001000000
0000010000
0000100000
0000001000
0000100000
0000000100
0010000000
0000010000
0001000000
0000000000
,
0020220000
0000000000
0000000000
0000000000
0000000000
0000000000
0000000000
0030330000
0000000000
0000000000
0000000000
0000000000
0010101000
0000000000
0000000000
0000000000
,
0000220200
0000000000
0000000000
0000000000
0000000000
0000000000
0000000000
0000330300
0000000000
0000000000
0000000000
0000000000
0001010100
0000000000
0000000000
0000000000
,
0020220000
0000000000
0000000000
0000000000
0000000000
0000000000
0000000000
0030330000
0000000000
0000000000
0000000000
0000000000
0010101000
0000000000
0000000000
0000000000
,
0000010000
0000000100
0000001000
0000000010
0000001000
0000100000
0100000000
0001000000
,
0010000000
0000000000
0100000000
0000000000
0010000000
0000000000
0001000000
0000000000
0000100000
0000010000
0000001000
0000000000
0000000010
0000000100
0000000001
0000000000
,
0000001000
0000000000
0000000010
0000000000
0000000100
0000000000
0000000001
0000000000
0000000010
0000000100
0000001000
0000000000
0000100000
0010000000
1000000000
0000000000
,
0100000000
0000000000
0000100000
0000000000
0010000000
0000000000
0001000000
0000000000
1000000000
0010000000
0001000000
0000000000
0000001000
0000000100
0000000001
0000000000
,
0000000010
0000000000
0000000100
0000000000
0000001000
0000000000
0000000010
0000000000
0000000001
0000000100
0000010000
0000000000
0001000000
0010000000
0100000000
0000000000
,
1000000000
1010100000
0000000000
0010000000
0010101000
0000000000
0000100000
0000110100
,
0000000000
0000000000
0000000000
0000000000
,
0000000001
0000010101
0000000000
0000000100
0001010100
0000000000
0000010000
0010110000
,
1000000000
0010000000
0100000000
0001000000
0101000000
0010000000
0000100000
0001000000
,
0000001000
0000000100
0000000010
0000001000
0000010000
0000010000
0000100000
0010000000
,
0100000000
0110100000
0000000000
0010000000
0010101000
0000000000
0000100000
0000110010
,
0000000100
0000000000
0000000001
0000000000
0000001000
0000000000
0000000100
0000000000
0000001000
0000010000
0000100000
0000000000
0010000000
0000000000
0100000000
0000000000
,
0000100000
0000000000
0010000000
0000000000
0001000000
0000000000
0000010000
0000000000
0001000000
0000100000
0000010000
0000000000
0000001000
0000000000
0000000100
0000000000
,
0000000010
0000010000
0001000000
0010000000
1000000000
0001000000
0100000000
0000100000
,
1000000000
1010100000
0000000000
0010000000
0010101000
0000000000
0000100000
0000110100
,
0000000010
0000000000
0000001000
0000000000
0000000100
0000000000
0000010000
0000000000
0000000001
0000000100
0000010000
0000000000
0000100000
0010000000
1000000000
0000000000
,
0001000000
0000000000
0100000000
0000000000
0010000000
0000000000
1000000000
0000000000
0100000000
0010000000
0001000000
0000000000
0000100000
0000000000
0000001000
0000000000
,
0000010000
0000000000
0000000100
0000000000
0000001000
0000000000
0000000100
0000000000
0000001000
0000000010
0000010000
0000000000
0000000100
0000000000
0000001000
0000000000
,
0000000001
0000010101
0000000000
0000000100
0001010100
0000000000
0000010000
0010110000
,
0100000000
0000000000
0010000000
0000000000
0100000000
0000000000
0001000000
0000000000
0100000000
0010000000
0000100000
0000000000
0000010000
0000000000
0000001000
0000000000
,
0000000010
0000000000
0000000100
0000000000
0000000001
0000000000
0000001000
0000000000
0000000010
0000001000
0000010000
0000000000
0000100000
0010000000
0100000000
0000000000
,
0110100000
0000000000
0000000000
0010110000
0000000000
0000000000
0000110100
0000000000
,
0000000000
0000000000
0000010110
0000000000
0000000000
0000000000
0000000000
0000000000
0000001000
0000000100
0000010000
0000000000
0000000001
0000000000
0000000100
0000000000
,
0000000111
0000000000
0000000000
0000011100
0000000000
0000000000
0001101000
0000000000
,
0000000000
0000000000
0011100000
0000000000
0000000000
0000000000
0000000000
0000000000
0100000000
0000100000
0001000000
0000000000
0000100000
0010000000
1000000000
0000000000
,
1110000000
0000000000
0000000000
0011100000
0000000000
0000000000
0001011000
0000000000
,
0000000000
0000000000
0000011100
0000000000
0000000000
0000000000
0000000000
0000000000
0000000001
0000000100
0000010000
0000000000
0000001000
0000000100
0000000010
0000000000
,
0000000111
0000000000
0000000000
0000011100
0000000000
0000000000
0001101000
0000000000
,
0000000000
0011100000
0000000000
0000000000
1000000000
0000100000
1000000000
0000100000
,
0100000000
0010000000
0001000000
0000100000
0000001000
0000000100
0000010000
0000000010
0000000001
0000000100
0000010000
0001000000
,
0010000000
0000100000
0100000000
0001000000
0010000000
0000010000
0000100000
0000000100
0000001000
0000000010
0000000100
0000000001
,
0000010000
0000000000
0000000000
0000000000
0000001000
0000000000
0000000000
0000000000
0001000000
0000000000
0000000000
0000000000
0000100000
0000000000
0000000000
0000000000
0100000000
0000000000
0000000000
0000000000
0001000000
0000000000
0000000000
0000000000
0010000000
0000000000
0000000000
0000000000
0000100000
0000000000
0000000000
0000000000
0100000000
0000000000
0000000000
0000000000
0010000000
0000000000
0000000000
0001000000
0000000000
0000000000
0000000000
0000000000
0000100000
0000000000
0000000000
0000000000
,
1000000000
0000000000
0010000000
0000000000
0000100000
0000000000
0000010000
0000000000
0000001000
0000000010
0000000100
0000000000
0000000001
0000000000
0000001000
0000000000
,
0000000001
0000000000
0000000100
0000000000
0000010000
0000000000
0001000000
0000000000
0000100000
0010000000
0001000000
0000000000
0100000000
0010000000
1000000000
0000000000
,
0001000000
0000000000
0000000000
0100000000
0000000000
0000000000
0010000000
0000000000
0000000000
1000000000
0000000000
0000000000
0000100000
0000000000
0100000000
0001000000
0000000000
0000000000
0010000000
0000000000
0000000000
0000100000
0000000000
0000000000
,
0001000000
0000000000
0000001000
0000000000
0000010000
0000000000
0000000100
0000000000
0000010000
0000000010
0000001000
0000000000
0000000001
0000001000
0000000010
0000000000
,
0000000100
0000000000
0000000001
0000000000
0000001000
0000000000
0000010000
0000000000
0001000000
0000010000
0000100000
0000000000
0000001000
0000100000
0000010000
0000000000
,
0010000000
0000000000
0100000000
0000000000
1000000000
0000000000
0000100000
0000000000
0100000000
0001000000
1000000000
0000000000
0001000000
0100000000
0000100000
0000000000
,
1000000000
0100000000
0010000000
0001000000
0000100000
0001000000
0010000000
0100000000
1000000000
0100000000
0010000000
0001000000
0000100000
0000001000
0000000100
0000000010
,
0000000001
0000000010
0000000100
0000001000
0000010000
0000001000
0000000100
0000000010
0000000001
0000000010
0000000100
0000001000
0000100000
0001000000
0010000000
0100000000
,
1000000000
0100000000
1000000000
0000000000
0010000000
0100000000
0001000000
0000000000
0010000000
0000010000
0000100000
0000000000
0000000100
0000010000
0000000010
0000000000
,
0000010000
0000000100
0000001000
0000000000
0000100000
0010000000
0001000000
0000000000
0100000000
0010000000
0100000000
0000000000
0001000000
0010000000
0000100000
0000000000
,
0000001000
0000000100
0000010000
0000000000
0000000001
0000000100
0000000010
0000000000
0000001000
0000010000
0000100000
0000000000
0001000000
0000100000
0000010000
0000000000
,
0000001000
0000000100
0000000010
0000000000
0000000001
0000000100
0000010000
0000000000
0000100000
0010000000
1000000000
0000000000
0100000000
0010000000
0001000000
0000000000
,
0100000000
0000000000
0010000000
0000000000
1000000000
0000000000
0000100000
0000000000
0001000000
0000010000
0000100000
0000000000
0000000100
0000000000
0000001000
0000000000
,
0000000010
0000000000
0000000100
0000000000
0000000001
0000000000
0000010000
0000000000
0001000000
0100000000
0010000000
0000000000
1000000000
0000000000
0001000000
0000000000
,
0100000000
0000000000
0010000000
0000000000
1000000000
0000000000
0000100000
0000000000
0100000000
0010000000
0001000000
0000000000
0000100000
0000000000
0000001000
0000000000
,
0000000001
0000000100
0000010000
0000100000
0000010000
0000100000
0010000000
1000000000
0010000000
0000100000
0000010000
0000100000
0000010000
0000100000
0000010000
0000100000
,
0000220000
0000000000
0000000000
0000330000
,
0010000100
0000000000
0000000000
0000000000
0000010000
0000000010
0000001000
0000000001
,
0000010000
0000001000
0001000000
0000000000
0010000000
0000000000
1000000000
0000000000
0001000000
0100000000
0000100000
0000000000
0100000000
0001000000
1000000000
0000000000
,
0010000000
0000000000
0100000000
0000000000
0001000000
0000000000
0000100000
0000000000
0000001000
0000000100
0000000010
0000000100
0000001000
0000000000
0000010000
0000000000
,
0000000010
0000000000
0000001000
0000000000
0000000100
0000000000
0000010000
0000000000
0000000010
0000001000
0000000001
0000000000
0000000100
0000000000
0000010000
0000000000
,
0001000000
0000000000
0000100000
0000000000
0010000000
0000000000
0000100000
0000000000
0100000000
0010000000
0001000000
0010000000
0100000000
0000000000
0000100000
0000000000
,
0100000000
0000000000
0001000000
0000000000
0010000000
0000000000
0000100000
0000000000
0100000000
0001000000
1000000000
0000000000
0010000000
0000000000
1000000000
0000000000
,
0001000000
0000000000
0001000000
0000000000
0000100000
0000000000
0000001000
0000000000
0000000100
0000000001
0000010000
0000000000
0000000010
0000001000
0000000100
0000000000
,
0000001000
0000000000
0000100000
0000000000
0010000000
0000000000
0001000000
0000000000
0000010000
0000000100
0000000001
0000000000
0000000001
0000000100
0000010000
0000000000
,
0001000000
0000000000
0100000000
0000000000
0010000000
0000000000
1000000000
0000000000
0001000000
0010000000
0001000000
0100000000
0010000000
0001000000
0000010000
0000001000
,
0000022000
0000000000
0000000000
0000000000
0000000000
0000000000
0000000000
0000000000
0000000000
0000000000
0000000000
0000033000
0000000000
0000000000
0000000000
0000000000
,
0001100000
1110000000
0000000000
0001100000
0000011100
0000000000
0001100000
1110000000