00000
00000
00000
00000
,
00000
00000
00000
00000
,
00000
00000
00000
00000
,
00000
00000
00000
00000
,
00100
00000
00000
00000
00000
00000
00000
00000
00000
00000
00000
10000
00000
00000
00000
00000
,
00000
00001
00000
01000
,
00000
00000
00010
00000
00010
01000
00010
00000
,
00011
00000
11000
00000
,
00000
00100
00000
01000
,
00000
00010
00000
00010
,
00000
10000
00000
00001
,
00100
00001
10000
00000
,
00200
00000
00000
00000
00000
00300
10000
00000
,
00200
00000
00000
00000
00000
00300
00001
00000
,
10001
00000
01000
00010
,
20000
00000
00000
00000
00000
00000
00000
00000
00002
00000
00000
30003
00000
00000
00000
00000
,
00200
00000
00000
00000
00000
00000
20000
00000
00000
30300
00000
00000
01000
00000
00000
00000
,
00010
00000
01000
00000
,
01000
00010
01000
00000
,
00001
00000
10000
00000
,
00110
00000
01100
00000
,
10000
00000
00001
00000
,
10000
00001
10000
00000
,
00100
00000
00010
00000
,
00100
10000
00001
00100
,
10001
00000
00000
01010
00000
00000
00100
00000
,
00000
00000
00000
00010
,
00000
00000
00000
01000
,
00000
00000
00000
01010
,
00000
00000
10000
00001
,
00100
00000
10000
00000
00000
00010
00100
00000
,
00100
00000
00001
00000
00000
01000
00100
00000
,
10001
00000
01000
00010
,
10000
00000
00001
00000
20000
00000
00000
00000
00000
00000
00002
00000
00000
30003
00000
00000
,
00200
00000
00000
00000
02000
00000
00000
03300
,
10000
00000
00000
00001
00000
00000
00100
00000
00000
00000
00000
00000
10001
00000
00000
00000
,
01000
00000
00001
00000
,
01000
00010
10000
00000
,
00010
00000
01000
00000
,
00001
00000
10001
00000
,
01000
00000
00010
00000
,
10000
00010
00100
00000
,
01000
00010
10000
00010
,
00100
00000
10001
00000
,
01000
00000
00000
00010
00000
00000
01000
00000
00000
00000
00000
00000
00010
00000
00000
00000