00000
00000
00000
00000
,
10000
00100
01000
00100
,
00010
00100
00001
00100
,
10000
00100
01000
00100
,
00010
00100
00001
00100
,
10000
00001
01000
01010
,
00100
00100
10000
10000
,
00010
00100
00001
10001
,
00100
00100
00100
00100
,
00010
10000
00001
01000
,
00100
00000
10000
00000
10010
00100
01001
00000
,
01000
00001
10000
00010
,
00100
00000
00001
00000
01001
00100
10010
00000
,
00001
00001
01000
01000
,
00010
00000
00010
00000
10000
00100
01000
00000
,
00001
00001
01000
01000
,
00010
00000
00010
00000
10000
00001
01000
00000
,
00010
00001
01000
10000
,
00010
00000
00001
00000
01000
10000
00100
00000
,
01000
00000
00010
00000
00100
00001
10000
00000
,
01001
00000
00000
00000
,
00010
00110
01000
01100
,
00010
00001
00100
10100
,
00010
00010
00001
00001
,
00010
00000
01000
00100
10000
00000
10001
00000
,
01000
01100
00010
00110
,
01000
10000
00100
00101
,
01000
01000
10000
10000
,
01000
00000
00110
00010
10000
00001
10000
00000
,
00001
00100
01000
11000
,
10000
00100
00010
00011
,
00001
00100
01000
11000
,
00010
01000
00100
10000
00010
00100
00001
00000
,
10000
01000
00001
00010
,
10000
00000
00001
00000
01001
00100
10010
00000
,
00001
00010
10000
01000
,
00001
00000
10000
00000
10010
00100
01001
00000
,
10000
10000
00010
00010
,
01000
00000
01000
00000
00001
00100
00010
00000
,
10000
10000
00010
00010
,
01000
00000
01000
00000
00001
10000
00010
00000
,
01100
10010
00101
11000
,
00110
01001
10100
00011
,
11000
00000
00000
00000