00000
00000
00000
00000
,
00000
00000
00000
00000
,
01000
00000
00100
00000
00010
00000
00000
01000
,
00001
00000
00000
00000
00000
00000
10000
00000
00010
00000
00000
00010
00100
00000
00001
00000
,
01010
00000
00000
00000
00000
00000
00000
00000
00000
00000
00000
00100
00010
00000
01000
00000
,
00010
00001
00010
00000
00100
00010
01000
00000
,
10000
00000
01000
00000
00100
00010
00001
00100
,
01000
10000
00100
00010
00001
01000
00100
00001
,
01000
10000
00001
00000
00001
10000
00100
00000
,
00010
00001
00010
00000
00100
00010
01000
00000
,
10000
00000
01000
00000
00100
00010
00001
00100
,
01000
10000
00100
00010
00001
01000
00100
00000
,
01000
00010
00100
00010
00000
01000
00000
10000
00000
00100
00001
00000
10001
00000
00000
00000
,
00010
01000
00100
01000
00000
00010
00000
00001
00000
00100
10000
00000
10001
00000
00100
00000
,
01000
00000
00000
00100
10000
01000
00010
00001
,
00200
00000
00000
00000
01000
00000
00000
00000
00001
00300
00000
00010
00100
00000
00000
00000
,
20002
00000
00000
00000
00000
00000
00000
00000
00000
30003
00000
10001
10001
00000
00100
00000
,
00010
00000
00000
00100
00000
10000
00000
00000
01000
00000
00000
00100
00010
00000
00001
00000
,
01000
00000
10000
00100
00001
00000
00000
00000
00200
00000
10000
00000
00001
00000
00300
00000
,
02000
00000
00000
00010
03000
00000
10000
00000
10001
00000
00000
00000
00100
00000
02000
00000
,
20000
00000
00000
30000
03200
00000
00000
00300
00002
00000
00000
00003
00000
00000
01010
00000
,
01000
00000
00000
00100
00000
00010
00000
00000
01000
00000
00000
00100
01000
00000
10000
00000
,
00010
00000
00001
00100
00000
00100
00000
00000
00200
00000
00001
00000
10000
00000
00300
00000
,
00020
00000
00000
01000
00000
00030
00001
00000
10001
00000
00000
00000
00100
00000
00020
00000
,
00002
00000
00003
00000
00200
00000
00000
00300
20000
00000
00000
30030
00100
00000
10001
00000
,
00100
00000
00000
00000
00000
00000
01010
00000
00000
00000
00000
00000
00100
00000
00000
00000
10000
00000
00000
00001
00000
00000
10000
00000
01010
00000
00000
00000
00000
00000
00000
00000
,
01000
00000
10000
00100
00000
00010
00000
00001
00000
00010
00100
00000
10000
00000
00000
00000
,
00010
00000
00001
00100
00000
01000
00000
10000
00000
01000
00100
00000
00001
00000
00000
00000
,
00100
00000
00100
00000
01000
00010
00000
10000
00000
00001
00000
00010
01000
00000
00000
00000
,
00100
00000
00000
00000
00100
00000
00000
00000
10000
00000
00001
00000
00000
00000
00000
00000
01000
00000
00000
00100
00000
00000
00001
00000
01001
00000
00000
00000
10010
00000
00000
00000
,
01000
00010
00100
00010
00000
01000
00000
10000
00000
00100
00001
00000
10001
00000
00000
00000
,
00010
01000
00100
01000
00000
00010
00000
00001
00000
00100
10000
00000
10001
00000
00100
00000
,
01000
00000
00000
00100
10000
01000
00010
00001
,
00200
00000
01000
00000
00001
00300
00100
00000
,
20002
00000
00000
00000
00000
30003
10101
00000
,
01010
00000
00000
00000
00000
00000
00100
00000
00000
00000
00000
00000
10001
00000
00000
00000
01000
00000
00000
00010
00000
01000
00000
00000
10001
00000
00000
00000
00000
00000
00000
00000
,
00010
00000
00000
00100
00000
10000
00000
00000
01000
00000
00000
00100
00010
00000
00001
00000
,
01000
00000
10000
00100
00001
00000
00000
00000
00200
00000
10000
00000
00001
00000
00300
00000
,
02000
00000
00000
00010
03000
00000
10000
00000
10001
00000
00000
00000
00100
00000
02000
00000
,
20000
00000
30000
00000
00200
00000
00000
00300
00002
00000
00000
03003
00000
00000
01010
00000
,
01000
00000
00000
00100
00000
00010
00000
00000
01000
00000
00000
00100
01000
00000
10000
00000
,
00010
00000
00001
00100
00000
00100
00000
00000
00200
00000
00001
00000
10000
00000
00300
00000
,
00020
00000
00000
01000
00000
00030
00001
00000
10001
00000
00000
00000
00100
00000
00020
00000
,
00002
00000
00003
00000
00200
00000
00000
00300
20000
00000
00000
30030
00100
00000
10001
00000
,
00100
00000
00000
00000
00000
00000
01010
00000
00000
00000
00000
00000
00100
00000
00000
00000
10000
00000
00000
00100
00000
00000
00010
00000
00100
00000
00000
00000
00000
00000
00000
00000