00000
00000
00000
00000
,
00000
00000
00000
00000
,
00000
00000
00000
00000
00000
00000
00000
00010
,
00100
01000
00000
10000
00000
00000
01000
00000
00100
00010
00000
00001
10000
00000
00100
00000
,
01010
00000
00000
00000
00000
00000
00000
00000
00000
00000
00000
10000
01000
00000
00100
00000
,
00000
00000
00100
00010
00001
00000
10000
01000
10000
00000
00001
00010
00001
00000
00100
00000
,
02000
00100
13000
00000
00020
00100
00031
00010
,
00001
00000
00010
00000
00100
00000
01000
00000
10000
01000
10000
00100
00001
00010
00001
00000
,
01010
00000
00100
10000
00001
00000
10001
00000
00100
01000
00010
00001
00010
00000
00100
00000
,
00000
00000
00100
01000
10000
00000
00001
00010
00001
00000
10000
01000
10000
00000
00100
00000
,
00020
00100
00031
00000
02000
00100
13000
01000
,
10000
00000
01000
00000
00100
00000
00010
00000
00001
00010
00001
00100
10000
01000
10000
00000
,
01000
00010
10000
00001
00000
00100
00000
00010
00000
00001
00010
00000
00001
00001
00001
00000
,
00010
01000
00001
10000
00000
00100
00000
10000
00000
01000
10000
00000
01000
01000
01000
00000
,
10010
00000
00100
00000
10000
01000
00100
00000
01001
00000
00100
00000
00001
00010
00100
00000
,
02020
00000
00000
00000
10000
00000
00001
00000
00100
00000
00000
00000
03000
00030
00100
00000
,
20000
00000
00000
00000
00000
00000
00000
00000
00000
00000
00000
00001
00010
00000
31000
00000
,
10000
01000
10000
00100
00010
00001
00010
00000
00100
01000
00010
10000
00100
00010
00001
00010
,
00001
00100
01000
10000
01000
00000
00100
00010
01000
00001
00100
01000
10000
00000
00100
02000
,
03020
00000
00000
00000
00002
00000
00000
00030
00103
00000
02000
00000
20000
03000
00000
00000
30020
00000
00000
00000
00000
00000
20031
00000
00000
00000
00000
00000
30100
00000
00000
00000
,
01000
00000
10010
00000
00001
00000
01001
00000
00010
00000
00100
01000
10000
00000
01000
00100
,
10000
01000
10000
00100
00010
00001
00010
00000
00100
01000
00010
10000
00100
00010
00001
00010
,
00001
00100
01000
10000
01000
00000
00100
00010
01000
00001
00100
01000
10000
00000
00100
02000
,
03020
00000
00000
00000
00032
00000
00100
00000
00000
00000
02000
00000
20003
03000
00000
00000
30020
00000
00000
00000
00030
00000
20001
00000
00000
00000
00000
00000
30100
00000
00000
00000
,
01000
00000
10010
00000
00001
00000
01001
00000
00010
00000
00100
01000
10000
00000
01000
00100
,
10001
00000
00000
00000
00000
00000
00100
00000
00000
00000
00000
00000
01010
00000
00000
00000
00100
00000
00000
10010
00000
00000
00100
00000
01001
00000
00000
00000
00000
00000
00000
00000
,
01000
00000
00100
10000
00000
00010
00001
00010
00000
00100
01000
10000
00001
00000
00000
00000
,
00010
00000
00100
00001
00000
01000
10000
01000
00000
00100
00010
00001
10000
00000
00000
00000
,
01000
00100
00010
01000
10000
00001
00100
10000
00000
00010
00000
00100
01000
00000
10000
00000
,
00010
00000
00100
00000
01000
00000
00010
00000
00001
00000
20000
00000
00000
00000
30000
00000
01010
00000
00000
01010
00000
00000
01010
00000
00200
00000
00000
00000
00301
00000
00000
00000
,
01000
00010
10000
00001
00000
00100
00000
00010
00000
00001
00010
00000
00001
00001
00001
00000
,
00010
01000
00001
10000
00000
00100
00000
10000
00000
01000
10000
00000
01000
01000
01000
00000
,
10010
00000
00100
00000
10000
01000
00100
00000
01001
00000
00100
00000
00001
00010
00100
00000
,
02020
00000
00000
00000
10000
00000
00001
00000
00100
00000
00000
00000
03000
00030
00100
00000
,
20002
00000
00000
00000
00000
30003
10001
00000
,
01010
00000
00000
00000
00000
00000
10001
00000
00000
00000
00000
00000
00100
00000
00000
00000
01000
00000
00000
10000
00000
00001
00000
00000
00010
01010
01010
01010
01010
01010
01000
00000
,
10000
01000
10000
00100
00010
00001
00010
00000
00100
01000
00010
10000
00100
00010
00001
00010
,
00001
00100
01000
10000
01000
00000
00100
00010
01000
00001
00100
01000
10000
00000
00100
02000
,
03020
00000
00000
00030
00002
00000
00000
00000
00100
00000
01000
00000
20003
00000
00000
00000
30020
00000
00000
00000
00000
00000
20031
00000
00000
00000
00000
00000
30100
00000
00000
00000
,
01000
00000
10010
00000
00001
00000
01001
00000
00010
00000
00100
01000
10000
00000
01000
00100
,
10000
01000
10000
00100
00010
00001
00010
00000
00100
01000
00010
10000
00100
00010
00001
00010
,
00001
00100
01000
10000
01000
00000
00100
00010
01000
00001
00100
01000
10000
00000
00100
02000
,
00020
03000
00000
00000
00032
00000
00100
00000
00000
00003
02000
00000
23000
00000
00000
00000
30020
00000
00000
00000
00000
00000
20031
00000
00000
00000
00000
00000
30100
00000
00000
00000
,
01000
00000
10010
00000
00001
00000
01001
00000
00010
00000
00100
01000
10000
00000
01000
00100
,
10001
00000
00000
00000
00000
00000
00100
00000
00000
00000
00000
00000
01010
00000
00000
00000
00100
00000
00000
10010
00000
00000
00100
00000
01001
00000
00000
00000
00000
00000
00000
00000