0000000000
0000000000
0000000000
0000000000
,
0000000000
0000000000
0000000000
0000000000
,
2000000000
0000000000
3200000000
0000000000
0320000000
0000000000
0031000000
0010000000
,
0000100000
0000000000
0001000000
0000000000
0000000000
0000000000
0001000000
0000000000
0000000000
0000000000
0000000000
0000001000
0001000000
0000000000
0001000000
0000000000
,
0001001000
0000000000
0000000000
0000000000
0000000000
0000000000
0000000000
0000000000
0000000000
0000000000
0000000000
0001000000
0000100000
0000000000
0000001000
0000000000
,
0000000000
0000000000
0000000100
0000000000
0000000010
0000000000
0000000001
0000000000
0000000100
0000000000
0000000000
0000000100
0000000000
0000000000
0000000000
0000000000
,
0000000000
0000000000
0000000100
0000000000
0000001000
0000000000
0000010000
0000000000
0000000100
0000000000
0000000000
0000000100
0000000000
0000000000
0000100000
0000000000
,
0000020000
0001030000
0002000000
0003001000
0000002000
0000103000
0000200000
0001300000
,
0000000000
0000000000
0000100000
0000000000
0001000000
0000000000
0010000000
0000000000
0000100000
0000000000
0000000000
0000100000
0000000000
0000000000
0000000000
0000000000
,
0000000000
0000000000
0100000000
0000000000
1000000000
0000000000
0010000000
0000000000
1000000000
0000000000
0000000000
1000000000
0000000000
0000000000
0000000000
0000000000
,
0000000000
0000000000
0001000000
0000000000
0000100000
0000000000
0100000000
0000000000
0001000000
0000000000
0000000000
0001000000
0000000000
0000000000
0000100000
0000000000
,
0000020000
0001030000
0002000000
0003001000
0002002000
0000000000
0003003000
0000000000
,
0001000000
0000000000
0000000000
0000100000
0000000000
0010000000
0000000000
0000100000
0000000000
0010000000
0000100000
0000000000
1000000000
0000000000
0000000000
0000000000
,
0001000000
0000000000
0000000000
0100000000
0000000000
0010000000
0000000000
0100000000
0000000000
0010000000
0100000000
0000000000
0001000000
0000000000
0000000000
0000000000
,
0101000000
0000000000
0001000000
0000100000
0000010000
0000001000
0000000100
0000000010
,
0000000002
0000000000
0000000000
0000010003
0000000001
0000000000
0000010000
0000000000
0000000002
0000000000
0000000000
0000000000
0000010003
0000000000
0000000000
0000000000
,
0000000001
0000001000
0000000000
0000000100
0000000000
0000000000
0000010000
0000000000
0000002000
0000000000
0000000000
0001003000
0000001000
0000000000
0000001000
0000000000
,
0001001000
0000000000
0000000000
0001000000
0000000000
0010000000
0000000000
0000000000
0110000000
0000000000
0000000000
0100000000
0000000000
1000000000
0000000000
0000000000
,
1010000000
0000000000
0000000000
0010000000
0000000000
0000100000
0000000000
0002000000
0000000000
0000000000
0003001000
0000000000
0001000000
0000000000
0000001000
0000000000
,
0000000200
0000000000
0000000000
0000000010
0000000000
0000000000
0000000301
0000000000
0000000200
0000000000
0000000000
0000010000
0000000000
0000000000
0000000301
0000000000
,
0000000101
0000000000
0000000000
0000000000
0000001100
0000000000
0000000000
0000000000
0002020000
0000000000
0000030000
0003010000
0001000000
0000000000
0001000000
0000000000
,
0001001000
0000000000
0000000000
0000001000
0000000000
0000000100
0000000000
0000000000
0000000110
0000000000
0000000000
0000000010
0000000000
0000000001
0000000000
0000000000
,
0000000101
0000000000
0000000000
0000000100
0000000000
0000010000
0000000000
0000002000
0000000000
0000000000
0001003000
0000000000
0000001000
0000000000
0001000000
0000000000
,
0020000000
0000000000
0000000000
0100000000
0000000000
0000000000
1030000000
0000000000
0020000000
0000000000
0000000000
0000100000
0000000000
0000000000
1030000000
0000000000
,
1010000000
0000000000
0000000000
0000000000
0011000000
0000000000
0000000000
0000000000
0000101000
0000000000
0000000000
0000100000
0000001000
0000000000
0001000000
0000000000
,
0001001000
0000000000
0000000000
0000000000
0000000000
0000000000
0000000000
0000000000
0000000000
0001001000
0000000000
0000000000
0000000000
0000000000
0000000000
0000000000
0000000000
0000000000
0001001000
0000000000
0000000000
0000000000
0000000000
0000000000
0000001000
0000000000
0000000000
0000000000
0001000000
0000000000
0000000000
0000000000
0000001000
0000000000
0000000000
0000000000
0000200000
0000000000
0000000000
0000000000
0000000000
0000000000
0000000000
0000000000
0000000000
0000000000
0000000000
0000000000
,
0000300100
0000000000
0000000000
0000100000
0000000000
0000100000
0000000000
0000110000
0000000000
0000010000
0000000000
0010000000
0000100000
0000000000
0000000000
0000000000
,
0000100000
0000000000
0000000000
1000000000
0000000000
1000000000
0000000000
1001000000
0000000000
0001000000
0000000000
0001000000
0200000000
0000000000
0310000000
0000000000
,
0100000000
0000000000
0000000000
0001000000
0000000000
0001000000
0000000000
0101000000
0000000000
0001000000
0000000000
0010000000
0000100000
0000000000
0000000000
0000000000
,
0001000000
0000000000
0000000000
0000000000
0000000000
0000000000
0000000000
0000000000
0000000000
0000001000
0000000000
0000000000
0000000000
0000000000
0000000000
0000001000
0000000000
0000000000
0000000000
0000000000
0000000000
0000000000
0000000000
0000000000
0001000000
0000000000
0000000000
0000000000
0000010000
0000000000
0000000000
0000000000
0000100000
0000000000
0000000000
0000000000
0000001000
0000000000
0000000000
0000000000
0000000000
0000000000
0000001000
0000000000
0000000000
0000000000
0000000000
0000000000
,
0000010000
0000000000
0000000000
0000000100
0000000000
0000010000
0000000000
0000000100
0000000000
0000010000
0000000100
0000000000
0000001000
0000000000
0000000000
0000000000
,
0000000010
0000000000
0000000000
0000000100
0000000000
0000000001
0000000000
0000000100
0000000000
0000000001
0000000100
0000000000
0000000010
0000000000
0000000000
0000000000
,
0000001010
0000000000
0000001000
0000010000
0000100000
0001000000
0010000000
0100000000
,
2000000000
0000000000
0000000000
3000100000
1000000000
0000000000
0000100000
0000000000
0000000000
1000000000
0000100000
0000000000
1000100000
0000000000
0000000000
0000000000
,
0000100000
0001000000
0000000000
0000001000
0000000000
0000000000
0000010000
0000000000
0000002000
0000000000
0000000000
0000000000
0001003000
0000000000
0000000000
0000000000
,
0001001000
0000000000
0000000000
0000000000
0000000000
0000000000
0000000000
0000000000
0000000000
0001001000
0000000000
0000000000
0000000000
0000000000
0000000000
0000000000
0000000000
0000000000
0001001000
0000000000
0000000000
0000000000
0000000000
0000000000
0001000000
0000000000
0000000000
0000000000
0000001000
0000000000
0000000000
0000000000
0000100000
0000000000
0000000000
0000000000
0000020000
0000000000
0000000000
0000000000
0000000000
0000000000
0000030000
0000000000
0000000000
0000000000
0000000000
0000000000
,
0000110000
0000000000
0000000000
0000010000
0000000000
0000000100
0000000000
0000000000
0000000101
0000000000
0000000000
0000000001
0000000000
0000000010
0000000000
0000000000
,
0000000110
0000000000
0000000000
0000000100
0000000000
0000001000
0000000000
0000020000
0000000000
0000000000
0000130000
0000000000
0000010000
0000000000
0000100000
0000000000
,
0020000000
0000000000
0000000000
1000000000
0000000000
0000000000
0130000000
0000000000
0020000000
0000000000
0000000000
0001000000
0000000000
0000000000
0130000000
0000000000
,
0110000000
0000000000
0000000000
0000000000
0010100000
0000000000
0000000000
0000000000
0002020000
0000000000
0003000000
0001030000
0000010000
0000000000
0000010000
0000000000
,
0000110000
0000000000
0000000000
0000100000
0000000000
0010000000
0000000000
0000000000
1010000000
0000000000
0000000000
1000000000
0000000000
0100000000
0000000000
0000000000
,
0110000000
0000000000
0000000000
0010000000
0000000000
0001000000
0000000000
0000200000
0000000000
0000000000
0000310000
0000000000
0000100000
0000000000
0000010000
0000000000
,
0000000200
0000000000
0000000000
0000000001
0000000000
0000000000
0000000310
0000000000
0000000200
0000000000
0000000000
0000001000
0000000000
0000000000
0000000310
0000000000
,
0000000110
0000000000
0000000000
0000000000
0000010100
0000000000
0000000000
0000000000
0000101000
0000000000
0000000000
0000001000
0000100000
0000000000
0000010000
0000000000
,
0000110000
0000000000
0000000000
0000000000
0000000000
0000000000
0000000000
0000000000
0000000000
0000110000
0000000000
0000000000
0000000000
0000000000
0000000000
0000000000
0000000000
0000000000
0000110000
0000000000
0000000000
0000000000
0000000000
0000000000
0000100000
0000000000
0000000000
0000000000
0000010000
0000000000
0000000000
0000000000
0000100000
0000000000
0000000000
0000000000
0000202000
0000000000
0000000000
0000000000
0000000000
0000000000
0000000000
0000000000
0000000000
0000000000
0000000000
0000000000
,
0000303000
0000000000
0000000000
0000000000