0000000000
0000000000
0000000000
0000000000
,
0000000000
0000000000
0000000000
0000000000
,
0000000000
0000000000
0000000000
0000000000
,
0001000000
0011000000
0000001000
0001001000
,
0000001100
0000000000
0000000000
0000000000
0000000000
0000000000
0000000000
0000000000
0000000000
0000000000
0000000000
0001000000
0000001000
0000000000
0000100000
0000000000
,
0000010000
0000000000
0000100000
0000010000
0000100000
0000000000
0000000000
0000000000
0000010000
0000000000
0000000000
0000100000
0000001000
0000000000
0000100000
0000000000
,
0000001000
0001000000
0000001000
0000100000
0000010000
0010000000
0000010000
0000100000
,
0000000100
0000001100
0000000100
0000010100
0000010000
0000110000
0000100000
0010100000
,
0000100000
0000000000
0010000000
0000100000
0010000000
0000000000
0000100000
0000000000
0001000000
0000000000
0000001000
0000000000
0000100000
0000000000
0000000100
0000000000
,
0000000100
0000000000
0000010000
0000000100
0000010000
0000000000
0000000100
0000000000
0000010000
0000000000
0001000000
0000000000
0000100000
0000000000
0000001000
0000000000
,
0000100000
0000001000
0000100000
0000000000
0001000000
0000100000
0001000000
0000000000
,
0001001000
0000000000
0000000100
0000000000
0001001000
0000000000
0010000000
0000000000
0002002000
0000000000
0000000000
0003000000
0000003000
0000000000
0000000000
0000000000
,
0001000000
0000001000
0000100000
0000010000
0000000000
0001000000
0000000000
0000001000
0000000000
0000100000
0000010000
0000000000
0001000000
0000000000
0000000000
0000000000
,
0000001000
0001000000
0000001000
0000100000
0000000000
0000010000
0000000000
0001000000
0000000000
0000001000
0000100000
0000000000
0000010000
0000000000
0000000000
0000000000
,
0000202000
0000000000
0000303000
0000000000
0001000000
0000100000
0000001000
0000010000
,
0000000200
0000000000
0000000000
0000000300
,
0000220000
0000000000
0000000000
0000330000
,
0010000000
0000010000
0010000000
0000010000
0010000000
0000010000
0000000000
0000000000
0001000000
0000001000
0001000000
0000001000
0001000000
0000001000
0000000000
0000000000
,
0000100000
0000000100
0000100000
0000000100
0000100000
0000000100
0000100000
0000000100
0000100000
0000000000
0000100100
0000000000
0000100100
0000000000
0000000000
0000000000
,
0000000100
0010000000
0000010000
0000100000
0000001000
0001000000
0000010000
0000100000
,
0000002000
0002003000
0003020000
0000230000
,
0000300100
0000001000
0000000100
0000001000
0000000100
0000001000
0000000000
0000000000
0000000100
0000010000
0000000100
0000010000
0000000100
0000010000
0000000000
0000000000
,
0000001000
0000100000
0000001000
0000100000
0000001000
0000100000
0000001000
0000100000
0000001000
0000000000
0000101000
0000000000
0001010000
0000000000
0000000000
0000000000
,
0000010000
0001000000
0000010000
0001000000
0000010000
0000000000
0001000000
0000000000
0000001000
0000100000
0000001000
0000100000
0000001000
0000000000
0000100000
0000000000
,
0001001000
0000000000
0001010000
0000000000
0001001000
0000000000
0000110000
0010000000
,
0010100000
0000000000
0000000000
0000100000
0000000000
0000000000
0000200000
0000000000
0000300000
0000000000
0000000000
0000000000
0000110000
0000000000
0000000000
0000000000
,
0010000000
0000000000
0000000000
0000000000
0000000000
0000000000
0000000000
0010000000
0000000000
0000000100
0000000000
0000100000
0000010000
0000000000
0000000000
0000000000
,
0001001000
0000000000
0000000000
0000000000
0000000000
0000000000
0000000000
0001000000
0000000000
0000001000
0000000000
0000100000
0000010000
0000000000
0000000000
0000000000
,
0001001000
0000000000
0000000000
0000000000
0000000000
0000000000
0000000000
0000001000
0000000000
0000000100
0000000000
0000000000
0000001100
0000000000
0000000000
0000000000
,
0000100000
0000000000
0000000000
0000000100
0000000000
0000100000
0000000000
0000000000
0000010000
0000000000
0000000000
0000000000
0000110000
0000000000
0000110000
0000000000
,
0010000000
0000010000
0000100000
0000010000
0000000000
0001000000
0000000000
0001000000
0000000000
0000001000
0001000000
0000000000
0000010000
0000000000
0000000000
0000000000
,
0001000000
0000010000
0001000000
0000001000
0000000000
0000001000
0000000000
0001000000
0000000000
0000001000
0001000000
0000000000
0000010000
0000000000
0000000000
0000000000
,
0000220000
0000000000
0000330000
0000000000
0000001000
0000010000
0001000000
0000100000
,
0020000000
0000000000
0030000000
0000000000
,
0002002000
0000000000
0000000000
0000000000
0000000000
0000000000
0000000000
0003003000
,
0001001000
0000000000
0000000000
0001001000
0000000000
0000000000
0001001000
0000000000
0000000000
0000000000
0000000000
0000000000
0000220000
0000000000
0000330000
0000000000
,
0000000100
0000100000
0000000100
0000100000
0000000100
0000100000
0000000000
0000000000
0000001000
0001000000
0000001000
0001000000
0000001000
0001000000
0000000000
0000000000
,
0000010000
0010000000
0000010000
0010000000
0000010000
0010000000
0000010000
0010000000
0000010000
0000000000
0010010000
0000000000
0010010000
0000000000
0000000000
0000000000
,
0010000000
0000000100
0000100000
0000010000
0001000000
0000001000
0000100000
0000010000
,
0002000000
0003002000
0000203000
0000320000
,
0010030000
0001000000
0010000000
0001000000
0010000000
0001000000
0000000000
0000000000
0010000000
0000100000
0010000000
0000100000
0010000000
0000100000
0000000000
0000000000
,
0001000000
0000010000
0001000000
0000010000
0001000000
0000010000
0001000000
0000010000
0001000000
0000000000
0001010000
0000000000
0000101000
0000000000
0000000000
0000000000
,
0000100000
0000001000
0000100000
0000001000
0000100000
0000000000
0000001000
0000000000
0001000000
0000010000
0001000000
0000010000
0001000000
0000000000
0000010000
0000000000
,
0001001000
0000000000
0000101000
0000000000
0001001000
0000000000
0000110000
0000000100
,
0000010100
0000000000
0000000000
0000010000
0000000000
0000000000
0000010000
0000000000
0000000000
0000110000
0000000000
0000000000
0010110000
0000000000
0000000000
0000000000