0000000000
0000000000
0000000000
0000000000
,
0000000000
0000000000
0000000000
0000000000
,
0000000000
0000000000
0000000000
0000000000
,
0000000000
0000000000
0000000000
0000000000
,
0000110000
0000000000
0000000000
0000000000
0000000000
0000000000
0000000000
0000000000
0000000000
0000000000
0000000000
0001000000
0000001000
0000000000
0000100000
0000000000
,
0001000000
0000000000
0100000000
0010000000
1000000000
0000000000
0000100000
0000000000
0110000000
0000000000
0001000000
0010000000
0000100000
0000000000
0000001000
0000000000
,
0000000110
0000000000
0000000010
0000000100
0000000010
0000010000
0000001000
0000000000
0001000000
0000000000
0000100000
0000000000
0010000000
0000000000
0001000000
0000000000
,
0110000000
0100000000
0011000000
0001000000
1010000000
1000000000
0010100000
0000100000
,
0001001000
0000000000
0000100000
0001000000
0010000000
0000000000
0001001000
0000000000
0000110000
0000000000
0000000100
0000001000
0000010000
0000000000
0001000000
0000000000
,
0001001000
0000000000
0000010000
0000100000
0000000100
0000000000
0000010000
0000000000
0000000110
0000000000
0000000100
0000000010
0000010000
0000000000
0000000010
0000000000
,
0000001100
0000000000
0000000100
0000001000
0000000010
0000000100
0000000001
0000000100
0000010000
0000000000
0001000000
0000000000
0000001000
0000000000
0000100000
0000000000
,
0000001000
0000000000
0000001000
0000000000
0001000000
0000000000
0001000000
0000000000
0000020000
0000000000
0000000000
0000000000
0000000000
0000030000
0000000000
0000000000
,
0000001000
0001000000
0000010000
0000100000
0000000000
0000001000
0000000000
0001000000
0000000000
0000100000
0001000000
0000000000
0000100000
0000100000
0000100000
0000000000
,
0001000000
0000001000
0000100000
0000010000
0000000000
0001000000
0000000000
0000001000
0000000000
0000010000
0000001000
0000000000
0000010000
0000010000
0000010000
0000000000
,
0001001000
0000000000
0000010000
0000000000
0010000000
0001000000
0000100000
0000000000
0001001000
0000000000
0000100000
0000000000
0000000100
0000001000
0000010000
0000000000
,
0002002000
0000000000
0000000000
0000000000
0000000000
0000000000
0000000000
0000000000
0000000000
0000000000
0000000000
0000000000
0000000000
0003003000
0000000000
0000000000
,
0000110000
0000000000
0000000000
0000000000
,
1000000000
0010000000
1000000000
0001000000
0100000000
0010000000
0100000000
0001000000
0010000000
0001000000
0100000000
0001000000
0010000000
0000100000
0000001000
0000000100
,
0000010000
0000000010
0000001000
0000000010
0000001000
0000000100
0000010000
0000001000
0001000000
0000001000
0001000000
0000010000
0000100000
0001000000
0010000000
0000001000
,
0000100000
0000010000
0000100000
0000000100
0000010000
0000000010
0000001000
0000000100
0000001000
0000000010
0000000001
0000000100
0000010000
0000001000
0001000000
0000100000
,
0010000000
0000100000
0001000000
0000001000
0000010000
0000000100
0000001000
0000000000
,
0000000001
0000000100
0000000001
0000001000
0000000010
0000000100
0000000010
0000001000
0000000100
0000001000
0000000010
0000001000
0000000100
0000010000
0001000000
0010000000
,
0000100000
0100000000
0001000000
0100000000
0001000000
0010000000
0000100000
0001000000
0000001000
0001000000
0000001000
0000100000
0000010000
0000001000
0000000100
0001000000
,
0000010000
0000100000
0000010000
0010000000
0000100000
0100000000
0001000000
0010000000
0001000000
0100000000
1000000000
0010000000
0000100000
0001000000
0000001000
0000010000
,
0000000100
0000010000
0000001000
0001000000
0000100000
0010000000
0001000000
0100000000
,
0010000000
0000000000
2000000000
3000100000
,
0100000000
0001000000
0010000000
0000100000
0000000000
0001000000
0000000000
0000001000
0000000000
0000010000
0000000100
0000001000
0000000010
0000000100
0000000001
0000000000
,
0000010000
0000000100
0000000000
0000001000
0000000000
0000100000
0000000000
0010000000
0000000000
0001000000
0100000000
0010000000
1000000000
0000100000
0010000000
0000000000
,
0100000000
0010000000
0100000000
0000100000
0000000000
0010000000
0000000000
0001000000
0000000000
0100000000
0000000000
0010000000
0101000000
0000000000
0000000000
0000000000
,
1000000000
0010000000
0000100000
0000010000
0000000000
0001000000
0000001000
0000000000
0000220000
0000000000
0000000000
0000000000
0000000000
0000330000
0000000000
0000000000
,
0001000000
0000001000
0000100000
0000010000
0000000000
0001000000
0000000000
0000001000
0000000000
0000010000
0000001000
0000000000
0000010000
0000010000
0000010000
0000000000
,
0000001000
0001000000
0000010000
0000100000
0000000000
0000001000
0000000000
0001000000
0000000000
0000100000
0001000000
0000000000
0000100000
0000100000
0000100000
0000000000
,
0001001000
0000000000
0000100000
0000000000
0000000100
0000001000
0000010000
0000000000
0001001000
0000000000
0000010000
0000000000
0010000000
0001000000
0000100000
0000000000
,
0002002000
0000000000
0000000000
0000000000
0000000000
0000000000
0000000000
0000000000
0000000000
0000000000
0000000000
0000000000
0000000000
0003003000
0000000000
0000000000
,
0000110000
0000000000
0000000000
0000000000
,
0010000100
0000000000
0000000000
0000000000
,
0000000001
0000000100
0000000001
0000001000
0000000010
0000000100
0000000010
0000001000
0000000100
0000001000
0000000010
0000001000
0000000100
0000010000
0001000000
0010000000
,
0000100000
0100000000
0001000000
0100000000
0001000000
0010000000
0000100000
0001000000
0000001000
0001000000
0000001000
0000100000
0000010000
0000001000
0000000100
0001000000
,
0000010000
0000100000
0000010000
0010000000
0000100000
0100000000
0001000000
0010000000
0001000000
0100000000
1000000000
0010000000
0000100000
0001000000
0000001000
0000010000
,
0000000100
0000010000
0000001000
0001000000
0000100000
0010000000
0001000000
0000000000
,
1000000000
0010000000
1000000000
0001000000
0100000000
0010000000
0100000000
0001000000
0010000000
0001000000
0100000000
0001000000
0010000000
0000100000
0000001000
0000000100
,
0000010000
0000000010
0000001000
0000000010
0000001000
0000000100
0000010000
0000001000
0001000000
0000001000
0001000000
0000010000
0000100000
0001000000
0010000000
0000001000
,
0000100000
0000010000
0000100000
0000000100
0000010000
0000000010
0000001000
0000000100
0000001000
0000000010
0000000001
0000000100
0000010000
0000001000
0001000000
0000100000
,
0010000000
0000100000
0001000000
0000001000
0000010000
0000000100
0000001000
0000000010
,
0000000100
0000000000
0000000002
0000010003