0000000000
0000000000
0000000000
0000000000
,
0000000000
0000000000
0000000000
0000000000
,
0200000000
0000000000
0300000000
0000000000
0002000000
0000000000
0003000000
0000000000
0020000000
0000000000
0030000000
0000000000
0000020000
0000030000
0000200000
0000300000
,
0000000200
0000000000
0000000300
0000000000
0000002000
0000003000
0000000020
0000000030
0000000200
0000000300
0000000000
0000000001
0000010000
0000000000
0000000100
0000000000
,
0000010100
0000000000
0000010000
0000000100
0000001000
0000010000
0000100000
0000001000
0000010000
0000000010
0000000000
0000200000
0000010000
0000000000
0000310000
0000000000
,
0010010000
0000000000
0000100000
0010000000
0001000000
0000100000
0000010000
0001000000
0000100000
0100000000
0000000000
0000020000
0000100000
0000000000
0000130000
0000000000
,
0000010000
0000000000
0000100000
0000010000
0001000000
0000010000
0000100000
0001000000
0000010000
0000001000
0000000000
0001000000
0000100000
0000000000
0001020000
0000000000
,
0000130000
0000201000
0000300100
0000010100
0000001200
0001000300
0002010000
0003100000
,
0100100000
0000000000
0100000000
0010000000
1000000000
0001000000
1000000000
0001000000
0010000000
0000010000
0000000000
0000100000
0000000200
0000000000
0000010300
0000000000
,
0000010010
0000000000
0000000010
0000000100
0000000001
0000001000
0000000001
0000001000
0000000100
0000100000
0000000000
0000010000
0020000000
0000000000
0030100000
0000000000
,
0010010000
0000000000
0010000000
0000010000
0000100000
0000001000
0000010000
0000000100
0000001000
0000000010
0000000000
0000000100
0000000001
0000000000
0000200000
0000000000
,
0000310000
0000000000
1000000000
0000000000
0000020000
0000000000
0000130000
0000000000
0000000001
0000000000
0000000010
0000000100
0000001000
0000000010
0000000100
0000001000
,
0000010000
0000000100
0000001000
0000010000
0000000000
0000000001
0000000000
0000010000
0000000000
0000001000
0000000100
0000010000
0000001000
0000000000
0001010000
0000000000
,
0000100000
0010000000
0001000000
0000100000
0000000000
1000000000
0000000000
0000100000
0000000000
0001000000
0010000000
0000100000
0001000000
0000000000
0000101000
0000000000
,
0000222000
0000300000
0000030000
0000003000
0000100000
0000000000
0000010000
0000000000
0001000000
0000000000
0000100000
0000000000
0001000000
0000000000
0000010000
0000000000
0000100000
0000000000
0000001000
0000000000
0000010000
0000000000
0000001000
0000000000
0000100000
0000000000
0000010000
0000000000
0001000000
0000000000
0000100000
0000000000
,
2000000000
0000000000
0000000000
0000000000
0000000000
0000000000
0000000000
0000000000
0000000000
0000000000
0000000000
0000000000
0000000000
0000000000
0000000000
0000000000
3000000000
0000000000
0000000000
0000000000
0000000000
0000000000
0000000000
0000000000
0000000000
0000000000
0000000000
0000000000
0000000000
0000000000
0000000000
0000000000
0000000000
0000000000
0000000000
0000000000
0010000000
0000000000
0000000000
0000000000
0000000000
0000000000
0000100000
0000000000
0000000000
0000000000
0000000000
0000000000
0000020000
0000000000
0000000000
0000000000
0000000000
0000000000
0000000000
0000000000
0000000000
0000000000
0000000000
0000000000
0000030000
0000000000
0000000000
0000000000
0000000000
0000000000
0000000000
0000000000
0000000000
0000000000
0000000000
0000000000
0001000000
0000000000
0000000000
0000000000
0000000000
0000000000
0000000000
0000000000
0000000000
0000000000
0000000000
0000000000
0000100000
0000000000
0000000000
0000000000
0000000000
0000000000
0000000000
0000000000
0000000000
0000000000
0000000000
0000000000
0010000000
0000000000
0000000000
0000000000
0000000000
0000000000
0000000000
0000000000
0000000000
0000000000
0000000000
0000000000
0001000000
0000000000
0000000000
0000000000
0000000000
0000000000
0000000000
0000000000
0000000000
0000000000
0000000000
0000000000
0000010000
0000000000
0000000000
0000000000
0000000000
0000000000
0000000000
0000000000
0000000000
0000000000
0000000000
0000000000
0000000000
0000000000
0000000000
0000000000
0000000000
0000000000
0000000000
0000000000
0000000000
0000000000
0000000000
0000000000
0000000100
0000000000
0000000000
0000000000
0000000000
0000000000
0000000000
0000000000
0000000000
0000000000
0000000000
0000000000
0000000000
0000000000
0000000000
0000000000
0000000000
0000000000
0000000000
0000000000
0000000000
0000000000
0000000000
0000000000
0000000001
0000000000
0000000000
0000000000
0000000000
0000000000
0000000000
0000000000
0000000000
0000000000
0000000000
0000000000
0000000000
0000000000
0000000000
0000000000
0000000000
0000000000
0000000000
0000000000
0000000000
0000000000
0000000000
0000000000
,
0000000222
0000000000
0000000000
0000000000
0000000000
0000000000
0000000000
0000000000
0000000000
0000000333
0000000000
0000000011
0000000100
0000000000
0000011000
0000000000
,
0001000000
0000100000
0000010000
0001000000
0000100000
0000001000
0000010000
0010000000
0001000000
0000100000
0000010000
0001000000
0000100000
0000001000
0000010000
0100000000
,
0000001000
0010000000
0000000100
0001000000
0000000010
0000100000
0000000001
0000010000
0000000020
0000000030
0000000110
0000000000
0000001000
0000000100
0000000010
0000000001
,
0000000100
0000000010
0000001000
0000000100
0000010000
0000001000
0000000100
0000000010
0000001000
0000010000
0000100000
0001000000
0010000000
0000001000
0000100000
0000010000
,
0000100000
0001000000
0010000000
0000010000
0000001000
0000010000
0010000000
0001000000
0000200000
0000300000
0000010000
0001000000
0000100000
0000000000
0001100000
0000000000
,
0000001000
0000010000
0000100000
0000001000
0000010000
0001000000
0000100000
0000000100
0000001000
0000010000
0000100000
0000001000
0000010000
0001000000
0000100000
0000000010
,
0001000000
0000000100
0010000000
0000001000
0100000000
0000010000
1000000000
0000100000
0200000000
0300000000
0110000000
0000000000
0001000000
0010000000
0000001000
0001000000
,
0000010000
0000100000
0001000000
0010000000
0000100000
0001000000
0010000000
0100000000
0001000000
0010000000
0000100000
0001000000
0000010000
0000100000
0000001000
0000010000
,
0000000100
0000001100
0010000000
0011000000
0000000100
0000010100
0010000000
0010100000
,
0010110000
0000000000
0000000000
0000000000
0000000000
0000000000
0000000000
0000000000
0000000000
0000110100
0000000000
0000000000
0000000000
0000000000
0000000000
0000000000
0000000000
0000000000
0010110100
0000000000
0000000000
0000000000
0000000000
0000000000
0010000000
0000000000
0000000000
0000000000
0000010000
0000000000
0000000000
0000000000
0000100000
0000000000
0000000000
0000000000
0000000200
0000000000
0000000000
0000000000
0000000000
0000000000
0000000000
0000000000
0000000000
0000000300
0000000000
0000000000
,
0000000100
0000001000
0000010000
0001000000
0000000000
0000001000
0000000000
0000001000
0000000000
0001000000
0000100000
0010000000
0002000000
0003000000
0000000000
0000000000
,
0100000000
0000100000
0000000000
0100100000
0000000000
0010000000
0000000000
1001000000
0000000000
1000000000
0010000000
0000100000
0000020000
0000030000
0000110000
0000000000
,
0000100000
0000010000
0000000100
0000000001
0000000000
0000001001
0000000000
0000000100
0000000000
0000010010
0000000000
0000000010
0020200000
0030300000
0000000000
0000000000
,
0000000010
0000000000
0000000000
0000001000
0000000000
0000000000
0000010000
0000000000
0000000000
0000100000
0000000000
0000000000
0000000000
0000000000
0000000000
0000001000
0000000000
0000000000
0001000000
0000000000
0000000000
0000010000
0000000000
0000000000
0000100000
0000000000
0000000000
0000000000
0001000000
0000000000
0000000000
0000000000
0010000000
0000000000
0000000000
0000000000
0000100000
0000000000
0000000000
0000000000
0000000000
0000000000
0001100000
0000000000
0000000000
0000000000
0000000000
0000000000
,
0000100000
0010000000
0001000000
0000100000
0000000000
1000000000
0000000000
0000100000
0000000000
0001000000
0010000000
0000100000
0001000000
0000000000
0000101000
0000000000
,
0000010000
0000000100
0000001000
0000010000
0000000000
0000000001
0000000000
0000010000
0000000000
0000001000
0000000100
0000010000
0000001000
0000000000
0001010000
0000000000
,
0002220000
0000030000
0000300000
0003000000
0000010000
0000000000
0000100000
0000000000
0000001000
0000000000
0000010000
0000000000
0000001000
0000000000
0000100000
0000000000
0000010000
0000000000
0001000000
0000000000
0000100000
0000000000
0001000000
0000000000
0000010000
0000000000
0000100000
0000000000
0000001000
0000000000
0000010000
0000000000
,
0000000002
0000000000
0000000000
0000000000
0000000000
0000000000
0000000000
0000000000
0000000000
0000000000
0000000000
0000000000
0000000000
0000000000
0000000000
0000000000
0000000003
0000000000
0000000000
0000000000
0000000000
0000000000
0000000000
0000000000
0000000000
0000000000
0000000000
0000000000
0000000000
0000000000
0000000000
0000000000
0000000000
0000000000
0000000000
0000000000
0000000100
0000000000
0000000000
0000000000
0000000000
0000000000
0000010000
0000000000
0000000000
0000000000
0000000000
0000000000
0000200000
0000000000
0000000000
0000000000
0000000000
0000000000
0000000000
0000000000
0000000000
0000000000
0000000000
0000000000
0000300000
0000000000
0000000000
0000000000
0000000000
0000000000
0000000000
0000000000
0000000000
0000000000
0000000000
0000000000
0000001000
0000000000
0000000000
0000000000
0000000000
0000000000
0000000000
0000000000
0000000000
0000000000
0000000000
0000000000
0000010000
0000000000
0000000000
0000000000
0000000000
0000000000
0000000000
0000000000
0000000000
0000000000
0000000000
0000000000
0000000100
0000000000
0000000000
0000000000
0000000000
0000000000
0000000000
0000000000
0000000000
0000000000
0000000000
0000000000
0000001000
0000000000
0000000000
0000000000
0000000000
0000000000
0000000000
0000000000
0000000000
0000000000
0000000000
0000000000
0000100000
0000000000
0000000000
0000000000
0000000000
0000000000
0000000000
0000000000
0000000000
0000000000
0000000000
0000000000
0000000000
0000000000
0000000000
0000000000
0000000000
0000000000
0000000000
0000000000
0000000000
0000000000
0000000000
0000000000
0010000000
0000000000
0000000000
0000000000
0000000000
0000000000
0000000000
0000000000
0000000000
0000000000
0000000000
0000000000
0000000000
0000000000
0000000000
0000000000
0000000000
0000000000
0000000000
0000000000
0000000000
0000000000
0000000000
0000000000
1000000000
0000000000
0000000000
0000000000
0000000000
0000000000
0000000000
0000000000
0000000000
0000000000
0000000000
0000000000
0000000000
0000000000
0000000000
0000000000
0000000000
0000000000
0000000000
0000000000
0000000000
0000000000
0000000000
0000000000
,
1100000000
0100000000
0000000000
0010000000
0000000000
0000000000
1000000000
0000000000
0100000000
0000000000
0100000000
0010000000
0001000000
0000000000
0000000000
0000000000
,
0101000000
0000000000
0000000000
0000000000
0000000000
0000000000
0000000000
0000000000
0000000000
0000000000
0000000000
0000000000
0000000000
0000000000
0000000000
0000000000
0000000000
0000000000
0000000000
0000000000
0000000000
0000000000
0000000000
0000000000
0000000000
0000000000
0000000000
0000000000
0000000000
0000000000
0000000000
0000000000
0000000000
0000000000
0000000000
0000000000
0000110000
0000000000
0000000000
0000000000
0000000000
0000000000
0000000000
0000000000
0000000000
0000000000
0000000000
0000000000
0000000000
0000000000
0000000000
0000000000
0000000000
0000000000
0000000000
0000000000
0000000000
0000000000
0000000000
0000000000
0000000000
0000000000
0000000000
0000000000
0000000000
0000000000
0000000000
0000000000
0000000000
0000000000
0000000000
0000000000
0000001010
0000000000
0000000000
0000000000
0000000000
0000000000
0000000000
0000000000
0000000000
0000000000
0000000000
0000000000
0000000000
0000000000
0000000000
0000000000
0000000000
0000000000
0000000000
0000000000
0000000000
0000000000
0000000000
0000000000
0000000010
0000000000
0000000000
0000000000
0000000000
0000000000
0000000000
0000000000
0000000000
0000000000
0000000000
0000000000
0000000000
0000000000
0000000000
0000000000
0000010000
0000000000
0000000000
0000000000
0000000000
0000000000
0000000000
0000000000
0000000000
0000000000
0000000000
0000000000
0000000000
0000000000
0000000000
0000000000
0000010000
0000000000
0000000000
0000000000
0000000000
0000000000
0000000000
0000000000
0000000000
0000000000
0000000000
0000000000
0000000000
0000000000
0000000000
0000000000
0000001000
0000000000
0000000000
0000000000
0000000000
0000000000
0000010000
0000000000
0000000000
0000000000
0000000000
0000000000
0000001000
0000000000
0000000000
0000000000
0000000000
0000000000
0000010000
0000000000
0000000000
0000000000
0000000000
0000000000
0000001000
0000000000
0000000000
0000000000
0000000000
0000000000
0000010000
0000000000
0000000000
0000000000
0000000000
0000000000
0000001000
0000000000
0000000000
0000000000
0000000000
0000000000
0000010000
0000000000
0000000000
0000000000
0000000000
0000000000
,
0001000000
0000100000
0000010000
0001000000
0000100000
0000001000
0000010000
0010000000
0001000000
0000100000
0000010000
0001000000
0000100000
0000001000
0000010000
0100000000
,
0000001000
0010000000
0000000100
0001000000
0000000010
0000100000
0000000001
0000010000
0000000020
0000000030
0000000110
0000000000
0000000010
0000000100
0000001000
0000010000
,
0000000100
0000001000
0000100000
0000000100
0000100000
0000001000
0000000100
0000010000
0001000000
0000000100
0001000000
0000010000
0000001000
0001000000
0000010000
0000001000
,
0000010000
0001000000
0000001000
0000000000
0000010000
0000001000
0001000000
0000000000
0000002000
0000003000
0000001000
0001000000
0000100000
0000000000
0001100000
0000000000
,
0000001000
0000010000
0000100000
0000001000
0000010000
0001000000
0000100000
0000000100
0000001000
0000010000
0000100000
0000001000
0000010000
0001000000
0000100000
0000000010
,
0001000000
0000000100
0010000000
0000001000
0100000000
0000010000
1000000000
0000100000
0200000000
0300000000
0110000000
0000000000
0001000000
0010000000
0000001000
0001000000
,
0000100000
0010000000
0001000000
0000100000
0000001000
0000010000
0000000100
0000001000
0000010000
0001000000
0000100000
0010000000
0001000000
0000100000
0000010000
0000001000
,
0000000100
0000001100
0010000000
0011000000
0000000100
0000010100
0010000000
0010100000
,
0010110000
0000000000
0000000000
0000000000
0000000000
0000000000
0000000000
0000000000
0000000000
0000110100
0000000000
0000000000
0000000000
0000000000
0000000000
0000000000
0000000000
0000000000
0010110100
0000000000
0000000000
0000000000
0000000000
0000000000
0010000000
0000000000
0000000000
0000000000
0000010000
0000000000
0000000000
0000000000
0000100000
0000000000
0000000000
0000000000
0000000200
0000000000
0000000000
0000000000
0000000000
0000000000
0000000000
0000000000
0000000000
0000000000
0000000000
0000000000
,
0000000000
0000000000
0000000000
0000000000
,
0000000300
0000000000
0000000000
0000000000