0000000000
0000000000
0000000000
0000000000
,
0000000000
0000000000
0000000000
0000000000
,
0000000000
0000000000
0000000000
0000000000
0000000000
0000000000
0000000000
0000000010
,
0000000100
0000010000
0000000000
0000100000
0000000000
0000000000
0001000000
0000000000
0010000000
0001000000
0000000000
0100000000
0000100000
0000000000
0010000000
0000000000
,
0202000000
0000000000
0000000000
0000000000
0000000000
0000000000
0000000000
0000000000
0000000000
0303000000
0000000000
1000000000
0100000000
0000000000
0010000000
0000000000
,
0000000000
0000000000
0010000000
0001000000
0000100000
0000000000
0000010000
0000001000
0000010000
0000000000
0000000001
0000000010
0000000001
0000000000
0000000100
0000000000
,
0000002000
0000000100
0000013000
0000000000
0002000000
0010000000
0003100000
0000000010
,
0000000001
0000000000
0000000010
0000000000
0000000100
0000000000
0000001000
0000000000
0000010000
0000001000
0000010000
0010000000
0000100000
0001000000
1000000000
0000000000
,
0101000000
0000000000
0010000000
1000000000
0000100000
0000000000
0000010000
0000000000
0000000100
0000001000
0000000010
0000000001
0000000010
0000000000
0000000100
0000000000
,
0000000000
0000000000
0000000100
0000001000
0000010000
0000000000
0000100000
0001000000
0000100000
0000000000
1000000000
0100000000
1000000000
0000000000
0010000000
0000000000
,
0002000000
0010000000
0003100000
0000000000
0000002000
0000000100
0000013000
0000000010
,
0000000001
0000000000
0000000010
0000000000
0000000100
0000000000
0000001000
0000000000
0000010000
0000001000
0000010000
0010000000
0000100000
0001000000
1000000000
0000000000
,
0100000000
0001000000
1000000000
0000100000
0000000000
0010000000
0000000000
0001000000
0000000000
0000100000
0001000000
0000000000
0000100000
0000100000
0000100000
0000000000
,
0000000010
0000001000
0000000001
0000010000
0000000000
0000000100
0000000000
0000010000
0000000000
0000001000
0000010000
0000000000
0000001000
0000001000
0000001000
0000000000
,
0000010000
0000000000
0010000000
0000000000
1000000000
0100000000
0010000000
0000000000
0000100000
0000000000
0000000100
0000000000
0000000001
0000000010
0000000100
0000000000
,
0000002020
0000000000
0000000000
0000000000
0000010000
0000000000
0000000001
0000000000
0000000100
0000000000
0000000000
0000000000
0000000000
0000003030
0000000100
0000000000
,
2000000000
0000000000
0000000000
0000000000
0000000000
0000000000
0000000000
0000000000
0000000000
0000000000
0000000000
0000100000
0001000000
0000000000
3100000000
0000000000
,
0000010000
0000001000
0000010000
0000000100
0000000010
0000000001
0000000010
0000001000
0000000100
0000001000
0000100000
0000010000
0010000000
0001000000
0000100000
0100000000
,
1000000000
0010000000
0100000000
0000110000
0000001000
0000000010
0000000100
0000001000
0000000010
0000000001
0000000100
0000001000
0000010000
0000100000
0010000000
0200000000
,
0302000000
0000000000
0000000000
0000000000
0003200000
0000000000
0000000000
0000300000
0010000000
0000000000
0200000000
0000000000
2000000000
0000000000
3000000000
0000000000
0302000000
0000000000
0000000000
0000000000
0000000000
0000000000
0003200000
0000000000
0000000000
0000000000
0000300000
0000000000
0000000100
0000000000
0000000000
0000000000
,
0000001000
0000000000
0000010010
0000000000
0000000001
0000000000
0000101000
0000000000
0000000010
0000000000
0000000100
0000010000
0001000000
0000000000
0100000000
0010000000
,
1000000000
0100000000
1000000000
0010000000
0001000000
0000100000
0001000000
0000010000
0000000100
0000001000
0000000010
0000010000
0000000100
0000000010
0000000001
0000000010
,
0000000001
0000000100
0000001000
0000100000
0001000000
0000100000
0010000000
0001000000
0100000000
1000000000
0010000000
0001000000
0000010000
0000100000
0000000100
0000002000
,
0000003020
0000000000
0000000000
0000000000
0000000032
0000000000
0000000000
0000000003
0000000100
0000000000
0000002000
0000000000
0000020000
0000000000
0000030000
0000000000
0000003020
0000000000
0000000000
0000000000
0000000000
0000000000
0000020030
0000000000
0000000000
0000000000
0000000000
0000000000
0010030000
0000000000
0000000000
0000000000
,
0100000000
0000000000
1001000000
0000000000
0000100000
0000000000
0100100000
0000000000
0001000000
0000000000
0010000000
0100000000
1000000000
0000000000
0001000000
0010000000
,
0000110000
0000000000
0000000000
0000000000
0000000000
0000000000
0010000100
0000000000
0000000000
0000000000
0000000000
0000000000
0001001000
0000000000
0000000000
0000000000
0010000100
0000000000
0000000000
0001001000
0000000000
0000000000
0000000100
0000000000
0000110000
0000000000
0000000000
0000000000
0000000000
0000000000
0000000000
0000000000
,
0100000000
0000000000
0010000000
1000000000
0000000000
0001000000
0000100000
0001001000
0000000000
0000000100
0000001000
0000000010
0000000001
0000000000
0000000000
0000000000
,
0000000010
0000000000
0000000100
0000000001
0000000000
0000001000
0000010000
0001001000
0000000000
0010000000
0001000000
0100000000
1000000000
0000000000
0000000000
0000000000
,
0100000000
0010000000
0001000000
0100000000
0000100000
0000010000
0000000100
0000000001
0000000000
0000000010
0000000000
0000000100
0000001000
0000000000
0000010000
0000000000
,
0001000000
0000000000
0010000000
0000000000
0100000000
0000000000
0001000000
0000000000
0000100000
0000000000
0000020000
0000000000
0000000000
0000030000
0000000000
0000000000
0001001000
0000000000
0000000000
0001001000
0000000000
0000000000
0001001000
0000000000
0020000200
0000000000
0000000000
0000000000
0030100300
0000000000
0000000000
0000000000
,
0100000000
0001000000
1000000000
0000100000
0000000000
0010000000
0000000000
0001000000
0000000000
0000100000
0001000000
0000000000
0000100000
0000100000
0000100000
0000000000
,
0000000010
0000001000
0000000001
0000010000
0000000000
0000000100
0000000000
0000010000
0000000000
0000001000
0000010000
0000000000
0000001000
0000001000
0000001000
0000000000
,
0000010010
0000000000
0000000100
0000000000
0000000001
0000000010
0000000100
0000000000
0000011000
0000000000
0000000100
0000000000
0000100000
0001000000
0010000000
0000000000
,
0202000000
0000000000
0000000000
0000000000
1000000000
0000000000
0000100000
0000000000
0010000000
0000000000
0000000000
0000000000
0000000000
0303000000
0010000000
0000000000
,
0000220000
0000000000
0000000000
0000000000
0000000000
0000330000
0000110000
0000000000
,
0001001000
0000000000
0000000000
0000000000
0000000000
0000000000
0000110000
0000000000
0000000000
0000000000
0000000000
0000000000
0010000100
0000000000
0000000000
0000000000
0100000000
0000000000
0000000000
1000000000
0000000000
0000100000
0000000000
0000000000
0001000000
0000001000
0001000000
0000001000
0001000000
0000001000
0001000000
0000001000
,
0000010000
0000001000
0000010000
0010000000
0001000000
0000100000
0001000000
0100000000
0010000000
0100000000
0001000000
1000000000
0010000000
0001000000
0000100000
0001000000
,
0000100000
0010000000
0000001000
0000010000
0000001000
0000000010
0000000100
0000000010
0000001000
0000000001
0000000100
0000001000
0000010000
0000000000
0000000100
0000002000
,
0000000020
0000000000
0000000000
0000003000
0000000000
0000000000
0000000032
0000000000
0000000000
0000000000
0000000003
0000000000
0000000200
0000000000
0000000000
0000000000
0002000300
0000000000
0000000000
0000000000
0000000000
0000000000
2003000000
0000000000
0000000000
0000000000
0000000000
0000000000
3010000000
0000000000
0000000000
0000000000
,
0100000000
0000000000
1001000000
0000000000
0000100000
0000000000
0100100000
0000000000
0000000010
0000000000
0000000100
0000001000
0000010000
0000000000
0000001000
0000000100
,
0000010000
0000001000
0000010000
0010000000
0001000000
0000100000
0001000000
0100000000
0010000000
0100000000
0001000000
1000000000
0010000000
0001000000
0000100000
0001000000
,
0000100000
0000000100
0000001000
0000010000
0000001000
0000000010
0000000100
0000000010
0000001000
0000000001
0000000100
0000001000
0000010000
0000000000
0010000000
0200000000
,
0302000000
0000000000
0003200000
0000000000
0010000000
0000000000
0000320000
0000000000
0000030020
0000000000
0000000000
0000020030
0000000000
0000000000
0000030100
0000000000
,
0000001000
0000000000
0000010010
0000000000
0000000001
0000000000
0000101000
0000000000
0001000000
0000000000
0010000000
0100000000
1000000000
0000000000
0100000000
0010000000
,
0000110000
0000000000
0000000000
0000000000
0000000000
0000000000
0010000100
0000000000
0000000000
0000000000
0000000000
0000000000
0001001000
0000000000
0000000000
0000000000
0010000100
0000000000
0000000000
0001010000
0000000000
0000000000
0000101000
0000000000
0010000100
0000000000
0000000000
0000000000
0000000000
0000000000
0000000000
0000000000