// measure 0
000000
000000
000000
000000
,  // measure 1
000000
000000
000000
000000
,  // measure 2
000000
000000
000000
000000
,  // measure 3
000000
000000
000000
000000
,  // measure 4
100001
000000
000000
000000
000000
000000
000000
000000
000000
000000
000000
001000
000100
000000
010000
000000
,  // measure 5
001000
000000
000000
100000
010000
000000
001000
000000
000100
000000
000000
000010
000001
000000
000100
000000
,  // measure 6
000010
000000
000000
001000
000100
000000
010000
000000
001000
000000
010000
000000
000100
000000
200000
000000
,  // measure 7
310000
002000
003100
020000
030100
002000
003010
000100
,  // measure 8
000100
000000
000000
000001
000010
000000
000100
000000
001000
000000
000000
010000
100000
000000
001000
000000
,  // measure 9
010000
000000
000000
000100
001000
000000
000010
000000
000100
000000
000000
000010
001000
000000
000010
000000
,  // measure 10
000100
000000
000000
000001
000010
000000
000001
000000
000100
000000
000010
000000
001000
000000
000100
000000
,  // measure 11
001100
001000
001100
000100
002200
000000
003300
000000
,  // measure 12
000100
010000
001000
010000
000100
000000
001000
000000
010000
000000
000100
000000
000010
000000
000000
000000
,  // measure 13
001000
000010
000100
000010
001000
000000
000100
000000
000010
000000
001000
000000
010000
000000
000000
000000
,  // measure 14
002200
000000
000000
000000
100000
000001
100000
000000
,  // measure 15
020020
000000
000000
033330
,  // measure 16
100001
000000
000000
000000
000000
000000
000000
000000
000000
000000
000000
000100
001000
000000
000010
000000
,  // measure 17
002000
000000
003000
000001
000000
000010
000000
000100
002000
000000
003000
010000
000000
100000
000000
001000
,  // measure 18
020000
030000
000100
010000
000000
001000
000000
000010
000000
000000
000100
001000
000100
000000
000000
000000
,  // measure 19
020000
000000
030000
002000
000000
003000
200000
300000
020000
000000
030000
002000
000000
003000
020000
030000
,  // measure 20
100000
000000
000000
000000
000100
000000
000000
000000
001000
000000
000000
001000
000100
000000
010000
000000
,  // measure 21
002000
000000
003000
100000
000000
010000
000000
001000
000200
000300
000010
000001
000000
000100
000000
000000
,  // measure 22
000020
000030
001000
000010
000000
000100
000000
010000
000000
000000
001000
000100
001000
000000
000000
000000
,  // measure 23
000020
000000
000030
000200
000000
000300
000002
000003
000020
000000
000030
000200
000000
000300
000020
000030
,  // measure 24
000001
001000
000100
100000
,  // measure 25
000010
000000
000000
000000
000000
000000
000000
000000
000000
010000
000000
000000
000000
000000
000000
000000
000000
000000
000010
000000
000000
000000
000000
000000
001000
000000
000000
000000
000100
000000
000000
000000
001000
000000
000000
000000
020200
000000
000000
000000
000000
000000
000000
000000
000000
000000
000000
000000
,  // measure 26
031300
000000
000000
000000
000000
100000
010000
100000
000000
000100
000000
001000
000000
000010
000000
000000
,  // measure 27
001010
000000
000000
000000
000000
000001
000010
000001
000000
001000
000000
000100
000000
010000
000000
000000
,  // measure 28
011000
000000
000000
000000
000000
001000
100000
010000
000000
001000
000000
000100
001100
000000
000000
000000
,  // measure 29
000110
000000
000000
000000
000000
000000
000000
000000
000000
000000
000000
000000
000000
000000
000000
000100
000000
000000
000001
000000
000000
000010
000000
000000
000100
000000
000000
000000
001000
000000
000000
000000
000100
000000
000000
000000
002020
000000
000000
000000
000000
000000
003130
000000
000000
000000
000000
000000
,  // measure 30
001000
000010
000100
000010
001000
000000
000100
000000
000010
000000
001000
000000
010000
000000
000000
000000
,  // measure 31
000100
010000
001000
010000
000100
000000
001000
000000
010000
000000
000100
000000
000010
000000
000000
000000
,  // measure 32
002200
000000
000000
000000
000001
100000
000001
000000
,  // measure 33
020020
000000
000000
033330
,  // measure 34
100001
000000
000000
000000
,  // measure 35
000010
000000
000000
000000
000000
000000
000000
000000
000000
000000
000000
000000
000000
000000
000000
000000
000000
000000
000000
000000
000000
000000
000000
000000
000000
000000
000000
000000
000000
000000
000000
000000
000000
000000
000000
000000
010000
000000
000000
000000
000000
000000
000000
000000
000000
000000
000000
000000
000000
000000
000000
000000
000000
000000
000000
000000
000000
000000
000000
000000
000000
000000
000000
000000
000000
000000
000000
000000
000000
000000
000000
000000
000010
000000
000000
000000
000000
000000
000000
000000
000000
000000
000000
000000
000000
000000
000000
000000
000000
000000
000000
000000
000000
000000
000000
000000
001000
000000
000000
000000
000000
000000
000000
000000
000000
000000
000000
000000
000000
000000
000000
000000
000100
000000
000000
000000
000000
000000
000000
000000
000000
000000
000000
000000
000000
000000
000000
000000
001000
000000
000000
000000
000000
000000
000000
000000
000000
000000
000000
000000
000000
000000
000000
000000
000100
000000
000000
000000
000000
000000
001000
000000
000000
000000
000000
000000
000100
000000
000000
000000
000000
000000
001000
000000
000000
000000
000000
000000
000100
000000
000000
000000
000000
000000
001000
000000
000000
000000
000000
000000
000100
000000
000000
000000
000000
000000
001000
000000
000000
000000
000000
000000
,  // measure 36
000200
000000
000300
100000
000000
010000
000000
001000
000200
000000
000300
000010
000000
000001
000000
000100
,  // measure 37
000020
000030
001000
000010
000000
000100
000000
010000
000000
000000
001000
000100
001000
000000
000000
000000
,  // measure 38
000020
000000
000030
000200
000000
000300
000002
000003
000020
000000
000030
000200
000000
000300
000020
000030
,  // measure 39
000001
000000
000000
000000
001000
000000
000000
000000
000100
000000
000000
000100
001000
000000
000010
000000
,  // measure 40
000200
000000
000300
000001
000000
000010
000000
000100
002000
003000
010000
100000
000000
001000
000000
000000
,  // measure 41
020000
030000
000100
010000
000000
001000
000000
000010
000000
000000
000100
001000
000100
000000
000000
000000
,  // measure 42
020000
000000
030000
002000
000000
003000
200000
300000
020000
000000
030000
002000
000000
003000
020000
030000
,  // measure 43
100000
000100
001000
000001
,  // measure 44
010000
000000
000000
000000
000000
000000
000000
000000
000000
000010
000000
000000
000000
000000
000000
000000
000000
000000
010000
000000
000000
000000
000000
000000
000100
000000
000000
000000
001000
000000
000000
000000
000100
000000
000000
000000
002020
000000
000000
000000
000000
000000
000000
000000
000000
000000
000000
000000
,  // measure 45
000000
000000
000000
003030