00000
00000
00000
00000
,
00000
00000
00000
00000
,
00000
00000
00000
00000
,
00000
00000
00000
00000
,
00000
00000
00000
00000
,
00010
01000
00001
00101
,
01000
00010
10000
10100
,
00010
00000
01000
00000
00100
01000
00010
00000
,
01000
00010
00100
00010
01000
00100
01000
00010
,
00200
00000
00000
00000
00000
00300
00000
00000
,
00002
00000
00000
00000
00000
00003
00000
00000
,
10000
00000
10100
00000
00001
01000
00100
00000
,
01000
00010
00100
00010
01000
00100
01000
00010
,
00200
00000
00000
00000
00000
00000
00000
00000
00000
00300
00000
00000
00000
00000
00000
00000
,
00020
00000
00030
00000
,
01000
00000
01100
00000
00010
10000
00100
00000
,
01000
00001
00100
00000
00001
00000
01001
00000
,
00100
00100
00010
01000
,
00001
00001
10000
10100
,
00010
00100
00001
00000
00001
01000
00100
00000
,
10000
00010
00100
00000
00010
00000
10010
00000
,
01000
00100
00000
01000
00010
00000
00110
00000
,
00001
00100
00000
00001
10000
00000
10100
00000
,
01000
00010
00000
00010
01000
00000
01010
00000
,
00001
10000
00000
10000
00001
00000
10001
00000
,
00001
00100
00010
00000
01000
00100
10000
00000
,
10000
00010
01000
00000
00010
01000
00001
00000
,
00100
00001
01000
00000
00010
10000
00100
00000
,
01000
00010
00100
00010
01000
00100
01000
00010
,
00100
00001
10000
10100
,
00100
01000
00010
00110
,
01000
00100
10000
10100
,
00001
00100
00010
00110
,
01000
00000
00010
00000
00100
00100
00001
00001
,
10000
00000
00100
00000
01000
01000
00010
00010
,
00200
00000
00000
00000
00000
00000
00000
00000
00000
00300
00000
00000
10001
00000
00000
00000
,
10000
00001
00100
00001
10000
00100
10000
00001
,
00100
00100
00001
01000
,
00100
00100
10000
00010
,
01000
00100
01000
00010
,
00100
00100
00001
10001
,
10000
00100
10000
00010
00100
00000
00110
00000
,
01000
00100
01000
00001
00100
00000
00101
00000
,
10000
10000
00001
00100
,
00010
01000
00100
01000
00010
00100
00010
01000
,
00100
00100
10000
00010
,
00100
00100
00001
01000
,
00010
00100
00010
01000
,
00100
00100
10000
10001
,
00001
00100
00001
01000
00100
00000
01100
00000
,
00010
00100
00010
10000
00100
00000
10100
00000
,
00001
00001
10000
00100
,
01000
00010
00100
00010
01000
00100
01000
00010
,
10000
00000
00000
10000
00000
00000
10000
00000
00000
00000
11000
00000
00000
00000
00001
00000
,
00010
00000
00000
00010
00000
00000
00010
00000
00000
00000
00011
00000
00000
00000
01000
00000
,
00010
00000
00000
00010
00000
00000
00010
00000
00000
00000
01010
00000
00000
00000
00001
00000
,
10000
00000
00000
10000
00000
00000
10000
00000
00000
00000
20002
00000
00000
30003
00000
00000
,
00001
10000
00001
01100
,
00010
01000
00010
10100
,
01000
00010
00100
00010
01000
00100
01000
00010
,
00100
00000
00000
00100
00000
00000
00200
00000
00000
00000
00000
00000
00000
00300
00000
00000