00000
00000
00000
00000
,
00000
00000
00000
00000
,
00020
00000
00000
00000
00000
00000
00000
00000
00000
00000
00000
00000
00000
00000
00000
00000
00000
00000
00000
00000
00000
00000
00000
00000
00100
00000
00000
00000
00000
00000
00000
00030
,
02000
00000
00000
00000
00000
00000
00000
00000
00000
00000
00000
00000
00000
00000
00000
00000
00000
00000
00000
00000
00000
00000
00000
00000
00100
00000
00000
00000
00000
00000
00000
03000
,
00020
00000
00000
00000
01030
00000
00000
01000
00100
00010
00100
01000
00010
00100
01000
00100
,
00010
00000
10000
00000
00100
00000
01000
00010
00100
00000
00001
00000
01000
00100
00000
00000
,
10000
00000
00010
00000
00100
00000
00001
10000
00100
00000
01000
00000
00001
00100
00000
00000
,
00010
00000
10000
00000
00100
00000
01000
00001
00100
00000
00010
00000
10000
00100
00000
00000
,
01000
00100
00010
00001
00100
00010
00100
01000
10000
01000
00100
00010
02000
00000
03001
00000
,
00100
10000
00100
10000
00100
10000
00100
10000
00100
10000
00100
10000
00100
10000
00100
10000
,
00001
00100
00001
00100
00001
00100
00001
00100
00001
00100
00001
00100
00001
00100
00001
00100
,
00010
01000
00100
01000
00010
00100
00010
01000
00100
01000
00010
00100
00010
01000
00100
01000
,
00010
00100
01000
10000
00100
01000
00100
00010
00001
00010
00100
01000
00020
00000
10030
00000
,
00100
01000
00100
00000
10000
00000
00010
00100
00000
00100
00010
00000
10000
00100
00001
00000
,
00010
00100
00001
00000
01000
00000
00100
00000
20000
00000
00020
00000
00000
30000
00000
00030
,
00100
00001
00100
00000
00010
00000
10000
00100
00000
00100
10000
00000
00001
00100
00010
00000
,
01000
00100
00002
00003
00010
00100
20000
30000
,
01000
00000
00100
00000
01100
00000
01000
00000
00001
00010
00100
01000
10000
00000
01000
00000
,
00010
00000
00100
00000
00110
00000
00010
00000
10000
01000
00100
00010
00001
00000
00010
00000
,
02000
03100
00002
00103
20000
30100
00020
00130
,
02000
03001
00020
10030
01101
00000
10010
00000
,
02000
00000
00000
00000
,
00200
00000
00000
00000
00000
00000
00000
00000
00000
00000
00000
00000
00000
00000
03000
00300
,
01000
00100
01000
00100
01000
00100
01000
00100
01000
00100
01000
00100
01000
00100
01000
00100
,
01000
00000
00000
00000
00000
00000
00000
00000
00100
00000
00000
00000
00000
00000
00000
00000
01000
00000
00000
00000
00000
00000
00000
00000
00100
00000
00000
00000
00000
00000
00000
00000
01000
00000
00000
00000
00000
00000
00000
00000
00100
00000
00000
00000
00000
00000
00000
00000
01000
00000
00000
00000
00000
00000
00000
00000
00100
00000
00000
00000
00000
00000
00000
00000
01000
00000
00000
00000
00000
00000
00000
00000
00100
00000
00000
00000
00000
00000
00000
00000
01000
00000
00000
00000
00000
00000
00000
00000
00100
00000
00000
00000
00000
00000
00000
00000
01000
00000
00000
00000
00000
00000
00000
00000
00100
00000
00000
00000
00000
00000
00000
00000
01000
00000
00000
00000
00000
00000
00000
00000
00100
00000
00000
00000
00000
00000
00000
00000
01000
00000
00000
00000
00000
00000
00000
00000
00100
00000
00000
00000
00000
00000
00000
00000
01000
00000
00000
00000
00000
00000
00100
00000
00000
00000
00000
00000
01000
00000
00000
00000
00000
00000
00100
00000
00000
00000
00000
00000
01000
00000
00000
00000
00000
00000
00100
00000
00000
00000
00000
00000
01000
00000
00000
00000
00000
00000
00100
00000
00000
00000
00000
00000
,
02000
00000
00000
03000
00200
00000
00000
00300
00002
00000
00000
00003
00020
00000
00000
00030
00200
00000
00000
00300
20000
00000
00000
30000
02000
00000
00000
03000
00020
00000
00000
00030
,
00002
00000
00000
00003
00200
00000
00000
00300
02000
00000
00000
03000
20000
00000
00000
30000
00200
00000
00000
00300
00020
00000
00000
00030
02000
00000
00000
03000
00002
00000
00000
00003
,
20000
00000
00000
30000
00200
00000
00000
00300
02000
00000
00000
00000
00000
00000
00000
00000
00020
00000
00000
00000
00030
00000
00000
00000
00002
00000
00000
00000
03003
00000
00000
00000
,
00010
00100
01000
10000
00100
01000
00100
00010
00001
00010
00100
01000
00020
00000
00130
00000
,
10000
00000
00000
00100
00000
00000
01000
00000
00000
00000
11000
00000
10000
00000
00100
00000
,
00001
00000
00000
01000
00000
00000
00010
00000
00000
00000
00011
00000
00001
00000
00100
00000
,
10000
00000
00000
00100
00000
00000
01000
00000
00000
00000
11000
00000
10000
00000
01000
00000
,
00010
00000
00000
00110
00000
00000
10010
00000
00010
00100
00010
00000
10010
00000
00100
00000
,
01000
00000
00000
00010
00100
00000
00001
00000
00010
00100
01000
00000
01020
00000
10030
00000
,
00010
00000
00000
01000
00100
00000
10000
00000
01000
00100
00010
00000
02010
00000
03001
00000
,
01000
00000
00000
00100
10000
00000
00010
00000
00000
00000
00110
00000
00000
00000
01010
00000
,
01000
00100
00010
00001
00100
00010
00100
01000
10000
01000
00100
00010
02000
00000
03100
00000
,
10000
01000
00000
10000
00100
00000
10000
00000
00001
00100
00000
00001
00010
00000
00100
00000
,
01000
10000
00000
01000
00100
00000
01000
00000
00010
00100
00000
00010
00001
00000
00100
00000
,
10000
01000
00000
00100
00010
00000
01000
00000
00100
00010
00000
00001
00100
00000
00010
00000
,
10000
00001
00000
00100
00010
00000
00110
00000
02000
00000
03001
00000
20000
00000
30010
00000
,
10000
00100
01000
00010
01000
00100
10000
00000
00010
00100
00010
00100
00002
00000
00013
00000
,
00001
00100
00010
01000
00010
00100
00001
00000
01000
00100
01000
00100
20000
00000
31000
00000
,
10000
00010
00100
00001
10000
00100
10000
00001
00100
00001
10000
00100
01000
00000
01100
00000
,
00010
00100
01000
10000
00100
01000
00100
00010
00001
00010
00100
01000
00020
00000
00130
00000
,
00001
00010
00000
00001
00100
00000
00001
00000
10000
00100
00000
10000
01000
00000
10000
00000
,
00010
00001
00000
00010
00100
00000
00010
00000
01000
00100
00000
01000
10000
00000
01000
00000
,
00001
00010
00000
00001
00100
00000
00010
00000
10000
01000
00000
10000
00100
00000
01000
00000
,
00010
00100
00001
10000
00100
00000
01100
00000
00010
00100
00010
00100
00002
00000
01003
00000
,
01000
00100
10000
00100
01000
00100
00010
00001
00100
00001
00100
10000
01000
00100
00010
00000
,
00001
00100
00001
00000
10000
00100
10000
00000
00010
00100
01000
10000
00100
01000
00010
00100
,
00001
00010
00100
01000
00001
00100
00001
00100
00010
00100
01000
10000
00010
00100
00010
00000
,
01000
00000
00100
00000
00010
00000
00001
00000
00100
00000
00010
00000
00100
00000
01000
00000
10000
00000
01000
00000
00100
00000
00010
00000
02000
00000
00000
00000
03001
00000
00000
01001
,
00000
00000
00000
00000
20000
00000
00000
00000
00000
30010
00000
00000
00000
00000
00000
00000
00000
01001
00000
00000
00000
01000
00000
00100
00000
10000
00000
00000
10010
00000
00000
00000
,
00000
00002
00000
00000
00000
00000
01003
00000
00000
00000
00000
00000
00000
00000
10010
00000
00000
00000
00010
00000
00100
00000
00001
00000
00000
01000
00000
00000
00000
00000
00010
00000
,
00000
00000
00000
10100
00000
00000
00000
00000
00000
00000
00000
01001
00000
00000
00000
01000
00000
00100
00000
10000
00000
00000
00010
00000
00000
00000
00000
01000
00000
00000
00000
00000
,
00101
00000
00000
00000
00001
00000
00100
00000
00010
00000
00001
00000
00010
00000
00100
00000
01000
00000
00000
20000
00000
00000
00000
00000
00100
00000
00000
00000
00000
30010
00000
00000
,
00000
00000
00000
00000
00000
01001
00000
00000
00000
01000
00000
00100
00000
10000
00000
00000
00002
00000
00000
00000
00000
00100
00000
00000
00000
00000
01003
00000
00000
00000
00000
00000
,
00000
00000
10010
00000
00000
00000
00010
00000
00100
00000
00001
00000
00000
01100
00000
00000
00000
00000
00110
00000
00000
00000
00000
01101
00000
00000
00000
00000
00000
00000
00000
10110
,
00000
00000
00000
10000
00000
00001
00000
00100
00000
00000
00000
00020
00000
00000
00000
00000
00000
02000
00000
00000
00000
00030
00000
03101
00000
00000
00000
00000
00000
00000
00000
00000