// measure 0
00000
00000
00000
00000
,  // measure 1
00000
00000
00000
00000
,  // measure 2
00000
00000
00000
00000
00000
00000
00000
00000
00000
00000
00000
00000
00000
00000
00000
00000
01000
00000
00100
00000
01100
00000
00001
00100
00000
10000
00100
00000
00001
00100
00001
00000
,  // measure 3
01000
00100
01000
00000
00110
00000
01000
00100
00000
00010
00100
00000
10000
00100
10000
00000
00001
01000
00010
00000
01010
00000
01000
00010
00000
00100
00001
00000
00010
01000
00010
00000
,  // measure 4
01000
00100
00010
00001
00100
00001
00010
00100
01000
10000
01000
00100
00010
00001
00011
00000
00001
00000
00010
00001
00010
00000
11000
00000
10000
01000
00100
00000
00011
00000
00001
00010
,  // measure 5
00100
00000
01000
00000
00100
00000
01000
00100
10000
00000
00001
00100
00010
01000
00100
00000
01000
00000
01000
00000
00010
00000
00100
00000
00001
00000
00001
00000
10000
00000
00100
00000
,  // measure 6
10000
01000
00100
00010
00001
00010
00100
01000
10000
01000
00100
00010
00001
00000
00100
00000
00001
00000
01000
00000
00100
00000
00000
00000
10000
00000
00010
00000
00100
00000
00000
00000
,  // measure 7
00001
00000
01000
00000
00010
00000
10000
00000
00100
00000
01000
00000
00010
00000
00000
00000
01000
00100
00000
01000
00010
00000
00010
00100
00000
00001
00100
00010
00100
00001
01000
00100
,  // measure 8
01000
00010
00000
00010
00100
00000
00010
01000
00100
00000
10000
00000
00001
00000
00100
00000
00001
00000
00100
00000
00000
00000
00000
00000
00000
00000
00000
00000
00000
00000
00000
00000
,  // measure 9
01000
00100
00000
00000
00000
00000
00000
00000
01000
00100
01000
00010
01000
00100
01000
00001
,  // measure 10
10000
00000
00100
00000
10000
00000
00010
00000
10000
00000
00010
00000
01000
00000
00100
00000
01100
00000
00100
00000
10100
00000
10000
00100
10000
00000
00001
00100
00001
00000
00101
00000
,  // measure 11
00101
00000
00100
00000
00110
00000
00010
00100
00010
00000
01000
00100
01000
00010
00100
00000
00010
00000
00001
00000
01000
00000
10000
00000
01000
00000
10000
00000
00010
00100
00001
00000
,  // measure 12
01000
00000
00100
00000
10000
00000
00001
00000
01100
00000
01000
00000
01010
00000
00000
00000
10000
00000
01000
00100
00010
00000
00001
00000
00011
00000
00001
00100
10000
00000
11000
00000
,  // measure 13
10000
00000
01000
00100
00010
00000
00001
00000
00011
00000
00001
00100
10000
00000
11000
00000
01000
00000
01000
00000
10000
00000
10000
00000
00001
00000
00001
00000
00010
00000
00010
00000
,  // measure 14
00010
00100
01000
00100
00010
01000
00100
01000
00010
00100
01000
00010
00100
00010
01000
00000
01100
00000
00010
00100
00010
00000
01100
00000
01000
00100
10000
00000
00001
00000
00001
00000
,  // measure 15
10000
00100
10000
00000
00110
00000
01000
00100
01000
00010
00100
00000
00101
00000
01100
00000
00010
10000
00100
01000
00010
00000
01000
00100
01000
00010
10000
00100
00001
00000
00010
00000
,  // measure 16
01000
00000
00000
00010
01000
00000
00100
00000
00001
00100
00001
01000
00001
00100
00001
00000
10000
00000
00000
00001
10000
00000
00100
00000
10000
00010
10000
00100
10000
00010
10000
00000
,  // measure 17
00001
00000
01000
00010
00100
00000
00010
00000
00100
00000
00010
00000
01000
00000
00100
00000
10000
00000
10000
00000
00010
00000
00001
00000
00010
00000
01000
00000
00100
00000
01000
00000
,  // measure 18
00010
00100
01000
00100
10000
01000
00100
01000
10000
01000
00100
00010
00001
00010
00100
01000
00010
01000
00000
00001
00100
00000
00101
00000
10000
00001
00000
01000
00100
00000
01100
00000
,  // measure 19
01000
00001
00000
10000
00010
00000
10010
00000
10000
00010
00000
01000
00001
00000
01001
00000
00001
00100
00000
00010
00100
00000
00110
00000
01000
00100
00000
10000
00100
00000
10100
00000
,  // measure 20
10000
00010
00100
00010
01000
00001
00010
00100
01000
00010
00100
00000
00010
00000
10100
00000
10000
00100
01000
00000
00010
00000
00001
00100
00001
00000
00001
00000
10000
00000
10000
00000
,  // measure 21
00001
00100
00010
00000
01000
00000
10000
00100
10000
00000
10000
00000
00001
00000
00001
00000
10000
00010
00000
01000
00001
00000
00100
00000
00010
10000
00000
00001
01000
00000
00100
00000
,  // measure 22
01000
00100
10000
01000
00100
00010
00001
00010
00100
01000
00010
00100
00001
01000
00100
10000
00010
01000
00000
00001
00100
00000
00101
00000
10000
00001
00000
01000
00100
00000
01100
00000
,  // measure 23
01000
00001
00000
10000
00010
00000
10010
00000
10000
00010
00000
01000
00001
00000
01001
00000
00001
00100
00000
00010
00100
00000
00110
00000
01000
00100
00000
10000
00100
00000
10100
00000
,  // measure 24
10000
00010
00100
00010
01000
00001
00010
00100
01000
00010
00100
00000
00010
00000
10100
00000
10000
00100
01000
00000
00010
00000
00001
00100
00001
00000
00001
00000
10000
00000
10000
00000
,  // measure 25
00001
00100
00010
00000
01000
00000
10000
00100
10000
00000
10000
00000
00001
00000
00001
00000
10000
00010
00000
01000
00001
00000
00100
00000
00010
10000
00000
00001
01000
00000
00100
00000
,  // measure 26
01000
00100
10000
01000
00100
00010
00001
00010
00100
01000
00010
00100
00001
01000
00100
10000
00101
00000
10000
00100
00001
00000
00110
00000
00010
00100
01000
00000
10100
00000
00110
00000
,  // measure 27
10010
00000
10000
00100
00010
00000
01000
00000
00110
00000
01000
00000
01000
00100
00001
00000
10000
00100
10000
00001
00100
00000
00101
00000
01000
00000
00110
00000
01000
00100
01000
00000
,  // measure 28
00001
00100
00010
00100
00001
00010
00100
01000
00010
00100
00010
00100
01000
10000
01000
00000
00010
01000
00100
00000
01010
00000
10000
00001
00100
00000
10001
00000
00001
01000
00100
00000
,  // measure 29
10000
00010
00100
00000
10010
00000
01000
00001
00100
00000
00010
10000
00100
00000
10010
00000
00010
10000
00010
10000
00010
10000
00010
10000
00100
01000
00001
01000
00001
01000
00001
01000
,  // measure 30
00010
10000
00001
01000
00010
00200
00000
00000
00000
00000
00000
00000
00000
00000
00000
00000
00000
00000
00000
00000
00000
00000
00000
00300
00000
00000
00000
00000
00000
00000
00000
00000