0000000000
0000000000
0000000000
0000000000
0000000000
0000000000
0000000000
0000220000
0000000000
0000000000
0000000000
0000000000
0000000000
0000000000
0000000000
0000000000
0000000000
0000000000
0000000000
0000000000
0000000000
0000000000
0000000000
0000000000
0000000000
0000000000
0000000000
0000000000
0000000000
0000000000
0000000000
0000000000
,
0000000000
0000000000
0000000000
0000000000
,
0000000000
0000000000
0000330000
0000000000
0000110000
0000000000
0000000000
0000010000
0000000200
0000000000
0000000300
0010000000
0000100000
0001000000
0000001000
0000010000
0001000000
0000100000
0000010000
0000001000
0000000100
0000000000
0000010000
0000000000
0000000101
0000000000
0000010000
0000000100
0000001000
0000000000
0000000001
0000000000
,
0000010000
0000000010
0000000000
0000000000
0000001000
0000000000
0000000100
0000000000
0000110000
0000000000
0001000000
0010000000
0000100000
0000000000
0100000000
0000000000
0001000000
1000000000
0000000000
0000000000
0010000000
0000000000
0100000000
0000000000
0011000000
0000000000
0100000000
0010000000
1000000000
0000000000
0001000000
0000000000
,
0100000000
0000100000
0000000000
0000000000
0010000000
0001000000
0000100000
0000010000
0000001000
0000000100
0000010000
0000001000
0001000000
0000010000
0000001000
0000000100
0000020000
0000000000
0000031000
0000000000
0000100000
0000000000
0002000000
0000000000
0203000000
0300000000
0001000000
0100000000
0010000000
1000000000
0000200000
0000000000
,
0020000000
0000000000
0030300000
0000000000
0000100000
0000000000
0002000000
0000000000
0003002000
0000003000
0001000000
0000001000
0010000000
0000000100
0000200000
0000000000
0000020000
0000000000
0000330000
0000000000
0000010000
0000000000
0000002000
0000000000
0000003020
0000000030
0000001000
0000000010
0000000100
0000000001
0000020000
0000000000
,
0000000200
0000000000
0000030300
0000000000
0000000100
0000001000
0000010000
0000100000
0001000000
0010000000
0000100000
0001000000
0000001000
0000100000
0001000000
0010000000
0000200000
0000000000
0001300000
0000000000
0000010000
0000001000
0000010000
0000000000
0010000000
0000000000
0000001000
0000010000
0000000000
0000010000
0000001000
0000000000
,
0002000000
0000000000
0003100000
0000000000
0000001000
0000010000
0000001000
0000000000
0000100000
0000000000
0001000000
0000010000
0000200000
0000000000
0000002000
0000000000
0000000000
0000300000
0000000000
0000003000
0000100000
0001000000
0000100000
0000000000
0000000100
0000000000
0001000000
0000100000
0000000000
0000100000
0001000000
0000000000
,
0000002000
0000000000
0000013000
0000000000
0000000200
0000000000
0000002300
0000000000
0000103000
0000000000
0000000000
0000000000
0020000000
0000000000
0032000000
0000000000
0003010000
0000000000
0000000000
0000000000
0000001000
0000000000
0000100000
0000000000
0001100000
0000000000
0001000000
0000000000
0000010000
0000001000
0000010000
0000000000
,
0001000000
0000000000
0000000000
0000000000
0000100000
0000000000
0000000000
0000000000
0000010000
0000000000
0000000000
0000000000
0001000000
0000000000
0000000000
0000000000
0001100000
0000000000
0000000000
0000000000
0000100000
0000000000
0000000000
0000000000
0010000000
0000000000
0001000000
0000000000
0100000000
0000000000
0000100000
0000000000
0010000000
0000000000
0000000000
0000000000
0001000000
0000000000
0000000000
0000000000
2000000000
0000000000
0000000000
3000000000
0200000000
0000000000
0000000000
0300000000
0020000000
0000000000
0000000000
0030000000
0001000000
0000000000
0000100000
0000000000
0000002000
0000000000
0000000000
0000003000
0002000000
0000000000
0000000000
0003000000
,
0000200000
0000000000
0000000000
0000300000
0010000000
0000000000
0001000000
0000000000
0000200000
0000000000
0000000000
0000300000
0000020000
0000000000
0000000000
0000030000
0000002000
0000000000
0000000000
0000003000
0000000100
0000000000
0000010000
0000000000
0000002000
0000000000
0000000000
0000003000
0000000200
0000000000
0000000000
0000000300
0000000020
0000000000
0000000000
0000000000
0000000000
0000000000
0000000000
0000000030
0000000100
0000000000
0000000001
0000000000
0000000100
0000000000
0000000001
0000000000
0000000100
0000000000
0000000010
0000000000
0000000100
0000000000
0000000010
0000000000
0000001000
0000000000
0000000010
0000000000
0000000100
0000000000
0000000010
0000000000
,
0000001000
0000000100
0000001000
0000000100
0000010000
0000000100
0000001000
0000000100
0000010000
0000001000
0000010000
0000001000
0000100000
0000010000
0001000000
0000010000
0000100000
0000001000
0001000000
0000001000
0000100000
0000010000
0000001000
0000000100
0000100000
0000010000
0001000000
0000001000
0010000000
0001000000
0000100000
0000010000
,
0001000000
0000000000
0000100000
0000000000
0010000000
0000000000
0001000000
0000000000
0100000000
0000000000
0010000000
0000000000
1000000000
0000000000
0100000000
0000000000
0010000000
0000000000
0001000000
0000000000
0010000000
0000000000
0001000000
0000000000
1000000000
0000000000
0010000000
0000000000
0000100000
0000000000
0001000000
0000000000
0010000000
0000000000
0000100000
0000000000
0001000000
0000000000
0010000000
0000000000
0200000000
0000000000
0000000000
0300000000
2000000000
0000000000
0000000000
3000000000
0020000000
0000000000
0000000000
0030000000
0000200000
0000000000
0000000000
0000300000
2000000000
0000000000
0000000000
3000000000
0020000000
0000000000
0000000000
0030000000
,
0000200000
0000000000
0000000000
0000300000
0000002000
0000000000
0000000000
0000003000
0020000000
0000000000
0000000000
0030000000
0000200000
0000000000
0000000000
0000300000
0000002000
0000000000
0000000000
0000003000
0000000200
0000000000
0000000000
0000000300
0000200000
0000000000
0000000000
0000300000
0000002000
0000000000
0000000000
0000003000
0000000200
0000000000
0000000000
0000000300
0000000020
0000000000
0000000000
0000000030
0000002000
0000000000
0000000000
0000003000
0000020000
0000000000
0000000000
0000030000
0000200000
0000000000
0000000000
0000000000
0000000000
0000000000
0000000000
0000300000
0000001000
0000000000
0000000000
0000000000
0010000000
0000000000
0000000000
0000000000
,
0000010000
0000000000
0001000000
0000000000
0000000100
0000010000
0000001000
0001000000
0000100000
0010000000
0001000000
0000100000
0000010000
0001000000
0000100000
0010000000
0002000000
0000000000
0103000000
0000000000
0001000000
0000000000
0000000000
0010000000
0000000000
0000000000
0000100000
0000000000
0000000000
0000000000
0001100000
0000000000
,
0000000000
0000000000
0000011000
0000000000
0000001000
0000000000
0000000000
0000000100
0000000000
0000000000
0000010000
0000000000
0000000000
0000000000
0000011000
0000000000
0000000000
0000000000
0001100000
0000000000
0001000000
0000000000
0000000000
0010000000
0000000000
0000000000
0000100000
0000000000
0000000000
0000000000
0010100000
0000000000
,
0000000000
0000000000
0000001100
0000000000
0000001000
0000000000
0000000000
0000000100
0000000000
0000000000
0000010000
0000000000
0000000001
0000000100
0000000001
0000000000
0000000100
0000000000
0000010000
0000000000
0001010000
0000000000
0000000000
0100000000
0010000000
0000000000
1000000000
0000000000
0020100000
0000000000
0031000000
0000000000
,
0001002000
0000000000
0000013000
0000000000
0000011000
0000000000
0000000000
0000000010
0000000100
0000000000
0000000001
0000000000
0000010200
0000000000
0000001300
0000000000
0002001000
0000000000
0003100000
0000000000
0001100000
0000000000
0000000000
0000010000
0000100000
0000000000
0000202000
0000000000
0000303000
0000000000
0001001000
0000000000
,
0000000000
0000000000
0000110000
0000000000
0010000000
0000100000
0001000000
0000001000
0000010000
0000000100
0000001000
0000010000
0000100000
0000001000
0000010000
0000000100
0000002000
0000000000
0000003010
0000000000
0000001000
0000000100
0000001000
0000000010
0000010000
0000000100
0000010000
0000001000
0001000000
0000000100
0000001000
0000010000
,
0000100000
0000000100
0000010000
0000000000
0000000001
0000000100
0000010000
0000100000
0000010000
0000100000
0000001000
0001000000
0000001000
0001000000
0000100000
0010000000
0001000000
0010000000
0000100000
0000000000
0010000000
0001000000
0100000000
0001000000
0010000000
0000100000
0001000000
0000010000
0000100000
0001000000
0010000000
0000100000
,
0100000000
0010000000
1000000000
0010000000
0000100000
0001000000
0010000000
0000100000
0001000000
0000010000
0000100000
0001000000
0000100000
0000010000
0001000000
0000001000
0000100000
0000000000
0000010000
0000000000
0000110000
0000000000
0000010000
0000100000
0000001000
0000010000
0000000010
0000010000
0000000100
0000001000
0000000100
0000001000
,
0000020000
0000000000
0000130000
0000000000
0000110000
0000000000
0000100000
0000010000
0001000000
0000100000
0100000000
0000100000
0010000000
0001000000
0010000000
0001000000
0000200000
0000000000
0000310000
0000000000
0000100000
0000010000
0000001000
0000000100
0001000000
0000001000
0000010000
0000000100
0000100000
0000010000
0000001000
0000000100
,
0000100000
0000000000
0000010000
0000000000
0001000000
0000001000
0000100000
0001000000
0010000000
0000100000
0001000000
0000001000
0000100000
0001000000
0010000000
0000100000
0002000000
0000000000
0003001000
0000000000
0000001000
0001000000
0000100000
0010000000
0001000000
0010000000
0000010000
0000100000
0000001000
0000010000
0000000100
0000001000
,
0000000001
0000000100
0000000010
0000001000
0000000001
0000000100
0000000001
0000000000
0000001000
0000000100
0000010000
0000001000
0001000000
0000100000
0010000000
0001000000
0000100000
0010000000
1000000000
0100000000
0010000000
0000000000
0001000000
0100000000
0010000000
0000000000
1000000000
0000100000
0010000000
0001000000
0000100000
0000010000
,
0000001000
0000000100
0000010000
0000000001
0000000010
0000000100
0000001000
0000000100
0000010000
0000000000
0000010100
0000000000
0000010000
0000001000
0000000100
0000000010
0000000001
0000000100
0000010000
0000001000
0001000000
0000100000
0001000000
0000100000
0010000000
0001000000
0010000000
0100000000
1000000000
0000000000
1000000000
0010000000
,
0000100000
0001000000
0010000000
0000100000
0000001000
0000010000
0000001000
0000010000
0001000000
0000001000
0001000000
0000001000
0000100000
0001000000
0010000000
0001000000
0000100000
0000001000
0000010000
0000001000
0000100000
0001000000
0010000000
0100000000
1000000000
0100000000
0010000000
0001000000
0000100000
0000001000
0010000000
0000010000
,
0001000000
0000001000
0000100000
0000000000
0000001000
0001000000
0000010000
0000001000
0000000100
0000010000
0000001000
0001000000
0000010000
0000001000
0000000100
0000010000
0000002000
0000000000
0001003000
0000000000
0001100000
0000000000
0000000000
0010100000
0000000000
0000000000
0011000000
0000000000
0000000000
0000000000
0111000000
0000000000
,
0010000000
0001000000
0000100000
0000000000
0001100000
0000000000
0000000000
0000110000
0000000000
0000000000
0000011000
0000000000
0000000000
0000000000
0000011100
0000000000
0000000100
0000001000
0000010000
0000000000
0000011000
0000000000
0000000000
0000001010
0000000000
0000000000
0000010010
0000000000
0000000000
0000000000
0000010110
0000000000
,
0000000010
0000001000
0000000001
0000000000
0000001001
0000000000
0000000000
0000011000
0000000000
0000000000
0000110000
0000000000
0000100000
0010000000
1000000000
0100000000
0010000000
0001000000
0000100000
0000000000
0000011000
0000000000
0000000000
0000010100
0000000000
0000000000
0000001100
0000000000
0000000000
0000000000
0000001110
0000000000
,
0000000100
0000001000
0000010000
0000000000
0000011000
0000000000
0000000000
0000110000
0000000000
0000000000
0001100000
0000000000
0000000000
0000000000
0011100000
0000000000
0010000000
0001000000
0000100000
0000000000
0001100000
0000000000
0000000000
0101000000
0000000000
0000000000
0100100000
0000000000
0000000000
0000000000
0110100000
0000000000
,
0100000000
0001000000
1000000000
0000000000
0011000000
0000000000
0000000000
0000100000
0000000000
0000000000
0000000010
0000000000
0000000000
0000000000
0000000000
0000000000
0000000000
0000000000
0000000000
0000000000
0000000000
0000000000
0000000000
0000000000
0000000000
0000000000
0000000000
0000000000
0000000000
0000000000
0000000000
0000000000
,
0000000000
0000000000
0000000000
0000000000
,
0000000000
0000000000
0000000000
0000000000
00000000F0
00000000F0
00000000F0
00000000F0
00000000F0
00000000F0
00000000F0
00000000F0
00000000F0
00000000F0
00000000F0
00000000F0
00000000F0
00000000F0
00000000F0
00000000F0
00000000F0
00000000F0
00000000F0
00000000F0
00000000F0
00000000F0
00000000F0
00000000F0
00000000F0
00000000F0
00000000F0
00000000F0
,
00000000F0
00000000F0
00000000F0
00000000F0
00000000F0
00000000F0
00000000F0
00000000F0
00000000F0
00000000F0
00000000F0
00000000F0
00000000F0
00000000F0
00000000F0
00000000F0
00000000F0
00000000F0
00000000F0
00000000F0
00000000F0
00000000F0
00000000F0
00000000F0
00000000F0
00000000F0
00000000F0
00000000F0
00000000F0
00000000F0
00000000F0
00000000F0
,
00000000F0
00000000F0
00000000F0
00000000F0
00000000F0
00000000F0
00000000F0
00000000F0
00000000F0
00000000F0
00000000F0
00000000F0
00000000F0
00000000F0
00000000F0
00000000F0
00000000F0
00000000F0
00000000F0
00000000F0
00000000F0
00000000F0
00000000F0
00000000F0
00000000F0
00000000F0
00000000F0
00000000F0
00000000F0
00000000F0
00000000F0
00000000F0
,
00000000F0
00000000F0
00000000F0
00000000F0
00000000F0
00000000F0
00000000F0
00000000F0
00000000F0
00000000F0
00000000F0
00000000F0
00000000F0
00000000F0
00000000F0
00000000F0
00000000F0
00000000F0
00000000F0
00000000F0
00000000F0
00000000F0
00000000F0
00000000F0
00000000F0
00000000F0
00000000F0
00000000F0
00000000F0
00000000F0
00000000F0
00000000F0
,
00000000F0
00000000F0
00000000F0
00000000F0
0000000000
0000000000
0000000000
0000000000
0000000000
0000000000
0000000000
0000000000
0000000000
0000000000
0000000000
0000000000
0000000000
0000000000
0000000000
0000000000
0000000000
0000000000
0000000000
0000000000
0000000000
0000000000
0000000000
0000000000
0000000000
0000000000
0000000000
0000000000