0000000000
0000000000
0000000000
0000000000
,
0000000000
0000000000
0000000000
0000000000
,
0000020000
0000000000
0000000000
0000000000
0000000000
0000000000
0000000000
0000000000
0000000000
0000000000
0000000000
0000000000
0000000000
0000000000
0000000000
0000000000
0000000000
0000000000
0000000000
0000000000
0000000000
0000000000
0000000000
0000000000
0010000000
0000000000
0000000000
0000000000
0000000000
0000000000
0000000000
0000030000
,
0000200000
0000000000
0000000000
0000000000
0000000000
0000000000
0000000000
0000000000
0000000000
0000000000
0000000000
0000000000
0000000000
0000000000
0000000000
0000000000
0000000000
0000000000
0000000000
0000000000
0000000000
0000000000
0000000000
0000000000
0000000100
0000000000
0000000000
0000000000
0000000000
0000000000
0000000000
0000300000
,
0000020000
0000000000
0000000000
0000000000
0000130000
0000010000
0000100000
0010000000
0000100000
0000010000
0000000100
0000010000
0000100000
0001000000
0100000000
0000100000
,
0100000000
0001000000
0000000000
1000000000
0010000000
0000000000
0000100000
0000010000
0001000000
0000001000
0000000100
0000000000
0000000001
0000010000
0000000000
0000000000
,
0000000010
0000001000
0000000000
0000000001
0000000100
0000000000
0000010000
0000100000
0000001000
0001000000
0010000000
0000000000
1000000000
0000100000
0000000000
0000000000
,
0100000000
0001000000
0000000000
0010000000
0000100000
0000000000
0001000000
0000001000
0000100000
0000000100
0000010000
0000000000
0000000010
0001000000
0000000000
0000000000
,
0000001000
0001000000
0010000000
0001000000
0000001000
0000000100
0000001000
0001000000
0000010000
0000100000
0010000000
0000100000
0000010000
0000000100
0000010000
0000100000
,
0002000000
0000000000
0203000000
0000000000
0310000000
0000000000
1000000000
0000100000
0010000000
0001000000
0000100000
0000000000
0000110000
0000000000
0000000000
0000000000
,
0000002000
0000000000
0000003020
0000000000
0000000130
0000000000
0000000001
0000010000
0000000100
0000001000
0000010000
0000000000
0000110000
0000000000
0000000000
0000000000
,
0000200000
0000000000
0002300000
0000000000
0103000000
0000000000
0001000000
0100000000
0010000000
1000000000
0000100000
0000000000
1000100000
0000000000
0010000000
0000000000
,
0000010000
0000100000
0010000000
0000100000
0000010000
0000000100
0000010000
0000100000
0000001000
0001000000
0010000000
0001000000
0000001000
0000000100
0000001000
0001000000
,
0000000010
0000000100
0000001000
0000000000
0001001000
0000000000
0001000000
0010000000
0000000000
0010000000
1000000000
0000000000
0000100000
0010000000
0001000000
0000000000
,
0100000000
0010000000
1000000000
0000000000
0001000000
0000000000
0100000000
0010000000
2000000000
0000000000
0000200000
0000000000
0000000000
3000000000
0000000000
0000300000
,
0100000000
0010000000
0001000000
0000000000
0001001000
0000000000
0000001000
0000000100
0000000000
0000000100
0000000001
0000000000
0000010000
0000000100
0000001000
0000000000
,
0000020000
0000230000
0001300000
0000000000
0000200000
0000320000
0000031000
0000000000
,
0000100000
0000000000
0010000000
0000000000
0010100000
0000000000
0010000000
0000000000
0001000000
0000100000
0000010000
0000000000
0000011000
0000000000
0000000000
0000000000
,
0000001000
0000000000
0000000100
0000000000
0000010000
0000000000
0000010100
0000000000
0000000100
0000010000
0000001000
0001000000
0000100000
0000000000
0010100000
0000000000
,
2000000000
3100000000
0020000000
0031000000
0000200000
0000310000
0000002000
0000003100
,
0000000020
0000000000
0000000031
0000000000
0000000020
0000000000
0000000130
0000000000
0000010000
0000001000
0000100000
0000010000
0001000000
0000100000
0010000000
0001000000
,
1000000000
0010000000
0100000000
0001000000
0010000000
0000100000
0000001000
0000000100
0000010000
0000000001
0000000100
0000000010
0000001000
0000010000
0010000000
0001000000
,
0100000000
0010000000
1000000000
0001000000
0000010000
0000000100
0000001000
0000000010
0000000100
0000000001
0000000100
0000000010
0000001000
0000010000
0000100000
0001000000
,
0100000000
0010000000
0100000000
0001000000
1000000000
0010000000
1000000000
0000100000
0010000000
0001000000
0000010000
0000001000
0001000000
0000100000
0000001000
0000000100
,
0000010000
0000001000
0001000000
0000100000
0010000000
0001000000
0100000000
0010000000
1000000000
0010000000
0000100000
0001000000
0100000000
0000100000
0010000000
0001000000
,
2000000000
0000000000
0000000000
3000000000
0200000000
0000000000
0000000000
0300000000
0020000000
0000000000
0000000000
0030000000
0001000000
0000000000
0100000000
0000000000
0000200000
0000000000
0000000000
0000300000
0002000000
0000000000
0000000000
0003000000
0020000000
0000000000
0000000000
0030000000
0100000000
0000000000
0001000000
0000000000
,
0020000000
0000000000
0000000000
0030000000
0002000000
0000000000
0000000000
0003000000
0000020000
0000000000
0000000000
0000030000
0000001000
0000000000
0001000000
0000000000
0000000200
0000000000
0000000000
0000000300
0000002000
0000000000
0000000000
0000003000
0000200000
0000000000
0000000000
0000300000
0001000000
0000000000
0000001000
0000000000
,
0000020000
0000000000
0000000000
0000030000
0000002000
0000000000
0000000000
0000003000
0000000200
0000000000
0000000000
0000000300
0000000000
0000000000
0000000000
0000000000
0000000010
0000000000
0000000000
0000000000
0000001000
0000000000
0000000000
0000000000
0000000001
0000000000
0000000000
0000000000
0000010000
0000000000
0000000000
0000000000
,
0000001000
0001000000
0010000000
0001000000
0000001000
0000000100
0000001000
0001000000
0000010000
0000100000
0010000000
0000100000
0000010000
0000000100
0000010000
0000001000
,
0000000010
0000000000
0000000000
0000000001
0000000000
0000000000
0000000100
0000000000
0000000000
0000000000
0000011100
0000000000
0000000000
0000000000
0011100000
0000000000
,
0000010000
0000000000
0000000000
0000000100
0000000000
0000000000
0000001000
0000000000
0000000000
0000000000
0011100000
0000000000
0000000000
0000000000
0010000000
0000000000
,
0100000000
0000000000
0000000000
1000000000
0000000000
0000000000
0010000000
0000000000
0000000000
0000000000
0011100000
0000000000
0000000000
0000000000
0000011100
0000000000
,
0000100000
0000000000
0000000000
0010000000
0000000000
0000000000
0001000000
0000000000
0000000000
0000000000
0000011100
0000000000
0000000000
0000000000
0000000100
0000000000
,
0000010000
0000000100
0000000000
0000010000
0000000100
0000000000
0000001000
0000000000
0000000100
0000000000
0000000100
0000000000
0000010000
0000000000
0000010000
0000000000
,
0001000000
0010000000
0000000000
0001000000
0010000000
0000000000
0000100000
0000000000
0010000000
0000000000
0010000000
0000000000
0001000000
0000000000
0001000000
0000000000
,
0100000000
0000000000
0000000000
0100000000
0000000100
0010000000
0000000010
0000100000
,
0000001000
0001000000
0010000000
0001000000
0000001000
0000000100
0000001000
0001000000
0000010000
0000100000
0010000000
0000100000
0000010000
0000000100
0000010000
0000000000
,
0000001000
0000000100
0000001000
0000000010
0000010000
0000000100
0000010000
0000001000
0001000000
0000000100
0000010000
0000001000
0001000000
0000100000
0010000000
0000000000
,
0001000000
0010000000
0001000000
0100000000
0000100000
0010000000
0000100000
0001000000
0000001000
0010000000
0000100000
0001000000
0000001000
0000010000
0000000100
0000000000
,
0000010000
0000000100
0000010000
0000000010
0000000100
0000000010
0000001000
0000000100
0000000001
0000000010
0000001000
0000000100
0000010000
0000001000
0001000000
0000000000
,
0000100000
0010000000
0000100000
0100000000
0010000000
0100000000
0001000000
0010000000
1000000000
0100000000
0001000000
0010000000
0000010000
0001000000
0000010000
0000000000
,
0000110000
0000000000
0000010000
0000000100
0000010000
0000001000
0000000100
0000010000
0000000001
0000000010
0000000100
0000001000
0000000100
0000001000
0000010000
0000000000
,
0000110000
0000000000
0000100000
0010000000
0000100000
0001000000
0010000000
0000100000
1000000000
0100000000
0010000000
0001000000
0010000000
0001000000
0000100000
0000000000
,
0000010000
0000100000
0000001000
0001000000
0000100000
0010000000
0001000000
0010000000
0001000000
0000100000
0000010000
0000001000
0000000100
0000001000
0000000100
0000000000
,
0001000000
0000001000
0000000100
0000001000
0001000000
0010000000
0001000000
0000001000
0000100000
0010000000
0000100000
0000010000
0000000100
0000010000
0000100000
0000000000
,
0000010000
0000100000
0001000000
0010000000
0000100000
0010000000
0000001000
0001000000
0000010000
0000001000
0000000100
0000010000
0000000001
0000000100
0000000010
0000000000
,
0000001000
0000010000
0001000000
0000000000
0000001000
0001000000
0000100000
0010000000
0001000000
0010000000
0000010000
0000100000
0000001000
0000010000
0000000100
0000001000
,
0000000010
0000000100
0000000001
0000000000
0001000000
0000001000
0000010000
0000000100
0000001000
0000000100
0000100000
0000010000
0001000000
0000100000
0010000000
0001000000
,
0100000000
0010000000
1000000000
0000000000
0001000000
0010000000
0001000000
0100000000
0001000000
0010000000
0000100000
0001000000
0000001000
0000000100
0000000010
0000000000
,
0000001000
0000000100
0000010000
0000000100
0000100000
0000001000
0001000000
0000010000
0010000000
0000100000
0100000000
0001000000
0010000000
0000100000
1000000000
0000000000
,
0001000000
0010000000
0000100000
0010000000
0000010000
0001000000
0000001000
0000100000
0000000100
0000010000
0000000001
0000001000
0000000010
0000000100
0000000001
0000000000
,
0000010000
0000001000
0001000000
0000100000
0000001000
0000010000
0000100000
0001000000
0000010000
0000001000
0001000000
0000100000
0000001000
0000010000
0000100000
0000000000
,
0000001000
0001000000
0010000000
0001000000
0000001000
0000000100
0000001000
0001000000
0000010000
0000100000
0010000000
0000100000
0000010000
0000000100
0000010000
0000000000
,
0000111000
0000000000
0000000000
0001110000
0000000000
0000000000
0011100000
0000000000
0000000000
0000000000
0111000000
0000000000
0100000000
0010000000
0001000000
0000000000
,
0001110000
0000000000
0000000000
0000111000
0000000000
0000000000
0000011100
0000000000
0000000000
0000000000
0000001110
0000000000
0000000010
0000000100
0000001000
0000000000
,
0000011100
0000000000
0000000000
0000001110
0000000000
0000000000
0000010110
0000000000
0000000000
0000000000
0000001110
0000000000
0000000010
0000001000
0000000001
0000000000
,
0000001101
0000000000
0000000000
0000011100
0000000000
0000000000
0000111000
0000000000
0000000000
0000000000
0011100000
0000000000
0100000000
0001000000
1000000000
0000000000
,
1110000000
0000000000
0000000000
0111000000
0000000000
0000000000
0011100000
0000000000
0000000000
0000000000
0001110000
0000000000
0001000000
0000001000
0000010000
0000000000
,
0000000111
0000000000
0000000000
0000001110
0000000000
0000000000
0000011100
0000000000
0000000000
0000000000
0000111000
0000000000
0000001000
0001000000
0000100000
0000000000
,
0011100000
0000000000
0000000000
0001111000
0000000000
0000000000
0000011100
0000000000
0000000000
0000000000
0000001110
0000000000
0000000100
0000000010
0000000001
0000000000
,
0000000100
0000000000
0000000000
0000010000
0000000000
0000000000
0100000000
0000000000
0000000000
0000000000
0000000000
0000000000
0000000000
0000000000
0000000000
0000000000