// measure 0
00000
00000
00000
00000
,  // measure 1
00000
00000
00000
00000
,  // measure 2
00020
00000
00000
00000
,  // measure 3
02030
00000
00000
03110
,  // measure 4
10000
00100
10000
00100
10000
00100
10000
00100
10000
00100
10000
00100
10000
00100
10000
00100
,  // measure 5
01000
00000
00000
00000
00010
00000
00000
00000
00100
00001
10000
00000
01010
00000
00000
00000
,  // measure 6
00010
00000
00000
00000
01000
00000
00000
00000
00100
10000
00001
00000
01110
00000
00000
00000
,  // measure 7
00001
00000
00000
00000
10000
00000
00000
00000
00100
01000
00010
00000
10110
00000
00000
00000
,  // measure 8
00010
00001
00010
00001
00010
00100
00010
00100
00010
01000
00010
01000
00010
10000
00010
10000
,  // measure 9
00001
00100
00001
10000
00001
00100
00001
10000
00001
00100
00001
10000
00001
00100
00001
10000
,  // measure 10
00010
00100
00010
01000
00010
00100
00010
01000
00010
00100
00010
01000
00010
00100
00010
01000
,  // measure 11
00001
10000
00001
10000
00001
10000
00001
10000
00001
10000
00001
10000
00001
10000
00001
10000
,  // measure 12
00010
00100
01000
10000
01000
00100
00010
00001
00010
00100
01000
10000
01000
00100
00010
00001
,  // measure 13
00010
00000
00100
00000
00010
00000
01000
00100
01000
00000
00100
00000
10000
00000
00001
00000
,  // measure 14
00100
00000
00010
00000
01000
00000
00001
00100
00020
00000
01030
00000
00100
00000
10000
00000
,  // measure 15
00010
00000
00100
00000
00010
00000
10000
00000
01000
00000
00100
00000
00010
00000
00001
00100
,  // measure 16
20000
00000
30010
00000
00100
00000
00010
01000
00001
00000
10000
00000
00010
00000
00100
00000
,  // measure 17
00001
00000
00010
00000
00100
00000
01000
00010
00100
00000
00010
00000
10000
00000
01000
00000
,  // measure 18
00100
00000
00010
00000
10000
00000
00100
01000
00100
00000
10000
00000
00001
00000
00100
00000
,  // measure 19
00110
10100
00110
01100
,  // measure 20
00101
10100
00110
01100
,  // measure 21
20202
00003
00300
30000
,  // measure 22
10000
00001
10000
00001
10000
00001
10000
00001
10000
00001
10000
00001
10000
00001
10000
00010
,  // measure 23
01000
00010
01000
00010
01000
00010
01000
00010
01000
00010
01000
00010
01000
00010
01000
00010
,  // measure 24
01000
00010
01000
00010
10000
01000
00100
00010
00001
00010
00100
00010
00001
00010
00100
01000
,  // measure 25
10020
00130
02001
03100
20010
30100
01002
00103
,  // measure 26
10020
00130
02001
03100
20010
30100
01002
00103
,  // measure 27
20020
00000
30030
00000
00010
10000
00010
10000
00010
00000
01000
00000
00100
00000
10000
00000
,  // measure 28
00001
00100
00001
00100
00001
00100
00001
00100
00001
00100
00001
00100
00001
00010
00100
01000
,  // measure 29
00010
00000
00010
10010
00000
00000
00110
00000
00000
00000
01101
00000
00000
00000
00010
00000
,  // measure 30
01000
00000
01000
01001
00000
00000
01100
00000
00000
00000
10110
00000
00000
00000
00001
00000
,  // measure 31
10000
00000
10000
10010
00000
00000
01001
00000
00000
00000
10110
00000
00000
00000
10000
00000
,  // measure 32
00001
00000
00001
01001
00000
00000
10010
00000
00000
00000
01101
00000
00000
00000
01000
00000
,  // measure 33
00100
00000
00000
10000
00000
00000
01000
00000
00100
00000
00010
00000
00100
00000
00001
00000
,  // measure 34
10000
00000
00000
00100
00000
00000
01000
00000
00100
00000
01000
00000
00010
00000
00100
00000
,  // measure 35
00001
00000
00000
10000
00000
00000
01000
00000
00000
00000
00100
00000
00000
00000
00110
00000
,  // measure 36
00001
00010
00100
01000
00100
00010
00001
00010
00100
01000
10000
01000
00100
10000
00100
00001
,  // measure 37
00010
00000
00000
00100
00010
00000
01000
00000
00100
00000
00000
10000
00100
00000
01000
00000
,  // measure 38
00010
00000
00000
00100
00001
00000
01000
00000
00100
00000
00000
10000
00001
00000
10000
00000
,  // measure 39
00010
00000
00000
01000
00001
00000
10000
00000
00100
00000
00000
01000
00010
00000
00100
00000
,  // measure 40
00001
00000
00000
10000
01000
00000
00100
00000
00010
00000
00000
01000
00100
00000
00010
00000
,  // measure 41
00001
00100
00001
00100
00001
00000
10001
00000
10000
00100
10000
00100
10000
00000
10001
00000
,  // measure 42
00010
00100
00010
00100
00010
00000
01010
00000
01000
00100
01000
00100
01000
00000
01010
00000
,  // measure 43
10000
01000
00100
00010
01000
00000
01001
00000
00001
00010
00100
01000
00010
00000
10010
00000
,  // measure 44
10000
01000
00100
00010
00100
01000
10000
01000
00100
00010
00001
00010
00100
00001
00100
10000
,  // measure 45
01000
00000
00000
00100
01000
00000
00010
00000
00100
00000
00000
00001
00100
00000
00010
00000
,  // measure 46
01000
00000
00000
00100
10000
00000
00010
00000
00100
00000
00000
00001
10000
00000
00001
00000
,  // measure 47
01000
00000
00000
00010
10000
00000
00001
00000
00100
00000
00000
00010
01000
00000
00100
00000
,  // measure 48
10000
00000
00000
00001
00010
00000
00100
00000
01000
00000
00000
00010
00100
00000
01000
00000
,  // measure 49
10000
00100
10000
00100
10000
00000
10001
00000
00001
00100
00001
00100
00001
00000
10001
00000
,  // measure 50
01000
00100
01000
00100
01000
00000
01010
00000
00010
00100
00010
00100
00010
00000
01010
00000
,  // measure 51
00001
00010
00100
01000
00010
00000
10010
00000
10000
01000
00100
00010
01000
00000
01001
00000
,  // measure 52
00100
10000
00100
10000
00001
00010
00100
01000
00100
01000
00100
01000
00010
00100
01000
10000
,  // measure 53
00010
00000
00000
00100
00000
00000
01010
00000
00000
00000
10101
00000
00000
00000
10000
00000
,  // measure 54
00100
00000
00000
00100
00000
00000
10001
00000
00000
00000
01110
00000
00000
00000
10000
00000
,  // measure 55
00100
00000
00000
01000
00000
00000
00100
00000
00000
00000
01100
00000
00000
00000
00001
00000
,  // measure 56
00100
00000
00000
00010
00000
00000
00100
00000
00000
00000
00110
00000
00000
00000
01000
00000
,  // measure 57
00100
10000
00001
00100
00010
01000
00100
10000
00001
00100
00010
01000
00100
10000
00001
00100
,  // measure 58
00010
01000
00100
10000
00001
00100
00010
01000
00100
10000
00001
00100
00010
01000
00100
10000
,  // measure 59
00001
00100
00001
00100
00001
00100
00001
00100
00001
00100
00001
00100
00001
00100
00010
00000
,  // measure 60
02000
00000
00000
03002
00000
00000
01103
00000
00000
00000
00000
00000
00000
00000
00000
00000