00000
00000
00000
00000
,
00000
00000
00000
00000
,
00100
00000
00000
00000
,
00000
00000
00000
00000
,
10000
00000
00000
00000
,
00001
00000
00000
00000
,
10000
00000
00001
00000
,
10000
00001
10000
00000
,
00010
00000
00000
00000
,
01000
00000
00000
00000
,
00010
00000
01000
00000
,
00010
01000
00020
00000
,
00030
00000
10000
00000
,
00001
00000
01000
00000
,
00010
00000
10000
00000
,
00001
00000
01000
00000
,
00010
00000
00100
00000
,
00001
00000
10000
00000
,
00100
00000
01000
00000
,
00010
00000
00100
00000
,
00001
00000
20000
30000
,
00000
00000
00002
00003
,
00000
00000
02000
03000
,
00000
00000
00020
00030
,
20000
00000
00000
30000
,
00000
00000
00002
00000
,
00000
00003
10000
00000
,
00001
00000
10000
00000
,
10001
00000
00010
00010
,
00000
00000
01000
01000
,
00000
00000
00010
00010
,
00000
00000
01000
01000
,
00000
00000
00001
00001
,
00000
00000
10000
10000
,
00000
00000
00001
00001
,
00000
00000
10000
10000
,
10000
00000
00002
00003
,
02000
03000
00020
00030
,
20000
30000
00002
00003
,
02000
03000
00010
10000
,
00100
00000
10000
00001
,
00000
00000
00001
01000
,
00000
00000
01000
00010
,
00000
00000
00010
10000
,
00000
00000
10000
00001
,
00000
00000
00001
01000
,
00000
00000
01000
00010
,
00000
00000
00010
00010
,
00010
00000
20000
30000
,
00020
00030
02000
03000
,
00002
00003
20000
30000
,
00020
00030
01000
00001
,
00100
00000
00001
00000
,
10000
00000
00001
10000
,
00200
00300
01000
00000
,
00010
00000
01000
00010
,
00200
00300
00001
00000
,
10000
00000
00001
10000
,
00100
00100
00000
00100
,
00000
00100
00000
00100
,
00000
00100
01000
00000
,
00010
00000
01000
00010
,
00100
00100
00000
00100
,
00000
00100
00000
00100
,
00002
00003
20000
30000
,
00020
00030
02000
03000
,
00200
00000
00000
00300
00000
00000
00000
00000