00000
00000
00000
00000
,
00000
00000
00000
00100
,
02020
00000
00000
00000
,
00000
00000
00000
03030
,
01000
00100
01000
00100
10000
00000
00101
00000
,
00001
00100
00001
00100
00010
00000
01100
00000
,
01000
00000
00100
10000
00001
00100
00010
01000
,
00100
01100
01010
10000
,
00010
00100
00010
00100
00001
00000
10100
00000
,
10000
00100
10000
00100
01000
00000
00110
00000
,
00010
00000
00100
00001
10000
00100
01000
00010
,
00100
00101
20002
00000
,
00000
30003
20100
30001
,
00102
00000
00000
00000
10003
00000
00000
00000
20100
00000
00000
30000
00001
00000
10000
00000
,
00001
00000
00100
00010
00120
00000
01030
00000
,
02100
00000
00000
00000
03010
00000
00000
00000
00120
00000
00000
00030
01000
00000
00010
00000
,
01000
00000
00100
10000
20100
00000
30010
00000
,
00120
00000
00000
00000
10030
00000
00000
00000
20100
00000
00000
30000
00010
00000
10000
00000
,
00010
00000
00100
00001
00102
00000
01003
00000
,
02100
00000
00000
00000
03001
00000
00000
00000
00102
00000
00000
00003
01000
00000
00001
00000
,
01000
00000
01010
00000
00010
00100
00001
00100
,
00010
00010
00100
00001
01000
00100
10000
00100
,
01000
01000
00100
10000
00001
00100
00010
10000
,
00001
00100
00010
10000
00001
00100
00010
01000
,
00100
00100
10000
00001
00100
00010
01000
00100
,
10000
00001
00100
00010
01000
01000
00010
00100
,
00001
10000
00100
01000
02100
00000
03001
00000
,
00102
00000
00000
00000
10003
00000
00000
00000
20100
00000
00000
30000
00010
00000
10000
00000
,
00010
00000
00000
00000
00100
00000
00000
00000
20002
00000
00000
30003
00000
00000
00001
00000
,
10000
00000
10000
00010
00100
00000
00110
00000
,
01001
00000
00000
00000
00001
00000
00100
00000
00020
00000
00000
00030
00000
00000
00010
00000
,
01000
00000
01000
00100
10000
00000
10100
00000
,
10010
00000
00000
00000
00000
00000
00000
00000
02020
00000
00000
03030
00000
00000
01000
00000
,
00010
00000
00000
00000
00010
00000
10000
00000
00200
00000
00000
00300
00000
00000
00100
00000
,
01000
00000
01000
00010
00100
00000
00100
00001
,
10000
00100
01000
00010
00100
00010
01000
00100
,
20000
00000
30000
00000
00010
00100
00010
00100
,
01000
00100
01000
00100
10000
00100
10000
00100
,
00001
00100
00001
00100
00010
00100
00010
00100
,
01000
00100
01000
00100
10000
00100
10000
00100
,
00002
00000
00003
00000
00001
00100
00000
00100
,
00010
00000
00010
01000
00100
00000
00100
00000
,
00100
10000
00010
00100
00001
01000
00000
01000
,
00010
00100
00001
10000
00100
00000
00100
00000
,
00100
01000
00001
00100
00010
10000
00000
10000
,
00100
00000
00100
01000
00010
00100
00010
01000
,
00001
00000
00001
10000
00100
00000
00100
01000
,
00010
00100
00001
10000
00100
10000
00001
00100
,
00020
00000
00030
00000
01000
00100
01000
00100
,
00010
00100
00010
00100
00001
00100
00001
00100
,
10000
00100
10000
00100
01000
00100
01000
00100
,
00010
00100
00010
00100
00001
00100
00001
00100
,
20000
00000
30000
00000
00020
00030
00100
00010
,
20000
30000
00100
10000
00010
00100
00010
10000
,
00100
00000
01001
00000
02000
03000
00100
01000
,
00002
00003
00100
00001
01000
00100
01000
00001
,
00100
10010
01001
00011
,
01001
00000
01000
01000
00010
00100
00001
10000
,
00100
00000
01010
00000
00000
00100
00000
10000
,
00010
00000
01000
00001
00100
00010
10000
00001
,
00100
00000
01010
00000
00010
10000
00100
01000
,
00001
00001
00100
00010
10000
10000
00100
01000
,
00100
00000
10001
00000
00000
00100
00000
00010
,
10000
00000
00001
01000
00100
00100
01000
00010
,
00100
00000
10001
00000
00010
00100
01000
00100
,
10000
00100
00001
00100
00010
00000
01010
00000
,
20002
30003
00000
00000