00000
00000
00000
00000
,
00000
00000
00000
00000
00000
00000
00200
00300
,
20002
00000
00000
00000
,
00000
30003
00000
00000
02000
00000
00000
00000
00020
00000
00000
00000
00000
03030
00000
00000
,
20000
30000
00200
00300
20000
30000
02000
03000
00200
00000
00000
00300
00002
00000
00000
00003
,
00020
00030
00200
00300
00020
00030
00002
00003
00200
00000
00000
00300
02000
00000
00000
03000
,
20000
00000
00000
30000
00002
00003
00020
00030
20000
30000
02000
03000
00200
00300
00020
00030
,
00022
00033
02002
03003
02020
03030
02200
03300
,
00002
00003
00200
00300
00002
00003
00020
00030
00200
00000
00000
00300
20000
00000
00000
30000
,
02000
03000
00200
00300
02000
03000
20000
30000
00200
00000
00000
00300
00020
00000
00000
00030
,
00002
00000
00000
00003
20000
30000
02000
03000
00002
00003
00020
00030
00200
00300
02000
03000
,
22000
33000
20020
30030
02020
00000
00000
00000
,
00000
00000
00000
03030
00220
00000
00000
00330
,
20020
00000
00000
30030
20200
00000
00000
30300
,
20002
00000
00000
30003
00202
00000
00000
00303
,
02002
00000
00000
03003
02200
00000
00000
03300
,
02020
00000
00000
03030
00220
00000
00000
00330
,
20020
00000
00000
30030
20200
00000
00000
30300
,
20002
00000
00000
30003
02002
00000
00000
03003
,
02020
00000
00000
03030
20020
00000
00000
30030
,
20002
30003
00200
00300
02020
00000
00000
03000
,
00002
00000
00000
00030
02000
00000
00000
00003
,
20000
00000
00000
03000
00002
00000
00000
30000
,
00020
00000
00000
00003
20000
00000
00000
00030
,
02000
00000
00000
30000
00020
00000
00000
03000
,
00002
00000
00000
00030
02000
00000
00000
00003
,
20000
00000
00000
33000
20020
00000
00000
30030
,
02020
00000
00000
03030
02002
00000
00000
03003
,
20002
00000
00000
00000
00000
00000
00000
00000
00000
00000
00000
00000
30003
00000
00000
00000
02220
00000
00000
00000
00000
00000
03000
00300
00030
00000
00000
00000
00000
00000
00000
00000
,
00000
00000
00000
00000
00000
00000
00000
00000
00000
00000
00000
00000
00000
00000
00000
00000
20220
00000
00000
00000
00000
00000
00030
00300
30000
00000
00000
00000
00000
00000
00000
00000
,
00000
00000
00000
00000
00000
00000
00000
00000
00000
00000
00000
00000
00000
00000
00000
00000
20202
00000
00000
00000
00000
00000
30000
00300
00003
00000
00000
00000
00000
00000
00000
00000
,
00000
00000
00000
00000
00000
00000
00000
00000
00000
00000
00000
00000
00000
00000
00000
00000
02202
00000
00000
00000
00000
00000
00003
00300
03000
00000
00000
00000
00000
00000
00000
00000
,
00000
00000
00000
00000
00000
00000
00000
00000
00000
00000
00000
00000
00000
00000
00000
00000
02220
00000
00000
00000
00000
00000
03000
00300
00030
00000
00000
00000
00000
00000
00000
00000
,
00000
00000
00000
00000
00000
00000
00000
00000
00000
00000
00000
00000
00000
00000
00000
00000
20220
00000
00000
00000
00000
00000
00030
00300
30000
00000
00000
00000
00000
00000
00000
00000
,
00000
00000
00000
00000
00000
00000
00000
00000
00000
00000
00000
00000
00000
00000
00000
00000
20202
00000
00000
00000
00000
00000
30000
00300
00003
00000
00000
00000
00000
00000
00000
00000
,
00000
00000
00000
00000
00000
00000
00000
00000
00000
00000
00000
00000
00000
00000
00000
00000
02202
00000
00003
00300
03000
00000
00000
00000
02220
00000
03000
00300
00030
00000
00000
00000
,
20220
00000
00030
00300
30000
00000
00000
00000
00000
00000
00000
00000
00000
00000
00000
00000
02220
00000
00000
00000
00000
00000
00000
00000
00000
00000
00330
00000
00000
00000
00000
00000
,
00202
00000
00000
00000
00000
00303
00000
00000
20200
00000
00000
00000
00000
30300
00000
00000
,
00202
00000
00000
00000
00000
03300
00000
00000
20200
00000
00000
00000
00000
00303
00000
00000
,
00220
00000
00000
00000
00000
30300
00000
00000
00202
00000
00000
00000
00000
00303
00000
00000
,
20200
00000
00000
00000
00000
00000
00000
00000
00000
00000
30330
00000
00000
00000
00000
00000
20202
00000
00000
00000
00000
00000
00003
00300
30000
00000
00000
00000
00000
00000
00000
00000
,
00000
00000
00000
00000
00000
00000
00000
00000
00000
00000
00000
00000
00000
00000
00000
00000
20220
00000
00000
00000
00000
00000
30000
00300
00030
00000
00000
00000
00000
00000
00000
00000
,
00000
00000
00000
00000
00000
00000
00000
00000
00000
00000
00000
00000
00000
00000
00000
00000
02220
00000
00000
00000
00000
00000
00030
00300
03000
00000
00000
00000
00000
00000
00000
00000
,
00000
00000
00000
00000
00000
00000
00000
00000
00000
00000
00000
00000
00000
00000
00000
00000
02202
00000
00000
00000
00000
00000
03000
00300
00003
00000
00000
00000
00000
00000
00000
00000
,
00000
00000
00000
00000
00000
00000
00000
00000
00000
00000
00000
00000
00000
00000
00000
00000
20202
00000
00000
00000
00000
00000
00003
00300
30000
00000
00000
00000
00000
00000
00000
00000
,
00000
00000
00000
00000
00000
00000
00000
00000
00000
00000
00000
00000
00000
00000
00000
00000
20220
00000
00000
00000
00000
00000
30000
00300
00030
00000
00000
00000
00000
00000
00000
00000
,
00000
00000
00000
00000
00000
00000
00000
00000
00000
00000
00000
00000
00000
00000
00000
00000
02220
00000
00000
00000
00000
00000
00030
00300
03000
00000
00000
00000
00000
00000
00000
00000
,
00000
00000
00000
00000
00000
00000
00000
00000
00000
00000
00000
00000
00000
00000
00000
00000
02202
00000
03000
00300
00003
00000
00000
00000
20202
00000
00003
00300
30000
00000
00000
00000
,
20220
00000
30000
00300
00030
00000
00000
00000
00000
00000
00000
00000
00000
00000
00000
00000
20202
00000
00000
00000
00000
00000
00000
00000
00000
00000
30300
00000
00000
00000
00000
00000
,
02200
00000
00000
00000
00000
03300
00000
00000
00220
00000
00000
00000
00000
00330
00000
00000
,
02200
00000
00000
00000
00000
00303
00000
00000
00220
00000
00000
00000
00000
03300
00000
00000
,
20200
00000
00000
00000
00000
00330
00000
00000
02200
00000
00000
00000
00000
03300
00000
00000
,
00220
00000
00000
00000
00000
30330
00000
00000
02220
00000
00000
00000
00000
00330
00000
00000
,
20200
00000
00000
00000
00000
30300
00000
00000
00220
00000
00000
00000
00000
03300
00000
00000
,
00202
00000
00000
00000
00000
00303
00000
00000
02200
00000
00000
00000
00000
00330
00000
00000
,
20200
00000
00000
00000
00000
30300
00000
00000
00220
00000
00000
00000
00000
03300
00000
00000
,
00202
00000
00000
00000
00000
00000
00000
00000
00000
00000
00333
00000
00000
00000
00000
00000
02220
00000
00030
00300
03000
00000
00000
00000
22200
00000
30000
03000
00300
00000
00000
00000
,
02220
00000
03000
00300
00030
00000
00000
00000
00222
00000
00003
00030
00300
00000
00000
00000
02220
00000
00000
00000
00000
00000
00000
00000
00000
00000
03330
00000
00000
00000
00000
00000
,
20220
00000
00030
00300
30000
00000
00000
00000
20202
00000
30000
00300
00003
00000
00000
00000
00000
00000
00000
00000
00002
00000
00000
00000
00000
00000
00003
00000
02000
00000
03000
00000
,
00020
00000
00000
00000
00000
00030
00000
00000
02220
00000
00000
00000
00000
03330
00000
00000
,
02202
00000
00000
00000
00000
00000
00000
00000
00000
00000
03303
00000
00000
00000
00000
00000
20202
00000
30000
00300
00003
00000
00000
00000
00222
00000
00003
00030
00300
00000
00000
00000
,
20202
00000
00003
00300
30000
00000
00000
00000
22200
00000
30000
03000
00300
00000
00000
00000
20202
00000
00000
00000
00000
00000
00000
00000
00000
00000
30303
00000
00000
00000
00000
00000
,
20220
00000
30000
00300
00030
00000
00000
00000
02220
00000
00030
00300
03000
00000
00000
00000
00000
00000
00000
00000
02000
00000
00000
00000
00000
00000
03000
00000
00002
00000
00003
00000
,
20000
00000
00000
00000
00000
30000
00000
00000
20202
00000
00000
00000
00000
30303
00000
00000
,
02202
00000
00000
00000
00000
03303
00000
00000
02220
00000
03300
00000
00202
00000
00303
00000
,
02200
00330
00202
03300
00220
00330
20200
00003
,
00020
00000
00000
00000
,
00000
00030
00000
00300
,
00000
30000
00000
00000