// measure 0
00000
00000
00000
00000
,  // measure 1
00100
00000
00100
00000
00100
00000
00200
00300
,  // measure 2
01000
00100
10000
00001
00100
00010
01000
00100
10000
00001
10000
00100
01000
00010
00100
00001
,  // measure 3
10000
00100
01000
00010
01000
00100
10000
01000
00100
00010
00100
00001
00010
00100
01000
00100
,  // measure 4
20000
30000
00002
00003
00200
00300
00010
01000
00020
00000
00000
00030
00200
00000
00000
00300
,  // measure 5
00002
00003
00020
00030
00200
00300
02000
03000
00020
00000
00000
00030
00002
00000
00000
00003
,  // measure 6
00200
00000
00000
00300
20000
30000
00002
00003
00200
00300
20000
30000
02000
03000
00200
00300
,  // measure 7
20020
00000
30030
00000
02020
00000
03030
00000
02002
00000
03003
00000
00001
00100
00010
00100
,  // measure 8
00002
00003
20000
30000
00200
00300
01000
00010
02000
00000
00000
03000
00200
00000
00000
00300
,  // measure 9
20000
30000
02000
03000
00200
00300
00020
00030
02000
00000
00000
03000
20000
00000
00000
30000
,  // measure 10
00200
00000
00000
00300
00002
00003
20000
30000
00200
00300
00002
00003
00020
00030
00200
00300
,  // measure 11
01001
00000
01100
00000
01010
00000
00110
00000
10010
00000
10100
00000
10000
00100
00010
00001
,  // measure 12
00100
00010
00001
00100
00001
00010
00100
00001
00101
00000
00000
00100
01000
00000
00001
00000
,  // measure 13
00101
00000
00000
00100
01000
00000
00001
00000
00101
00000
00000
00100
01000
00000
00001
00000
,  // measure 14
00101
00000
00000
00000
10001
00000
10001
00000
10100
00000
00000
00100
00010
00000
10000
00000
,  // measure 15
10100
00000
00000
00100
00010
00000
10000
00000
10100
00000
00000
00100
00010
00000
10000
00000
,  // measure 16
10100
00000
00000
00000
10010
00000
10010
00000
00110
00000
00000
00100
10000
00000
00010
00000
,  // measure 17
00110
00000
00000
00100
10000
00000
00010
00000
00110
00000
00000
00100
10000
00000
00010
00000
,  // measure 18
00110
00000
00000
00000
01010
00000
01010
00000
01100
00000
00000
00100
00001
00100
00010
00100
,  // measure 19
00001
00010
00100
01000
00100
10000
00100
01000
10000
00100
00001
00100
00010
00100
00001
00010
,  // measure 20
00200
00000
00000
00300
01000
00100
10000
00100
02000
00000
00100
00000
00001
00000
03100
00000
,  // measure 21
00020
00100
10000
00130
20000
00100
00010
30100
,  // measure 22
00002
00100
01000
00103
00020
00100
00001
00130
,  // measure 23
02000
00100
10000
03100
00002
00100
00010
00103
,  // measure 24
10000
00100
01000
10000
00100
10000
00010
00100
00010
00001
00100
00010
00001
00100
00001
01000
,  // measure 25
00100
01000
10000
00100
01000
10000
00100
10000
01000
00100
10000
01000
00100
01000
00001
00100
,  // measure 26
00001
00010
00100
00001
00010
00100
00010
00001
00100
00000
00000
00100
00010
00000
10000
00000
,  // measure 27
10100
00000
00000
00100
00010
00000
10000
00000
10010
00000
10010
00000
10010
00000
10010
00000
,  // measure 28
10010
00000
10000
00010
00100
00001
01000
00100
20200
00000
30300
00000
10100
00000
10000
00000
,  // measure 29
00001
00100
00001
00000
01000
00000
00100
00000
01100
00000
00000
00000
10010
00000
00000
00000
,  // measure 30
00101
00000
00100
00010
00220
00330
00110
00010
,  // measure 31
01000
00100
01000
00000
00100
00000
10000
00000
10100
00000
00000
00000
01001
00000
00000
00000
,  // measure 32
01000
00100
00010
00001
00100
00010
00100
00001
00202
00000
00303
00000
00101
00000
00100
00000
,  // measure 33
00010
00100
00010
00000
10000
00000
00100
00000
02200
00000
03300
00000
01100
00000
00100
00000
,  // measure 34
10000
00100
10000
00000
00001
00000
00100
00000
20002
00000
30003
00000
10001
00000
10000
00001
,  // measure 35
00100
00010
00100
00010
01000
00100
01000
00100
10000
01000
00100
00010
00001
00010
00100
02000
,  // measure 36
20000
00000
33000
00000
11000
00000
00000
00000
10000
01000
00100
00010
10000
01000
00100
00010
,  // measure 37
00001
00010
00100
01000
00001
00010
00100
01000
10000
01000
00100
00010
10000
01000
00100
00010
,  // measure 38
00001
00010
00100
01000
00001
00010
00100
01000
10000
01000
00100
01000
10000
01000
00100
00010
,  // measure 39
00001
00010
00100
00010
00001
00010
00100
01000
10000
01000
00100
00010
00001
00010
00100
02000
,  // measure 40
20000
33000
11000
00000
10000
00100
00000
00100
,  // measure 41
01000
00100
01000
00100
00010
00001
00100
00010
00001
00000
00100
10000
00001
00000
00000
00000
,  // measure 42
00001
01000
00100
10000
00010
00100
00000
00001
,  // measure 43
10000
00100
10000
00100
00001
00010
00100
00001
00010
00000
00000
00000
00011
00000
00000
00000
,  // measure 44
00010
00001
00010
00001
00100
00001
01000
00100
01000
00000
00100
00000
00000
00000
00100
00000
,  // measure 45
10000
00000
00000
00000
10000
00000
00001
00000
00100
00000
00100
00000
00010
01000
00100
10000
,  // measure 46
00010
01000
00100
10000
00010
00000
00100
00001
10000
00000
10000
00000
00001
10000
00001
10000
,  // measure 47
00100
01000
00100
01000
00010
00100
00010
00100
00001
00010
00100
01000
10000
01000
00100
00020
,  // measure 48
00002
00000
00033
00000
00011
00000
00000
00000
00001
00010
00100
01000
00001
00010
00100
01000
,  // measure 49
10000
01000
00100
00010
10000
01000
00100
00010
00001
00010
00100
01000
00001
00010
00100
01000
,  // measure 50
10000
01000
00100
00010
10000
01000
00100
00010
00001
00010
00100
00010
00001
00010
00100
01000
,  // measure 51
10000
01000
00100
01000
10000
01000
00100
00010
00001
00010
00100
01000
10000
01000
00100
00020
,  // measure 52
00002
00000
00033
00000
00011
00000
00000
00000
02000
00000
00000
03000
00002
00003
00200
00300
,  // measure 53
00020
00000
00000
00030
20000
30000
00200
00300
10000
00000
10000
00000
00100
01000
10000
01000
,  // measure 54
00100
10000
01000
00100
00010
00000
00000
00000
00020
00000
00000
00030
20000
30000
00200
00300
,  // measure 55
02000
00000
00000
03000
00002
00003
00200
00300
00001
00000
00001
00000
00100
00010
00001
00010
,  // measure 56
00100
00001
00010
00100
01000
00000
00000
00000
02002
00000
03003
00000
02020
00000
03030
00000
,  // measure 57
20020
30030
10000
10000
00100
00100
01000
01000
,  // measure 58
10000
01000
00100
00010
00001
00000
00000
00000
00000
00000
01000
00000
00000
00000
01100
00000
,  // measure 59
00010
00000
00000
00000
10000
00000
00001
00000
00100
00000
00100
00000
00010
00100
00010
00000
,  // measure 60
00001
00010
00100
01000
10000
00000
00000
00000
00020
00030
00001
00010
00100
00001
00020
00030
,  // measure 61
00200
00300
02000
03000
20000
30000
00200
00300
10000
01000
00100
10000
02000
03000
20000
30000
,  // measure 62
00100
01000
10000
01000
00200
00000
00300
00000
00000
00000
01000
00000
00000
00000
01100
00000
,  // measure 63
00010
00000
00000
00000
10000
00000
00001
00000
00100
00000
00100
00000
00001
00100
00001
00000
,  // measure 64
00100
00010
00001
00010
00100
00001
00010
10000
01000
00100
00010
10000
01000
00100
10000
01000
,  // measure 65
10000
00100
01000
10000
00010
00100
01000
10000
01000
00100
10000
01000
00100
00010
01000
00100
,  // measure 66
20020
00000
00000
00000
,  // measure 67
00000
00000
00000
00000
,  // measure 68
00000
30030
00000
00000