00000
00000
00000
00000
,
00100
00000
00000
00000
00100
00000
00000
00000
00100
00000
00000
00000
00200
00300
01000
00100
,
10000
00001
00100
00010
01000
00100
10000
00001
10000
00100
01000
00010
00100
00001
10000
00100
,
01000
00010
01000
00100
10000
01000
00100
00010
00100
00001
00010
00100
01000
00100
20000
30000
,
00002
00003
00200
00300
00010
01000
00020
00000
00000
00030
00200
00000
00000
00300
00002
00003
,
00020
00030
00200
00300
02000
03000
00020
00000
00000
00030
00002
00000
00000
00003
00200
00000
,
00000
00300
20000
30000
00002
00003
00200
00300
20000
30000
02000
03000
00200
00300
20020
00000
,
30030
00000
02020
00000
03030
00000
02002
00000
03003
00000
00001
00100
00010
00100
00002
00003
,
20000
30000
00200
00300
01000
00010
02000
00000
00000
03000
00200
00000
00000
00300
20000
30000
,
02000
03000
00200
00300
00020
00030
02000
00000
00000
03000
20000
00000
00000
30000
00200
00000
,
00000
00300
00002
00003
20000
30000
00200
00300
00002
00003
00020
00030
00200
00300
01001
00000
,
01100
00000
01010
00000
00110
00000
10010
00000
10100
00000
10000
00100
00010
00001
00100
00010
,
00001
00100
00001
00010
00100
00001
00101
00100
01000
00000
00001
00000
00101
00100
01000
00000
,
00001
00000
00101
00100
01000
00000
00001
00000
00101
00000
00000
00000
10001
00000
10001
00000
,
10100
00100
00010
00000
10000
00000
10100
00100
00010
00000
10000
00000
10100
00100
00010
00000
,
10000
00000
10100
00000
00000
00000
10010
00000
10010
00000
00110
00100
10000
00000
00010
00000
,
00110
00100
10000
00000
00010
00000
00110
00100
10000
00000
00010
00000
00110
00000
00000
00000
,
01010
00000
01010
00000
01100
00100
00001
00100
00010
00100
00001
00010
00100
01000
00100
10000
,
00100
01000
10000
00100
00001
00100
00010
00100
00001
00010
00200
00000
00000
00300
01000
00100
,
10000
00100
02000
00000
00100
00000
00001
00000
03100
00000
00020
00000
00100
00000
10000
00000
,
00130
20000
00100
00010
30100
00002
00100
01000
,
00103
00020
00100
00001
00130
02000
00100
10000
,
03100
00000
00002
00000
00100
00000
00010
00000
00103
00000
10000
00100
01000
10000
00100
10000
,
00010
00100
00010
00001
00100
00010
00001
00100
00001
01000
00100
01000
10000
00100
01000
10000
,
00100
10000
01000
00100
10000
01000
00100
01000
00001
00100
00001
00010
00100
00001
00010
00100
,
00010
00001
00100
00100
00010
00000
10000
00000
10100
00100
00010
00000
10000
00000
10010
00000
,
10010
00000
10010
00000
10010
00000
10010
00000
10000
00010
00100
00001
01000
00100
20200
30300
,
10100
00000
10000
00000
00001
00100
00001
00000
01000
00000
00100
00000
01100
00000
00000
00000
,
10010
00000
00000
00000
00101
00000
00000
00000
00100
00000
00010
00000
00220
00330
00110
00000
,
00010
00000
01000
00100
01000
00000
00100
00000
10000
00000
10100
00000
00000
00000
01001
00000
,
00000
00000
01000
00100
00010
00001
00100
00010
00100
00001
00202
00303
00101
00000
00100
00000
,
00010
00100
00010
00000
10000
00000
00100
00000
02200
03300
01100
00000
00100
00000
10000
00100
,
10000
00000
00001
00000
00100
00000
20002
30003
10001
00000
10000
00001
00100
00010
00100
00010
,
01000
00100
01000
00100
10000
01000
00100
00010
00001
00010
00100
02000
20000
33000
11000
00000
,
00000
00000
10000
01000
00100
00010
10000
01000
00100
00010
00001
00010
00100
01000
00001
00010
,
00100
01000
10000
01000
00100
00010
10000
01000
00100
00010
00001
00010
00100
01000
00001
00010
,
00100
01000
10000
01000
00100
01000
10000
01000
00100
00010
00001
00010
00100
00010
00001
00010
,
00100
01000
10000
01000
00100
00010
00001
00010
00100
02000
20000
33000
11000
00000
00000
00000
,
10000
00000
00100
00000
00000
00000
00100
00000
01000
00100
01000
00100
00010
00001
00100
00010
,
00001
00000
00100
10000
00001
00000
00000
00000
00001
00000
01000
00000
00100
00000
10000
00000
,
00010
00000
00100
00000
00000
00000
00001
00000
10000
00100
10000
00100
00001
00010
00100
00001
,
00010
00000
00000
00000
00011
00000
00000
00000
00010
00001
00010
00001
00100
00001
01000
00100
,
01000
00100
00000
00100
10000
00000
10000
00001
,
00100
00000
00100
00000
00010
01000
00100
10000
00010
01000
00100
10000
00010
00000
00100
00001
,
10000
00000
10000
00000
00001
10000
00001
10000
00100
01000
00100
01000
00010
00100
00010
00100
,
00001
00010
00100
01000
10000
01000
00100
00020
00002
00033
00011
00000
00000
00000
00001
00010
,
00100
01000
00001
00010
00100
01000
10000
01000
00100
00010
10000
01000
00100
00010
00001
00010
,
00100
01000
00001
00010
00100
01000
10000
01000
00100
00010
10000
01000
00100
00010
00001
00010
,
00100
00010
00001
00010
00100
01000
10000
01000
00100
01000
10000
01000
00100
00010
00001
00010
,
00100
01000
10000
01000
00100
00020
00002
00033
00011
00000
00000
00000
02000
00000
00000
03000
,
00002
00003
00200
00300
00020
00000
00000
00030
20000
30000
00200
00300
10000
00000
10000
00000
,
00100
01000
10000
01000
00100
10000
01000
00100
00010
00000
00000
00000
00020
00000
00000
00030
,
20000
30000
00200
00300
02000
00000
00000
03000
00002
00003
00200
00300
00001
00000
00001
00000
,
00100
00010
00001
00010
00100
00001
00010
00100
01000
00000
00000
00000
02002
00000
03003
00000
,
02020
03030
20020
30030
10000
10000
00100
00100
,
01000
00000
01000
00000
10000
01000
00100
00010
00001
00000
00000
00000
00000
00000
01000
00000
,
00000
01100
00010
00000
10000
00001
00100
00100
,
00010
00100
00010
00000
00001
00010
00100
01000
10000
00000
00000
00000
00020
00030
00001
00010
,
00100
00001
00020
00030
00200
00300
02000
03000
20000
30000
00200
00300
10000
01000
00100
10000
,
02000
03000
20000
30000
00100
01000
10000
01000
00200
00000
00300
00000
00000
00000
01000
00000
,
00000
01100
00010
00000
10000
00001
00100
00100
,
00001
00100
00001
00000
00100
00010
00001
00010
00100
00001
00010
10000
01000
00100
00010
10000
,
01000
00100
10000
01000
10000
00100
01000
10000
00010
00100
01000
10000
01000
00100
10000
01000
,
00100
00010
01000
00100
20020
00000
00000
00000
00000
00000
00000
00000
00000
00000
00000
00000
,
00000
00000
00000
00000
,
00000
00000
30030
00000