00000
00000
10001
00000
,
10100
00000
00100
10000
00020
00030
00200
00300
00002
00003
02000
03000
00010
00100
00010
00100
,
00001
00010
00100
01000
00010
00100
01000
10000
00100
01000
10000
00100
00001
10000
00100
00001
,
00010
00100
00001
00010
00100
01000
00010
00100
01000
00100
00001
00010
00100
10000
01000
00100
,
00020
00030
02000
03000
20000
30000
01000
00100
00002
00000
00000
00003
00020
00000
00000
00030
,
00002
00003
00200
00300
20000
30000
00002
00003
00200
00000
00000
00300
20000
00000
00000
30000
,
02000
00000
00000
03000
00020
00030
00002
00003
00200
00300
02000
03000
20000
30000
00200
00000
,
00301
00000
00001
01000
00010
00000
01000
00010
20000
00000
00000
30000
00010
00100
01000
10000
,
02000
03000
00002
00003
00020
00030
00100
00001
02000
00000
00000
03000
20000
00000
00000
30000
,
00200
00300
00020
00030
00002
00003
02000
03000
20000
00000
00000
30000
00020
00000
00000
00030
,
02000
00000
00000
03000
00020
00030
00200
00300
02000
03000
20000
30000
00200
00300
02000
00000
,
03100
00000
00100
01000
00110
00000
01000
00010
01100
00000
00010
00100
00001
00010
00001
00100
,
00001
00000
10000
00000
00100
00000
01000
00000
00010
00000
00100
00000
00001
00000
00100
00000
00010
00000
01000
00000
00100
00000
10000
00000
00002
00000
00000
00000
00000
00000
00003
00000
00000
01000
00000
00000
00100
00000
00000
01000
00000
00000
00020
00000
00000
00030
00000
00000
,
20000
00000
30000
00010
00100
01000
20000
30000
00020
00000
00030
01000
00100
00010
20000
30000
,
00020
00000
00000
00000
00130
00000
00100
00000
02000
00000
03000
00001
00100
01000
20000
30000
,
00200
00000
00300
01000
00100
00010
00002
00003
20000
00000
30000
00010
00100
01000
00002
00003
,
00020
00000
00000
00030
00002
00003
00200
00300
20000
00000
30000
01000
00100
00010
00200
00300
,
00002
00000
00003
01000
00100
00010
20000
30000
00200
00000
00300
00001
00010
00100
02000
03000
,
00020
00000
00000
00030
20000
30000
00200
00300
10000
01000
10000
00100
01000
10000
01000
00100
,
01000
00010
00001
00100
10000
00001
00100
10000
00100
00001
00010
00100
01000
00010
01000
00100
,
10000
00001
00100
00001
00010
00100
01000
00100
10100
00000
10100
00000
10010
00000
10010
00000
,
00110
00110
01010
01010
01100
01100
01001
01001
,
00101
00101
10001
10001
10010
10010
01001
01001
,
01010
01010
10001
10001
01001
10010
01001
10010
,
10000
00100
01000
10000
00100
00010
00001
00100
10000
00001
00100
10000
01000
10000
00100
00010
,
00001
00010
00100
01000
10000
01000
00100
00001
00010
00100
10000
01000
10000
00100
01000
00001
,
00100
00001
00010
10000
01000
00010
00001
00100
20000
00000
30000
01000
00100
01000
00002
00003
,
00020
00000
00030
00001
00100
00001
02000
00000
13000
00000
11000
00000
10010
00000
10010
00000
,
10001
00000
00001
10000
00100
01000
00010
00100
00202
00000
00303
00000
00101
00000
00001
00100
,
10000
01000
00100
10000
01000
00000
00100
00000
00220
00000
00330
00000
00110
00000
00010
00100
,
01000
10000
00100
01000
10000
00000
00100
00000
00022
00000
00033
00000
00011
00000
00001
00100
,
00010
00001
00100
10000
01000
00000
10000
00000
10100
00000
10000
00100
01000
00010
01000
00010
,
00100
00001
01000
00100
00010
00100
10000
01000
22000
00000
33000
00000
11000
00000
10000
01000
,
00100
00010
00100
00001
00010
00000
00001
00000
00022
00000
00033
00000
00011
00000
00001
00010
,
00100
01000
00100
10000
01000
00000
00100
00000
00220
00000
00330
00000
00010
00100
01000
10000
,
00100
01000
10000
00100
00001
10000
00100
00001
00010
00100
01000
10000
01000
00100
00010
00001
,
00022
00000
00000
00000
00000
00033
00000
00000
00001
00010
00100
01000
00001
00100
10000
01000
,
00001
00100
00001
00010
01000
10000
00100
00001
00010
00100
01000
00100
10000
00100
00001
00010
,
10000
01000
00100
00010
01000
00100
00010
00001
01000
10000
00100
00001
00100
10000
01000
00001
,
00010
00001
00100
00010
00001
00100
10000
01000
00100
00010
01000
00100
00010
00001
00100
00010
,
00022
00000
00000
00000
00000
00033
00000
00000
00010
00000
00100
00000
00101
00000
00001
10000
,
00100
01000
00001
10000
00100
01000
00010
00100
00001
00000
00010
00100
01000
00000
00010
01000
,
00100
10000
00010
01000
00100
10000
00010
01000
00100
00000
00100
00000
01100
00000
01000
00100
,
00010
00001
00100
00001
00010
00100
00010
00001
00101
00000
00001
00010
00100
01000
00001
00100
,
00010
01000
00010
00100
01000
10000
01000
00100
00110
00000
10010
00000
01001
00000
00001
01000
,
00100
10000
01000
00001
00010
00100
00001
00100
00010
00000
00010
00000
01000
00001
01000
00100
,
10000
01000
00100
00001
00010
00001
00100
00010
00220
00000
00330
00000
01000
00100
00010
00001
,
00100
00010
00001
00100
10000
00001
00100
10000
01000
00100
00010
00001
00010
00100
01000
10000
,
22000
00000
00000
00000
00000
33000
00000
00000
10000
01000
00100
00010
10000
00100
00001
00010
,
10000
00100
10000
01000
00010
00001
00100
10000
01000
00100
00010
00100
00001
00100
10000
01000
,
00001
00010
00100
01000
00010
00100
01000
10000
00010
00001
00100
10000
00100
00001
00010
10000
,
01000
10000
00100
01000
10000
00100
00001
00010
00100
01000
00010
00100
01000
10000
00100
01000
,
22000
00000
33000
00000
10000
00100
00001
00100
10000
01000
00100
10000
01000
00100
01000
10000
,
00100
10000
01000
10000
00100
01000
10000
01000
00100
01000
10000
00100
10000
01000
00100
10000
,
01000
00100
00010
00100
02000
00000
03000
00000
00001
00010
00100
00001
00010
00100
00010
00001
,
00100
00001
00010
00001
00100
00010
00001
00010
00100
00010
00001
00100
00001
00010
00100
00001
,
00010
00100
01000
00100
10000
01000
00100
00010
00011
00000
00010
00000
10110
00000
00010
00000
,
01110
00000
00010
00000
10110
00000
10000
00000
10100
00010
00100
00001
00010
00000
00011
00000
,
00101
01000
00100
10000
00020
00000
00030
00000
00000
00000
00110
00000
00000
00000
00010
00000
,
20000
00000
30000
00000
00001
00000
00100
00000
00010
00000
00010
00000
00001
00010
00100
00001
,
00010
00100
01000
00100
00020
00000
00030
00000
00002
00003
00010
00001
00100
00010
00002
00003
,
00020
00030
00200
00300
02000
03000
20000
30000
01000
10000
00100
01000
20000
30000
02000
03000
,
10000
00100
00010
00001
00200
00000
00300
00000
00000
00000
10000
00000
00000
00000
10100
00000
,
00001
00000
00000
00000
00100
00000
00100
00000
00010
00000
01000
00000
00010
01000
00100
10000
,
00010
00100
01000
10000
00010
00100
10000
01000
00010
00001
00010
00100
00001
00010
00100
10000
,
00100
01000
00001
00100
01000
10000
00100
00001
00010
00100
01000
10000
01000
00100
00010
01000
,
02020
00000
00000
00000
,
00000
00000
00000
00000
,
00000
03030
00000
00000