0000000000
0000000000
0000000000
0000000000
,
0000000100
0000000000
0000000000
0000000000
0000000100
0000000000
0000000000
0000000000
0000000100
0000000000
0000000000
0000000000
0000000200
0000000000
0000000000
0000000300
,
0000001000
0000010000
0000100000
0001000000
0010000000
0000000100
0000001000
0000010000
,
0000100000
0001000000
0020000000
0000000000
0000000200
0000000000
0030000300
0000000000
,
0000001000
0000100000
0000000100
0000001000
0000200000
0000000000
0010300000
0000000000
,
0010000000
0000100000
0000001000
0000000100
0000200000
0000000000
0000301000
0000000000
,
0000002000
0000003000
0000010000
0000000100
0000001000
0000010000
0000100000
0001000000
,
0021000000
0030000000
0010200000
0000300000
0002100000
0003000000
0002002000
0003003000
,
0001000000
0000010000
0010000000
0001000000
0000020000
0000000000
0000030100
0000000000
,
0000000100
0000010000
0001000000
0010000000
0000020000
0000000000
0001030000
0000000000
,
0002000000
0003000000
0000100000
0010000000
0001000000
0000100000
0000010000
0000001000
,
0000000100
0000000100
0010000000
0010000000
0000010000
0000020000
0002000000
0000000000
,
0000000000
0000000000
0000000000
0000000000
,
0003030000
0000000000
0020000000
0030000000
0010000000
0001000000
0000200000
0000300000
,
0000100000
0000010000
0000002000
0000003000
0000001000
0000000100
0000000020
0000000030
,
0000000010
0000000010
0000000002
0000000003
0000000001
0000000010
0000000200
0000000300
,
0000000100
0000001000
0000020000
0000030000
0000010000
0000100000
0002000000
0003000000
,
0001000000
0001000000
0020000000
0030000000
0010000000
0100000000
2000000000
3000000000
,
1000000000
0100000000
0020000000
0030000000
0010000000
0001000000
0000200000
0000300000
,
0000100000
0000100000
0000020000
0000030000
0000010000
0000001000
0000000200
0000000300
,
0000000100
0000001000
0000020000
0000030000
0000010000
0000100000
0002000000
0003000000
,
0010000000
0010000000
0020100000
0000100000
0000100000
0030100000
0001200000
0001000000
,
0001000000
0001300000
0002010000
0000010000
0000010000
0003010000
0000120000
0000100000
,
0000100000
0000130000
0000201000
0000001000
0000001000
0000301000
0000012000
0000010000
,
0000010000
0000000000
0000013000
0000000000
0000020100
0000000000
0000000100
0000000000
0000000100
0000000000
0000030100
0000000000
0000000200
0000000300
0000002000
0000003000
,
0000020000
0000030000
0000200000
0000300000
0002000000
0003000000
0000000200
0000000300
0000002000
0000003000
0000020000
0000030000
0000000200
0000000300
0000002000
0000003000
,
0000020000
0000030000
0020000000
0030000000
0002000000
0003000000
0000200000
0000300000
0000020000
0000030000
0000002000
0000003000
0020000000
0030000000
0002000000
0003000000
,
0000200000
0000300000
0020000000
0000000000
0031000000
0000000000
0000000000
0000100000
0000010000
0000000000
0000001000
0000000000
0000000100
0000000000
0000000000
0000001000
,
0000010000
0000100000
0001000000
0000010000
0000000100
0000001000
0000000010
0000000000
,
0000010001
0000000000
0000002000
0000003100
0000100000
0001000000
0000100000
0000000100
,
0001000000
0000200000
0010300000
0000010000
0000001000
0000010000
0010000000
0000001000
,
0000020000
0000030100
0001000000
0000100000
0001000000
0000000100
0000100000
0002000000
,
0013000000
0000001000
0000010000
0000001000
0010000000
0000010000
0000002000
0000003100
,
0000010000
0001000000
0000010000
0000000100
0000001000
0000200000
0010300000
0001000000
,
0000010000
0000000000
0001000000
0000000000
0010000000
0000000000
0000100000
0000000000
0000002000
0000003000
0000000002
0000000003
0000000020
0000000030
0000000200
0000000300
,
0000002000
0000003000
0000020000
0000030000
0000200000
0000300000
0002000000
0003000000
0020000000
0030000000
0200000000
0300000000
2000000000
0000000000
0000200000
0000000000
,
3000300000
0000000000
0002000000
0003000000
0020000000
0030000000
0200000000
0300000000
2000000000
3000000000
0000200000
0000300000
0002000000
0003000000
0020000000
0030000000
,
0200000000
0300000000
0000020000
0000030000
0000200000
0000300000
0002000000
0003000000
0020000000
0030000000
0000000200
0000000300
0000002000
0000003000
0000020000
0000030000
,
0000200000
0000300000
0000000020
0000000030
0000000200
0000000300
0000002000
0000003000
0000020000
0000030000
0000000002
0000000003
0000000020
0000000030
0000000200
0000000300
,
0000002000
0000003000
0000020000
0000030000
0000200000
0000300000
0002000000
0003000000
0200000000
0000000000
2000000000
0000000000
3300000000
0000000000
0100000000
0000000000
,
0100000000
0010000000
0001000000
0000010000
0000000100
0000000001
0000010000
0000000100
,
0000100000
0000100100
0000000000
0000100000
0000000100
0000001000
0000100000
0000001000
,
0000001000
0000010000
0001000000
0000001000
0000100000
0010000000
1000000000
1000100000
,
0000000000
0010010000
0000000000
0000001000
0001000000
0000100000
0010000000
0001000000
,
0001000000
0000010000
0001000000
0000100000
0000001000
0001000000
0000010000
0000001000
,
0000001000
0000100000
0000100000
0000001000
0000010000
0000100000
0001000000
0011000000
,
0000000000
0000000000
2000000000
3000000000
0200000000
0300000000
0020000000
0030000000
0002000000
0003000000
0000200000
0000300000
0000020000
0000030000
0000002000
0000003000
,
0000000200
0000000300
0000000020
0000000030
0000000002
0000000000
0000020000
0000000000
0000030003
0000000000
0000002000
0000003000
0000000200
0000000300
0000000020
0000000030
,
0000000002
0000000003
0000020000
0000030000
0000002000
0000003000
0000000200
0000000300
0000000020
0000000030
0000200000
0000300000
0000020000
0000030000
0000002000
0000003000
,
0000000200
0000000300
0020000000
0030000000
0002000000
0003000000
0000200000
0000300000
0000020000
0000030000
0200000000
0300000000
0020000000
0030000000
0002000000
0003000000
,
0000200000
0000300000
2000000000
3000000000
0200000000
0300000000
0020000000
0030000000
0002000000
0003000000
0000200000
0000300000
0000020000
0000030000
0000002000
0000003000
,
0000000020
0000000000
0000000002
0000000000
0000000033
0000000000
0000000020
0000000000
0000000000
0000000030
0000200000
0000300000
0000020000
0000030000
0200000000
0000000000
,
0000000000
0300000000
0000020000
0000030000
0000200000
0000300000
0000000100
0000000000
0000000100
0000000000
0000001000
0000010000
0000100000
0001000000
0020000000
0000000000
,
0000000000
0030000000
1000100000
0000000000
0000000000
0000000000
0200000000
0000000000
0000000000
0300000000
0000020000
0000030000
0000200000
0000300000
0000000020
0000000000
,
0000000000
0000000030
0000200000
0000300000
0000020000
0000030000
0010000000
0000000000
0010000000
0000000000
0001000000
0000100000
0000010000
0000001000
0000000200
0000000000
,
0000000000
0000000300
0000010001
0000000000
0000000000
0000000000
0000002200
0000000000
0000003300
0000000000
0000220000
0000000000
0000330000
0000000000
0022000000
0000000000
,
0033000000
0001000000
0010000000
0010100000
0010100000
1000100000
1000100000
0020000000
,
0000000000
0030000000
0101000000
0000000000
0000000000
0000000000
0000000000
0000000000
0000001000
0000000000
0000000000
0000000000
0001001000
0000000000
0000000100
0000000000
,
0000000000
0000000000
0000010000
0000000000
0000000001
0000000000
0000001000
0000000000
0000001000
0000000000
0000000100
0000001000
0000010000
0000100000
0002000000
0000000000
,
0000000000
0003000000
0100100000
0000000000
0000000000
0000000000
1000000000
0000000000
0001000000
0010000000
0000100000
0010000000
0001000000
0000000000
0000100000
0000000000
,
0000100000
0000000000
0000010000
0000000000
0000010000
0000000000
0000001000
0000000100
0000010000
0000000100
0000001000
0000000000
0000000001
0000000000
0000000200
0000000000
,
0000000000
0000000300
0000001010
0000000000
0000000000
0000000000
0000000000
0000000000
0001000000
0000000000
0000000000
0000000000
0001001000
0000000000
0010000000
0000000000
,
0000000000
0000000000
0000100000
0000000000
1000000000
0000000000
0001000000
0000000000
0001000000
0000000000
0010000000
0001000000
0000100000
0000010000
0000002000
0000000000
,
0000000000
0000003000
0000010010
0000000000
0000000000
0000000000
0000001000
0000000010
0000000100
0000000001
0000001000
0000000010
0000000100
0000000001
0000001000
0000000010
,
0000000100
0000000001
0000001000
0000000010
0000000100
0000000001
0000010000
0000000100
0000001000
0000010000
0000100000
0001000000
0010000000
0200000000
2000000000
0000000000
,
0000000000
0000000000
0000000000
0000000000
,
0000000000
0000000000
0000000000
0000000000
,
0000000000
3300000000
0000000000
0000000000
0000000000
0000000000
0000000000
0000000000