0000000000
0000000000
0000000000
0000000000
,
0000000100
0000000000
0000000000
0000000000
0000000000
0000000000
0000000000
0000000000
0000000100
0000000000
0000000000
0000000000
0000000000
0000000000
0000000000
0000000000
0000000100
0000000000
0000000000
0000000000
0000000000
0000000000
0000000000
0000000000
0000000200
0000000000
0000000000
0000000000
0000000000
0000000300
0000000000
0000000000
,
0000100000
0000001000
0000100000
0000001000
0001000000
0000010000
0001000000
0000010000
0000001000
0000100000
0000001000
0000100000
0001000000
0000010000
0001000000
0000010000
,
0000100000
0000001000
0000100000
0000001000
0000010000
0001000000
0000010000
0001000000
0000100000
0000001000
0000100000
0000001000
0010000000
0000100000
0010000000
0000100000
,
0002000000
0003000000
0000020000
0000030000
0020000000
0030000000
0001000000
0000100000
0000002000
0000000000
0000000000
0000003000
0000000200
0000000000
0000000000
0000000300
,
0000002000
0000003000
0000200000
0000300000
0000000200
0000000300
0000002000
0000003000
0000200000
0000000000
0000000000
0000300000
0020000000
0000000000
0000000000
0030000000
,
0002000000
0000000000
0000000000
0003000000
0000020000
0000030000
0000002000
0000003000
0002000000
0003000000
0000200000
0000300000
0000002000
0000003000
0000020000
0000030000
,
0002020000
0000000000
0003030000
0000000000
0002002000
0000000000
0003003000
0000000000
0000202000
0000000000
0000303000
0000000000
0000001000
0000010000
0000000100
0000001000
,
0000020000
0000030000
0002000000
0003000000
0000000200
0000000300
0000010000
0000001000
0000200000
0000000000
0000000000
0000300000
0020000000
0000000000
0000000000
0030000000
,
0000200000
0000300000
0000002000
0000003000
0020000000
0030000000
0000200000
0000300000
0000002000
0000000000
0000000000
0000003000
0000000200
0000000000
0000000000
0000000300
,
0000020000
0000000000
0000000000
0000030000
0002000000
0003000000
0000200000
0000300000
0000020000
0000030000
0000002000
0000003000
0000200000
0000300000
0002000000
0003000000
,
0002020000
0000000000
0003030000
0000000000
0000220000
0000000000
0000330000
0000000000
0000202000
0000000000
0000303000
0000000000
0000100000
0001000000
0010000000
0000100000
,
0000001000
0000100000
0001000000
0000010000
0000100000
0000001000
0000010000
0001000000
0020000000
0000000000
0030000000
0000000000
0000100000
0001000000
0000002000
0000003000
,
0000020000
0000000000
0000030000
0000000000
0000000100
0000010000
0000002000
0000003000
0002000000
0000000000
0003000000
0000000000
0000100000
0010000000
0000200000
0000300000
,
0002000000
0000000000
0003000000
0000000000
0000020000
0000030000
0000002000
0000003000
0000000200
0000000000
0000000300
0000000000
0000001000
0000010000
0000200000
0000300000
,
0002000000
0000000000
0003000000
0000000000
0010000000
0001000000
0000200000
0000300000
0000020000
0000000000
0000030000
0000000000
0000001000
0000000100
0000002000
0000003000
,
0000020000
0000000000
0000030000
0000000000
0002000000
0003000000
0000200000
0000300000
0020000000
0000000000
0030000000
0000000000
0000100000
0001000000
0000002000
0000003000
,
0000020000
0000000000
0000030000
0000000000
0000000100
0000010000
0000002000
0000003000
0002000000
0000000000
0003000000
0000000000
0000100000
0010000000
0000200000
0000300000
,
0002000000
0000000000
0003000000
0000000000
0000020000
0000030000
0000002000
0000003000
0000010000
0000001000
0000000100
0000010000
0000001000
0000000100
0000001000
0000010000
,
0000000100
0000001000
0000010000
0000100000
0001000000
0010000000
0000100000
0001000000
0010000000
0001000000
0000100000
0010000000
0001000000
0000100000
0000010000
0000001000
,
0000000200
0000000000
0000000000
0000000300
0000001000
0000010000
0000001000
0000010000
0000120000
0000000000
0000130000
0000000000
0001200000
0000000000
0001300000
0000000000
,
0002010000
0003010000
0000021000
0000031000
0001002000
0001003000
0002100000
0003100000
,
0000201000
0000301000
0000012000
0000013000
0000120000
0000130000
0001200000
0001300000
,
0002010000
0003010000
0000021000
0000031000
0001002000
0001003000
0002100000
0003100000
,
0000001000
0000010000
0000000100
0000010000
0000001000
0000000100
0000001000
0000010000
0000100000
0001000000
0010000000
0001000000
0000100000
0010000000
0000100000
0001000000
,
0000100000
0010000000
0000100000
0001000000
0010000000
0001000000
0000100000
0000010000
0000001000
0000000100
0000001000
0000010000
0000000100
0000010000
0000001000
0000010000
,
0000000100
0000010000
0000001000
0000000100
0000001000
0000010000
0000100000
0001000000
0020000000
0000000000
0030000000
0000000000
0001000000
0000100000
0000020000
0000030000
,
0000002000
0000000000
0000003000
0000000000
0000000100
0000001000
0000020000
0000030000
0000110000
0000000000
0000110000
0000000000
0000110000
0000000000
0000110000
0000000000
,
0000110000
0000000000
0000100000
0000010000
0001000000
0000100000
0010000000
0002000000
0020000000
0000000000
0033000000
0000000000
0011000000
0000000000
0001000000
0010000000
,
0000100000
0001000000
0000010000
0000100000
0001000000
0000000000
0000010000
0000000000
0000020200
0000000000
0000030300
0000000000
0000010100
0000000000
0000010000
0000000100
,
0000010000
0000001000
0000100000
0000010000
0000001000
0000000000
0000100000
0000000000
0020200000
0000000000
0030300000
0000000000
0010100000
0000000000
0000100000
0010000000
,
0001000000
0000100000
0000001000
0001000000
0000100000
0000000000
0000001000
0000000000
0000002200
0000000000
0000003300
0000000000
0000001100
0000000000
0000001000
0000000100
,
0000001000
0000010000
0001000000
0000001000
0000010000
0000001000
0000100000
0002000000
0020000000
0000000000
0033000000
0000000000
0011000000
0000000000
0001000000
0010000000
,
0000100000
0001000000
0000010000
0000100000
0000000100
0000000000
0000001000
0000000000
0000002200
0000000000
0000003300
0000000000
0000001100
0000000000
0000001000
0000000100
,
0000010000
0000001000
0000100000
0000010000
0010000000
0000000000
0000100000
0000000000
0020200000
0000000000
0030300000
0000000000
0000100000
0010000000
0000100000
0010000000
,
0001000000
0000100000
0001000000
0000100000
0000010000
0000001000
0000010000
0000001000
0000100000
0010000000
0001000000
0000100000
0000010000
0000001000
0000000100
0000001000
,
0000020000
0000000000
0000000000
0000000000
0000130000
0000000000
0000000000
0000000000
0000100000
0000010000
0000100000
0000010000
0000001000
0000100000
0000001000
0000100000
,
0001000000
0000001000
0001000000
0000001000
0000010000
0001000000
0000010000
0001000000
0000100000
0000010000
0000100000
0000010000
0000001000
0000100000
0000001000
0000100000
,
0001000000
0000001000
0001000000
0000001000
0000010000
0001000000
0000010000
0001000000
0000100000
0000010000
0000100000
0000010000
0000001000
0000100000
0000001000
0000100000
,
0001000000
0000001000
0001000000
0000001000
0000010000
0001000000
0000010000
0001000000
0000100000
0000010000
0000001000
0000100000
0001000000
0000001000
0000010000
0001000000
,
0000200000
0000000000
0000000000
0000000000
0000310000
0000000000
0000000000
0000000000
0010000000
0000000000
0010000000
0000000000
0000010000
0000000000
0010000000
0000100000
,
0001000000
0000010000
0010000000
0000100000
0001000000
0000010000
0000100000
0000000000
0000001000
0000000000
0000010000
0000000100
0000001000
0000000000
0000000100
0000010000
,
0000001000
0000100000
0000000100
0000010000
0000001000
0000100000
0000000100
0000010000
0000001000
0000000000
0001000000
0000000000
0001010000
0000000000
0000010000
0001000000
,
0000100000
0010000000
0000010000
0001000000
0000100000
0010000000
0000010000
0001000000
0000001000
0000000000
0000000000
0000000000
0000101000
0000000000
0000100000
0000001000
,
0000010000
0000000100
0000100000
0000001000
0000010000
0000000100
0000100000
0000001000
0001000000
0000000000
0000010000
0000000000
0010010000
0000000000
0000010000
0010000000
,
0000100000
0001000000
0000010000
0010000000
0000100000
0000000000
0001000000
0000000000
0000001000
0000000000
0000001000
0000000000
0000100000
0000000100
0000010000
0000001000
,
0000100000
0000000100
0000010000
0000001000
0000100000
0000000000
0000010000
0000001000
0000000100
0000000000
0000000100
0000000000
0000010000
0000000100
0000010000
0000000100
,
0000001000
0000010000
0000001000
0000010000
0000100000
0001000000
0000100000
0001000000
0000010000
0000000100
0000001000
0000010000
0000100000
0001000000
0010000000
0001000000
,
0000200000
0000000000
0000000000
0000000000
0000310000
0000000000
0000000000
0000000000
0000010000
0000100000
0000010000
0000100000
0001000000
0000010000
0001000000
0000010000
,
0000001000
0001000000
0000001000
0001000000
0000100000
0000001000
0000100000
0000001000
0000010000
0000100000
0000010000
0000100000
0001000000
0000010000
0001000000
0000010000
,
0000001000
0001000000
0000001000
0001000000
0000100000
0000001000
0000100000
0000001000
0000010000
0000100000
0000010000
0000100000
0001000000
0000010000
0001000000
0000010000
,
0000001000
0001000000
0000001000
0001000000
0000100000
0000001000
0000100000
0000001000
0000010000
0000100000
0001000000
0000010000
0000001000
0001000000
0000100000
0000001000
,
0000020000
0000000000
0000000000
0000000000
0000200000
0000030000
0000000000
0000300000
0000010000
0000100000
0000001000
0000100000
0000010000
0000001000
0000100000
0000001000
,
0000010000
0000100000
0000001000
0000100000
0000010000
0000001000
0000100000
0000001000
0000010000
0000100000
0000001000
0000100000
0000010000
0001000000
0000100000
0010000000
,
0001000000
0000100000
0000010000
0000001000
0000000200
0000000000
0000000300
0000000000
0000100000
0000010000
0001000000
0000010000
0000100000
0001000000
0000010000
0001000000
,
0000100000
0000010000
0001000000
0000010000
0000100000
0001000000
0000010000
0001000000
0000100000
0000010000
0001000000
0000010000
0000100000
0000001000
0000010000
0000000100
,
0000001000
0000010000
0000100000
0001000000
0020000000
0000000000
0030000000
0000000000
0020200000
0000000000
0030300000
0000000000
0002002000
0000000000
0003003000
0000000000
,
0000020200
0000000000
0000030300
0000000000
0000000200
0000000300
0000002000
0000003000
0000020000
0000030000
0000002000
0000003000
0000000200
0000000300
0000020000
0000030000
,
0001000000
0000100000
0000010000
0000001000
0000000200
0000000000
0000000300
0000000000
0000000000
0000000000
0001000200
0000000000
0000000000
0000000300
0000200000
0000300000
,
0002000000
0000000000
0000000000
0003000000
0020000000
0030000000
0000200000
0000300000
0002000000
0003000000
0000002000
0000003000
0000000100
0000001000
0000010000
0000000100
,
0000001000
0000010000
0000100000
0001000000
0020000000
0000000000
0030000000
0000000000
0002000000
0003000000
0000100000
0001000000
0010000000
0000100000
0002000000
0003000000
,
0000002000
0000003000
0000020000
0000030000
0000000200
0000000300
0000002000
0000003000
0000010000
0000001000
0000000100
0000010000
0000002000
0000003000
0000020000
0000030000
,
0000000100
0000001000
0000010000
0000100000
0002000000
0000000000
0003000000
0000000000
0000000000
0000000000
0020001000
0000000000
0000000000
0030000000
0000020000
0000030000
,
0000002000
0000000000
0000000000
0000003000
0000000200
0000000300
0000020000
0000030000
0000002000
0000003000
0002000000
0003000000
0010000000
0001000000
0000100000
0010000000
,
0001000000
0000100000
0000010000
0000001000
0000000100
0000010000
0001000000
0000100000
0000001000
0001000000
0000010000
0000001000
0000100000
0010000000
0001000000
0000010000
,
0000001000
0000100000
0000010000
0001000000
0000100000
0000001000
0000000100
0000010000
0001000000
0000100000
0000001000
0001000000
0000010000
0000001000
0000000100
0000000020
,
0000000002
0000000000
0000000000
0000000000
,
0000000000
0000000000
0000000000
0000000000
,
0000000000
0000000000
0000000000
0000000000
0000000030
0000000003
0000000000
0000000000
0000000000
0000000000
0000000000
0000000000
0000000000
0000000000
0000000000
0000000000