00000
00000
00000
00000
,
00000
00000
00000
00100
,
00200
00000
00000
00000
,
00300
02000
00020
03030
,
00002
00003
20000
30000
02000
03000
00020
00030
,
00002
00003
20000
30000
02000
03000
00020
00030
,
00002
00003
20000
30000
02000
03000
00020
00030
,
00022
00033
02002
03003
20020
30030
22000
33000
,
20000
30000
00002
00003
00020
00030
02000
03000
,
20000
30000
00002
00003
00020
00030
02000
03000
,
20000
30000
00002
00003
00020
00030
02000
03000
,
22000
33000
20020
30030
02002
00000
00000
00000
,
00000
00000
03003
00000
01010
00000
01000
00100
,
00010
00000
01000
00100
00010
00000
01000
00100
,
00010
00000
00010
00100
01000
00000
00010
00100
,
01000
00000
00010
00100
01000
00000
00010
00100
,
01000
00000
01000
00100
00010
00000
01000
00100
,
00010
00000
01000
00100
00010
00000
01000
00100
,
00010
00000
00010
00100
01000
00000
00010
00100
,
01000
00000
00010
00100
01000
00000
00010
00100
,
01000
00000
10100
00000
10200
10000
10000
10000
,
01000
01000
01000
01000
00010
00010
00010
00010
,
00001
00001
00001
00001
10000
10000
10000
10000
,
01000
01000
01000
01000
00010
00010
00010
00010
,
00001
00001
10000
10000
01000
01000
00010
00010
,
00001
00001
10000
10000
01000
01000
00010
00010
,
00001
00001
10000
10300
00100
00000
01000
00100
,
00010
00000
00010
00100
00001
00000
00001
00100
,
10000
00000
10001
00000
20002
00000
30003
00001
,
00100
00000
10000
00100
01000
00000
00100
00000
,
00010
00000
00100
00001
00100
00000
00000
10000
,
00100
00000
01000
00100
00010
00000
00100
00000
,
00001
00000
00000
00000
00100
00000
00000
10000
,
00100
00000
01000
00100
00010
00000
00000
00100
,
00001
00000
00100
10000
00100
00000
01000
00100
,
00010
00100
00001
00100
10000
00100
01000
00100
,
00010
00000
10001
00000
00010
00100
00010
00100
,
01000
00100
01000
00100
10000
00100
10000
00100
,
00001
00100
00001
00100
00010
00100
01000
00100
,
10000
00100
00001
00100
00010
00100
10000
00100
,
00010
00000
10010
00000
10000
00100
00000
00001
,
00100
00000
00010
00100
01000
00000
00100
00000
,
10000
00100
00001
00100
00010
00100
00000
01000
,
00100
10000
00100
00001
00100
00000
00010
00000
,
00100
01000
00100
10000
00100
00001
00000
00100
,
00010
00000
00100
01000
00100
10000
00100
00001
,
00100
00000
00010
00100
01000
00000
00100
10000
,
00100
00001
00100
00010
00100
01000
00100
10000
,
00100
00000
10001
00000
01000
00100
01000
00100
,
00010
00100
00010
00100
00001
00100
00001
00100
,
10000
00100
10000
00100
01000
00100
00010
00100
,
00001
00100
10000
00100
01000
00100
00001
00100
,
01000
00000
01001
00000
00001
00001
00100
00100
,
00010
00010
00001
00001
00100
00100
00010
00010
,
00001
00100
00010
00000
10000
10000
00100
00100
,
01000
01000
10000
10000
00100
00100
01000
01000
,
10000
00100
01000
00000
10001
00000
00011
00000
,
01010
00000
11000
00000
10001
00001
00011
00010
,
01010
01000
11000
00000
00000
10010
00000
00010
,
00001
00000
10000
01000
00010
00010
00001
00001
,
10000
10000
01000
00000
01100
00100
00110
00100
,
00101
00100
10100
00100
01100
00100
00110
00100
,
00101
00100
10100
00000
00000
01001
00000
00001
,
00010
00000
01000
10000
00001
00001
00010
00010
,
01000
01000
10000
10000
00001
00100
10000
00001
,
00100
10000
00001
00100
10000
00001
00100
10000
,
20002
00000
00000
00000
,
00000
00000
00000
00000
,
00000
30003
00000
00000