00000
00000
00000
00000
,
00100
00000
00100
00000
00100
00000
00200
00300
,
00010
00100
00010
00100
01000
00100
01000
00100
10000
00100
10000
00100
00001
00100
00001
00100
,
00010
00100
00010
00100
01000
00100
01000
00100
10000
00100
10000
00100
00001
00100
00010
00100
,
01000
00000
00100
00000
10000
00000
00100
00001
00200
00000
00000
00300
00010
00000
00000
00000
,
00100
00000
01000
00000
00100
00000
10000
00000
00200
00000
00000
00300
00001
00000
00000
00000
,
00100
00000
00010
00100
01000
00100
10000
00100
,
00002
00000
00103
00000
00020
00000
00130
00000
02000
00000
03100
00000
10000
00100
00001
00100
,
00010
00000
00100
00000
01000
00000
00100
10000
00200
00000
00000
00300
00001
00000
00000
00000
,
00100
00000
00010
00000
00100
00000
01000
00000
00200
00000
00000
00300
10000
00000
00000
00000
,
00200
00000
00000
00300
00001
00000
01000
00000
00010
00000
00100
00000
01000
00000
00100
00000
,
10100
00000
10100
00000
00101
00000
00101
00000
00110
00000
01100
00000
10000
00100
00001
00100
,
00010
00100
01000
00100
10000
00100
00001
00100
00010
00000
00000
00000
01000
00000
00100
00000
,
00010
00000
00010
00100
00001
00000
00001
00100
,
10000
00000
00000
00000
10000
00000
00100
00000
01000
00000
00000
00100
00010
00000
00100
00000
,
00001
00000
00001
00100
10000
00000
10000
00100
,
01000
00000
01100
01100
00110
00000
00010
00100
,
00001
00000
00001
00100
10000
00000
10000
00100
,
01000
00000
00000
00000
01000
00000
00100
00000
00010
00000
00000
00100
00001
00000
00100
00000
,
10000
00000
10000
00100
01000
00000
01000
00100
,
00010
00000
00000
00000
00010
00100
00010
00100
01100
00200
01000
00000
01000
00000
01000
00000
,
10000
10000
10000
10000
00001
00001
00001
00001
,
00010
00010
00010
00010
01000
01000
01000
01000
,
10000
00000
10000
00000
10000
00000
10000
00000
00001
00000
00001
00000
00001
00000
00001
00300
,
00010
00100
00010
00100
01000
00100
01000
00100
10000
00100
10000
00100
00001
00100
00001
00100
,
00010
00100
00010
00100
01000
00100
01000
00100
00010
00100
00010
00100
00001
00100
00001
00100
,
10000
00100
10000
00100
01000
00100
01000
00100
00010
00000
00000
00100
00001
00000
00100
00000
,
10000
00000
00000
00100
01000
00000
00100
00000
00010
00000
00100
00000
00001
00000
00100
00000
,
10000
00100
01000
00010
00100
00001
00100
00000
20200
00000
30300
00000
00000
00000
00100
00000
,
00001
00000
00100
00010
00100
00000
01000
00000
,
00200
00000
00000
00300
10000
00000
00100
00000
00202
00000
00303
00000
00010
00100
00010
00100
,
01000
00100
01000
00100
10000
00000
00100
00000
00001
00100
00001
00100
00010
00100
00010
00100
,
01000
00100
01000
00100
10000
00100
10000
00100
00202
00000
00303
00000
00000
00000
00100
00000
,
10000
00000
00000
00000
00100
00000
01000
00000
00200
00000
00000
00300
00010
00000
00100
00000
,
00001
00000
00000
00000
00001
00000
00100
00000
10000
00000
10000
00000
10000
00100
10000
00100
,
01000
00100
01000
00100
00010
00100
00010
00100
00001
00100
00001
00100
10000
00100
10000
00100
,
02000
00000
03000
00000
00000
00000
00000
00000
01000
00100
01000
00100
00010
00100
00010
00100
,
01000
00100
01000
00100
00010
00100
00010
00100
01000
00100
01000
00100
00010
00100
00010
00100
,
01000
00100
00010
00100
01000
00100
00010
00100
00001
00100
00001
00100
10000
00100
10000
00100
,
00001
00100
00001
00100
10000
00100
10000
00100
00001
00100
10000
00100
00001
00100
10000
00100
,
02000
00000
03000
00000
00000
00000
00000
00000
00010
00000
00100
00000
01000
00100
01000
00100
,
10000
00100
10000
00100
00001
00100
00001
00100
00010
00000
00010
00100
01000
00000
00100
00000
,
10000
00000
00100
00000
00001
00100
00010
00100
01000
00000
00100
00000
10000
00100
00001
00100
,
00010
00100
01000
00100
10000
00100
00001
00100
00010
00100
00010
00100
01000
00100
01000
00100
,
10000
00100
10000
00100
00001
00100
00001
00100
00010
00000
00000
00000
00100
00000
01000
00000
,
00100
00000
10000
00100
00001
00000
00100
00000
00010
00000
00100
00000
01000
00100
10000
00100
,
00001
00100
00010
00100
01000
00000
10000
00100
00001
00000
00100
00000
00001
00100
00001
00100
,
00010
00100
00010
00100
01000
00100
01000
00100
10000
00100
10000
00100
00001
00100
00001
00100
,
00020
00000
00030
00000
00000
00000
00000
00000
00010
00100
00010
00100
01000
00100
01000
00100
,
00010
00100
00010
00100
01000
00100
01000
00100
00010
00100
00010
00100
01000
00100
01000
00100
,
00010
00100
01000
00100
00010
00100
01000
00100
10000
00100
10000
00100
00001
00100
00001
00100
,
10000
00100
10000
00100
00001
00100
00001
00100
10000
00100
00001
00100
10000
00100
00001
00100
,
00020
00000
00030
00000
00000
00000
00000
00000
02000
00000
00000
03000
00200
00300
00020
00030
,
00200
00000
00000
00300
00002
00003
00200
00300
10000
00000
00100
00000
01000
00100
00010
00100
,
00001
00100
10000
00100
01000
00000
00000
00000
00020
00000
00000
00030
00200
00300
02000
03000
,
00200
00000
00000
00300
20000
30000
00200
00300
00001
00000
00100
00000
00010
00100
01000
00100
,
10000
00100
00001
00100
00010
00000
00000
00000
00220
00000
00330
00000
02200
00000
03300
00000
,
20200
30300
10000
10000
00100
00100
00001
00001
,
00100
00010
00100
01000
00100
00000
00000
00000
00000
00000
10000
00000
00000
00000
00101
00000
,
00010
00000
00000
00000
00100
00000
00100
00000
01000
00000
01000
00000
00100
01000
00100
01000
,
00100
10000
00100
00001
00100
00000
00000
00000
00020
00030
00100
01000
00100
10000
00200
00300
,
00002
00003
00200
00300
00020
00030
00200
00300
01000
00100
00010
00100
00002
00003
00200
00300
,
10000
00100
01000
00100
00020
00000
00030
00000
00000
00000
00100
00000
00000
00000
00101
00000
,
10000
00000
00000
00000
00100
00000
00100
00000
01000
00000
01000
00000
00100
00010
00100
00000
,
00010
00100
01000
00100
10000
00100
00001
00100
00010
00100
01000
00100
10000
00100
00001
00100
,
00010
00100
01000
00100
10000
00100
00001
00100
00010
00100
00001
00100
10000
00100
01000
00100
,
00020
00000
00000
00000
,
00000
00000
00000
00000
,
00000
00000
00000
00000
00000
00000
00000
00000
00000
00030
00000
00000
00000
00000
00000
00000