// measure 0
00000
00000
00000
00000
00000
00000
00000
00000
00000
00000
00000
01010
00000
00000
00000
00000
,  // measure 1
00000
00000
00000
20002
00000
00000
30103
00000
00000
00000
00000
11011
00000
00000
00000
10000
,  // measure 2
00001
10000
00001
10000
01000
00100
00010
00001
00010
00001
00010
00001
00010
00001
00010
00001
,  // measure 3
00010
00100
01000
10000
01000
10000
01000
10000
01000
10000
01000
10000
01000
10000
01000
10000
,  // measure 4
01000
10000
01000
10000
00000
00010
00000
00100
00000
00010
00100
00010
00000
00000
00000
01010
,  // measure 5
00000
00000
00000
00001
00000
01000
00000
00100
00000
01000
00000
00100
00000
00000
00000
01110
,  // measure 6
00000
00000
00000
10000
00000
10000
00000
01000
00000
01000
00000
00100
00000
00100
00000
00010
,  // measure 7
00000
00010
00000
00002
00000
00000
00000
00010
00000
00000
00000
00010
00000
00000
00000
00013
,  // measure 8
00100
01000
00001
00010
00000
00100
00000
00001
00000
01000
00100
01000
00000
00000
00000
01100
,  // measure 9
00000
00000
00000
01000
00000
00100
00000
10000
00000
00010
00000
00100
00000
00000
00000
00110
,  // measure 10
00000
00000
00000
00001
00000
00001
00000
00010
00000
00010
00000
00100
00000
00100
00000
01000
,  // measure 11
00000
01000
00000
20000
00000
00000
00000
01000
00000
00000
00000
01000
00000
00000
00000
31000
,  // measure 12
00100
00010
10000
02000
00000
00000
00000
00000
00000
00000
00000
03010
00100
00010
00000
00110
,  // measure 13
00000
00110
00000
00001
00100
00001
00000
00101
00000
00101
00000
00010
00100
00010
00000
00110
,  // measure 14
00000
00110
00000
02020
00000
03030
00000
00100
00000
00100
00000
01000
00000
00000
00100
01010
,  // measure 15
00000
01010
00000
10000
00000
00000
00000
10001
00000
10001
00000
01000
00000
00000
00000
01010
,  // measure 16
00000
01010
00000
20202
00000
30303
00000
00100
00000
00100
00000
01000
00100
01000
00000
01100
,  // measure 17
00000
01100
00000
10000
00100
10000
00000
10100
00000
10100
00000
01000
00100
01000
00000
01100
,  // measure 18
00000
01100
00000
02220
00000
03330
00000
00100
00000
00100
00000
00010
00000
00000
00100
01010
,  // measure 19
00000
01010
00000
00001
00000
00000
00000
10001
00000
10001
00000
00010
00000
00000
00100
01010
,  // measure 20
00000
01010
00000
20002
00000
30003
00000
10000
00100
00001
00010
01000
00000
00100
00000
10000
,  // measure 21
00000
00001
00000
00010
00000
00100
00000
01000
00000
00010
00000
00100
00000
00001
00000
10000
,  // measure 22
00000
01000
00000
00100
00000
00010
00000
10000
00000
00100
00000
01000
00000
00001
00000
00010
,  // measure 23
00000
00100
00000
01000
00000
00001
00000
00100
00000
00010
00000
10000
00000
01000
00000
00100
,  // measure 24
00000
00010
00000
01000
00100
01000
00100
01000
00100
10000
00100
10000
00100
10000
00010
00100
,  // measure 25
00010
00100
00001
10000
00001
10000
00100
10000
00100
10000
01000
00100
00010
01000
00100
01000
,  // measure 26
00100
10000
00001
10000
00001
00100
00001
00100
00010
01000
00010
01000
00000
00000
00100
10000
,  // measure 27
00000
00001
00000
00100
00000
00000
00000
00010
00000
00100
00000
00010
00000
00000
00000
01000
,  // measure 28
00000
00100
00000
10000
00100
10000
00100
10000
00100
10000
00100
00010
00000
00000
00000
01000
,  // measure 29
00000
01000
00000
00100
01000
00100
00000
01000
00000
00100
00000
10001
00000
00000
00000
10010
,  // measure 30
00000
00000
00000
01001
00000
00000
00000
00010
00000
00010
00000
00100
00010
00100
00001
00010
,  // measure 31
00100
01000
00000
00100
00000
10000
00000
00010
00000
00100
00000
00001
00000
01000
00100
01000
,  // measure 32
00010
00100
00001
10000
01000
00100
00010
01000
00100
10000
00010
00100
00001
00010
00000
00000
,  // measure 33
00000
00100
00000
01000
00000
00000
00000
00010
00000
00100
00000
01000
00000
00000
00000
00000
,  // measure 34
00000
10000
00000
00001
00000
00000
00000
00100
00000
00010
00000
10000
00000
00100
00000
01000
,  // measure 35
00100
01000
00010
00100
00001
10000
01000
00100
00010
01000
00100
01000
00001
00100
00010
01000
,  // measure 36
00010
00100
00001
02000
00000
00000
00000
03100
00000
00000
00000
00001
00010
00001
00100
00001
,  // measure 37
01000
00001
10000
00001
01000
00001
00100
00001
00010
00001
10000
01000
10000
00100
10000
00010
,  // measure 38
10000
00001
10000
00010
10000
00100
10000
01000
10000
00010
00001
00010
00100
00010
01000
00010
,  // measure 39
10000
00010
01000
00010
00100
00010
00001
00010
01000
10000
01000
00100
01000
00010
01000
00001
,  // measure 40
01000
00010
01000
00200
00000
00000
00000
00000
00000
00300
00000
01000
00000
00000
00000
00100
,  // measure 41
10000
00001
00100
00020
00000
00030
00000
00110
00000
00010
00000
10010
00000
00010
00000
00110
,  // measure 42
00000
00010
00000
00011
00000
00010
00000
00110
00000
00010
00000
10010
00000
00000
00000
00100
,  // measure 43
00001
10000
00100
02000
00000
03000
00000
00010
00100
00001
10000
00100
01000
00010
00100
00001
,  // measure 44
10000
00100
01000
00010
00100
00001
10000
00100
01000
00010
00100
00001
00000
00001
00000
00000
,  // measure 45
10000
01000
00100
00010
00000
00100
00010
00100
00000
00010
00100
00010
00000
00010
00000
10000
,  // measure 46
00100
10000
01000
00100
00000
00010
00100
00010
00100
00001
00100
00010
00000
00000
00000
10000
,  // measure 47
01000
00100
00010
00001
00010
00100
01000
10000
01000
00100
00010
00100
00010
00100
00010
00100
,  // measure 48
00010
00100
00010
00200
00000
00000
00000
00301
00000
00000
00000
10000
01000
10000
00100
10000
,  // measure 49
00010
10000
00001
10000
00010
10000
00100
10000
01000
10000
00001
00010
00001
00100
00001
01000
,  // measure 50
00001
10000
00001
01000
00001
00100
00001
00010
00001
01000
10000
01000
00100
01000
00010
01000
,  // measure 51
00001
01000
00010
01000
00100
01000
10000
01000
00010
00001
00010
00100
00010
01000
00010
10000
,  // measure 52
00010
01000
00010
00200
00000
00000
00000
00000
00000
00300
00000
10001
00000
00000
00000
00000
,  // measure 53
00000
00100
00000
01010
00000
00000
00000
00000
00000
00100
00000
01010
00000
01010
00000
00100
,  // measure 54
00001
00100
00001
00200
00000
00000
00000
00311
00000
00000
00000
01010
00000
00000
00000
00000
,  // measure 55
00000
00100
00000
10001
00000
00000
00000
00000
00000
00100
00000
10001
00000
10001
00000
00100
,  // measure 56
01000
00100
01000
00200
00000
00000
00000
11300
00000
00000
00000
01110
00000
00000
00000
01010
,  // measure 57
00000
00000
00000
00100
00000
00000
00000
00100
00000
00100
00000
10001
00000
10001
00000
00100
,  // measure 58
00000
00010
00000
01000
00100
01000
00100
10000
00000
00000
00000
00000
00000
00010
00000
00000
,  // measure 59
00000
00100
00000
00110
00000
00000
00000
00000
00000
01000
00000
00100
00000
10000
00000
01000
,  // measure 60
00100
00010
00100
00002
00000
00000
00000
00003
00000
00000
00000
01000
00000
01000
00010
00100
,  // measure 61
00010
00100
00010
00100
00000
00100
00000
00001
00000
00001
00000
10000
01000
10000
01000
00100
,  // measure 62
00000
00010
00000
01000
00100
00010
00001
20000
00000
30000
00000
00000
00000
00100
00000
00000
,  // measure 63
00000
10000
00000
10100
00000
00000
00000
00000
00000
10000
00000
01000
00000
00100
00000
00010
,  // measure 64
00100
00001
10000
00100
01000
00100
01000
00010
00100
00001
01000
00100
10000
00001
00100
00010
,  // measure 65
10000
00100
01000
00010
00100
01000
10000
01000
00100
01000
10000
01000
00100
00010
00001
00010
,  // measure 66
00100
00010
00001
00020
20000
00000
00000
00030
30000
00000
00000
00000
00000
00000
00000
00000