// measure 0
00000
00000
00000
00000
,  // measure 1
00000
00000
00000
00000
,  // measure 2
01000
00000
00100
00000
01000
00010
00000
00010
00100
00000
00010
00000
01000
00010
00000
00100
,  // measure 3
00001
00000
10000
00000
00001
00100
00000
00001
10000
00000
00100
00000
10000
00100
10000
00010
,  // measure 4
01000
00000
00100
00000
01000
00010
00000
00010
00100
00000
00010
00000
01000
00010
00000
00100
,  // measure 5
00001
00000
10000
00000
00001
00100
00000
00001
10000
00010
00100
00010
10000
00100
10000
00010
,  // measure 6
01000
01000
00000
00020
00200
00030
00300
00000
00001
00001
00000
20000
00200
00000
30000
00300
,  // measure 7
10000
00100
10000
01000
10000
00010
01000
00100
01000
00000
00001
00000
00100
00000
00001
00100
,  // measure 8
00001
01000
00010
00000
00100
00000
00010
01000
00100
10000
00100
00000
10000
00000
00010
00100
,  // measure 9
00001
01000
00100
00000
01000
00000
01010
00000
01001
00000
10010
00000
10000
00010
01000
00001
,  // measure 10
00100
00000
00000
00000
00001
00100
00001
00100
00001
00100
00001
00100
00001
00100
00001
00100
,  // measure 11
00001
01000
00010
00100
00010
00000
01000
00000
,  // measure 12
10000
10000
01000
00100
00010
00001
00010
00100
,  // measure 13
01000
00010
00100
00010
01000
00100
10000
00000
,  // measure 14
10000
00100
10000
00100
10000
00100
10000
00100
10000
00100
10000
00100
10000
00100
10000
00100
,  // measure 15
10000
00100
10000
00010
00100
00010
01000
00000
,  // measure 16
00110
01100
00101
10100
,  // measure 17
10000
00010
01000
00001
01000
00010
00100
00010
,  // measure 18
01000
00000
00100
00000
10000
00100
01000
00100
10000
00010
00100
00000
00010
00000
01000
00000
,  // measure 19
00001
00000
00100
00000
00010
00100
00001
00100
00010
10000
00100
00000
10000
00000
00001
00000
,  // measure 20
01001
00000
01000
00001
00100
00000
00010
10000
00100
00000
10000
00000
00010
00000
00100
00000
,  // measure 21
02020
00000
00000
00000
00000
00000
03030
00000
01000
00010
01000
00010
10000
00001
10000
00001
,  // measure 22
00100
00001
00000
10000
00000
00010
01000
00100
00000
01000
00000
00010
00100
00010
01000
00100
,  // measure 23
10000
00100
00000
10000
00000
00001
00100
00001
00100
00010
01000
00100
10000
00010
00100
00010
,  // measure 24
00100
00001
00000
10000
00000
00010
01000
00100
00000
01000
00000
00010
00100
00010
01000
00100
,  // measure 25
10000
00100
00000
10000
00000
00001
00100
00001
00100
00010
01000
00100
10000
00010
00100
00010
,  // measure 26
10000
00100
10000
00100
01000
00100
01000
00100
01000
00010
00100
00010
01000
00001
10000
10000
,  // measure 27
00001
00100
00001
00000
01000
00000
00100
00000
01000
00000
00010
00000
00100
00000
00100
00000
00010
00000
00100
00000
00001
00000
00001
00000
10000
00000
10000
00000
00100
00000
01000
00000
,  // measure 28
00010
00100
00010
00000
01000
00000
00100
00000
10000
00000
00100
00000
00001
00000
00100
00000
10000
00000
00001
00000
01000
00000
00010
00000
00100
00000
00100
00000
00010
00000
01000
00000
,  // measure 29
00010
00100
00010
00100
00010
00000
01000
00000
00100
00000
00100
00000
10000
00000
10000
00000
00001
00000
00001
00000
00100
00000
00001
00000
10000
00000
00000
00000
00000
00000
00000
00000
,  // measure 30
10010
00000
00000
01001
00000
00000
10110
00000
00000
00000
00000
00000
00000
00000
00000
00000
,  // measure 31
01001
00000
00000
00000
00000
00000
10010
00000
00000
00000
00000
00000
01101
00000
00000
00000
00001
00000
00100
00000
00010
00000
10000
00000
00010
00100
00010
00100
00010
00000
00000
00000
,  // measure 32
10010
00000
00000
01001
00000
00000
10110
00000
00000
00000
00000
00000
00000
00000
00000
00000
,  // measure 33
01001
00000
00000
10010
00000
00000
01101
00000
01000
00001
10000
00100
10000
00000
00000
00000
,  // measure 34
10000
00000
00100
00000
10000
00100
01000
00100
10000
00010
00100
00000
00010
00000
01000
00000
,  // measure 35
00001
00000
00100
00000
00010
00100
00001
00100
00010
10000
00100
00000
10000
00000
00001
00000
,  // measure 36
01001
00000
01000
00001
00100
00000
00010
10000
00100
00000
10000
00000
00010
00000
00100
00000
,  // measure 37
02020
00000
00000
00000
00000
00000
03030
00000
01000
00010
01000
00010
10000
00001
10000
00001
,  // measure 38
10000
00000
00100
00000
01000
00100
10000
00100
01000
00001
00100
00000
00001
00000
10000
00000
,  // measure 39
00010
00000
00100
00000
00001
00100
00010
00100
00001
01000
00100
00000
01000
00000
00010
00000
,  // measure 40
10010
00000
10000
00010
00100
00000
00001
01000
00100
00000
01000
00000
00001
00000
10000
00000
,  // measure 41
20002
00000
00000
00000
00000
00000
30003
00000
10000
00001
10000
00001
01000
00010
01000
00010
,  // measure 42
00200
00000
00000
00000
,  // measure 43
00000
00000
00000
00000
,  // measure 44
00000
00000
00000
00000
,  // measure 45
00000
00300
00000
00000