0000000000
0000000000
0000000000
0000000000
,
0000000000
0000000000
0000000000
0000000000
,
0001000000
0000000000
0100000000
0000000000
0010000000
1000000000
0000000000
1000000000
0001000000
0000000000
0010000000
0000000000
0000100000
0010000000
0000000000
0010000000
,
0000100000
0000000000
0010000000
0000000000
0001000000
0000100000
0000000000
0000001000
0000010000
0000000000
0000000100
0000000000
0000001000
0000000100
0000000000
0000001000
,
0000000010
0000000000
0000000100
0000000000
0000000001
0000000100
0000000000
0000000001
0000001000
0000000000
0000000100
0000000000
0000001000
0000000100
0000000000
0000010000
,
0000000100
0000000000
0000001000
0000000000
0000010000
0010000000
0000000000
0000000000
0010000000
0001000000
0100000000
0010000000
1000000000
0100000000
0010000000
0001000000
,
0100000000
0100000000
0000000000
0002000000
0020000000
0003000000
0030000000
0000000000
0000100000
0000100000
0000000000
0002000000
0000002000
0003000000
0000003000
0000000000
,
0000010000
0000001000
0000000100
0000000000
0000000001
0000000010
0000000100
0000000000
0000001000
0000000100
0000010000
0000000010
0000000100
0000000000
0000000110
0000000000
,
0000000001
0000001000
0000000100
0000010000
0000000010
0000000000
0000010010
0000000000
0000000010
0000010000
0000000100
0000001000
0000000001
0000000000
0000001001
0000000000
,
0000000100
0000001000
0000010000
0000100000
0001000000
0000000000
0001100000
0000000000
0001001000
0000000000
0000011000
0000000000
0000010000
0000001000
0001000000
0000100000
,
0001000000
0000000000
0000000000
0000000000
0000001000
0000100000
0000001000
0000100000
0000001000
0000100000
0000001000
0000100000
0000001000
0000100000
0000001000
0000100000
,
0000001000
0001000000
0000100000
0010000000
0000100000
0000000000
0010000000
0000000000
0000100000
0000000000
0100000000
0000000000
0010000000
0000000000
1000000000
0000000000
,
0001000000
0010000000
0000001000
0001000000
0000010000
0000100000
0000001000
0000010000
,
0000000100
0000001000
0000000100
0000010000
0000000100
0000100000
0000010000
0000100000
,
0000100000
0000010000
0000100000
0000010000
0000100000
0000010000
0000100000
0000010000
0000100000
0000010000
0000100000
0000010000
0000100000
0000010000
0000100000
0000010000
,
0001000000
0000010000
0001000000
0000010000
0001000000
0000010000
0000100000
0000001000
0000100000
0000001000
0000100000
0000001000
0000100000
0000000000
0000000100
0000000000
,
0000001000
0000000100
0000001000
0000010000
0001000000
0000100000
0000001000
0000010000
,
0000010000
0000010000
0001000000
0001000000
0000100000
0000100000
0010000000
0001000000
,
0010000000
0000000000
0000100000
0000000000
1000000000
0001000000
0010000000
0001000000
0100000000
0000000000
0010000000
0000000000
0100000000
0000000000
0001000000
0010000000
,
0000100000
0001000000
0000001000
0000010000
0000000100
0000000000
0000001000
0000000000
0000000010
0000000100
0000000001
0000001000
0000000100
0000000000
0000001010
0000000000
,
0000000100
0000000000
0000001000
0000000100
0000001000
0000000000
0000010000
0000000100
0000010000
0000000000
0000001000
0001000000
0000100000
0000000000
0010000000
0000000000
,
0002000000
0000000000
0000000000
0000000000
0000000000
0003000000
0000000000
0000000000
0100000000
0010000000
0100000000
0000100000
0100000000
0010000000
1000000000
0001000000
,
0010000000
0001000000
0000000000
0010000000
0000000000
0000000000
0000100000
0010000000
0000000000
0000010000
0000000000
0000000000
0001000000
0000001000
0000010000
0000000100
,
0000001000
0000000100
0000000000
0000001000
0000000000
0000000010
0000000100
0000000001
0000001000
0000000100
0000010000
0000001000
0000000100
0000001000
0000010000
0000100000
,
0001000000
0000100000
0010000000
0001000000
0100000000
0010000000
0100000000
0010000000
1000000000
0010000000
1000000000
0001000000
0010000000
0001000000
0010000000
0001000000
,
0100000000
0001000000
0100000000
0001000000
0010000000
0000100000
0010000000
0000100000
0001000000
0000001000
0000010000
0000000100
0000001000
0000000100
0000010000
0000000000
,
0000000010
0000000000
0000000100
0000000000
0000000001
0000000100
0000000001
0000000000
0000010000
0000000000
0000000100
0000000000
0000001000
0000000100
0000001000
0000000000
0000010000
0000100000
0000010000
0000000000
0000100000
0000000000
0000010000
0000000000
0000010000
0000000000
0001000000
0000000000
0000100000
0000000000
0010000000
0000000000
,
0001000000
0010000000
0001000000
0000000000
0100000000
0000000000
0001000000
0000000000
1000000000
0010000000
1000000000
0000000000
0000100000
0000000000
0010000000
0000000000
0001000000
0000000000
0001000000
0000000000
0100000000
0000000000
0100000000
0000000000
0010000000
0000000000
0010000000
0000000000
0100000000
0000000000
0001000000
0000000000
,
0010000000
0000100000
0001000000
0000000000
0001000000
0000000000
0000001000
0000000000
0000010000
0000001000
0000010000
0000000000
0000000100
0000000000
0000010000
0000000000
0000000010
0000000000
0000000100
0000000000
0000000001
0000000000
0000000001
0000000000
0000000100
0000000000
0000000100
0000000000
0000000010
0000000000
0000001000
0000000000
,
0000000001
0000000100
0000000001
0000000100
0000000001
0000000000
0000001000
0000000000
0000000100
0000000000
0000001000
0000000000
0000000100
0000000000
0000100000
0000000000
0000010000
0000000000
0001000000
0000000000
0000001000
0000000000
0000000000
0000000000
0001111000
0000000000
0000000000
0000000000
0000000000
0000000000
0000000000
0000000000
,
1011000000
0110100000
1011000000
0110100000
1011000000
0110100000
0100000000
0000000000
0001000000
0000000000
0010000000
0000000000
0000100000
0000000000
0001000000
0000001000
0001000000
0000000000
0000000000
0000001101
0000010110
0000001101
0000010110
0000001101
0000010110
0000000010
0000000000
0000000100
0000000000
0000000001
0000000000
0000000000
,
0000001000
0000000100
0000000000
0001000000
0000010000
0000100000
0000000000
0000001000
0000100000
0000001000
0000010000
0000000100
0000000000
0000001000
0000000010
0000000100
,
0000000001
0000010000
0000001000
0001000000
0000010000
0010000000
0000010000
0001000000
0000100000
0010000000
0000000000
0001000000
0100000000
0010000000
0000000000
0100000000
,
0000000000
0000100000
0100000000
0010000000
0000000000
1000000000
0001000000
0010000000
0000100000
0001000000
0000001000
0000010000
0000000100
0000001000
0000000000
0000000010
,
0000000100
0000000010
0000000000
0000001100
0000000000
0000000220
0000000000
0000000000
0000000330
0000000110
0000000000
0000001000
0000000100
0000001000
0000000010
0000000100
,
0000000001
0000001000
0000010000
0000100000
0001000000
0000100000
0001000000
0010000000
0000000000
1000000000
0100000000
0010000000
0000000000
0110000000
0000000000
1000000000
,
0010000000
1000000000
0000000000
0010100000
0000000000
0110000000
0000000000
0001000000
0010000000
0001000000
0000000000
0001000000
0010000000
0000100000
0000001000
0000000100
,
0000010000
0000000100
0000000000
0000010100
0000000000
0000000001
0000000100
0000000001
0000001000
0000000100
0000001000
0000000010
0000000001
0000000010
0000001000
0000000100
,
0000010000
0000001000
0000100000
0000010000
0002000000
0000200000
0000000000
0003000000
0000300000
0001100000
0000000000
0001100000
0000000000
0000100000
0001000000
0000100000
,
0001000000
0000100000
0001000000
0000100000
0001000000
0000100000
0001000000
0000100000
0001000000
0000100000
0001000000
0000100000
0001000000
0002200000
0000000000
0000000000
,
0000000000
0000000000
0000000000
0000000000
,
0000000000
0000000000
0000000000
0000000000
0000000000
0003300000
0000000000
0000000000
0000000000
0000000000
0000000000
0000000000
0000000000
0000000000
0000000000
0000000000
0000000000
0000000000
0000000000
0000000000
0000000000
0000000000
0000000000
0000000000
0000000000
0000000000
0000000000
0000000000
0000000000
0000000000
0000000000
0000000000
0000000000
0000000000
0000000000
0000000000
0000000000
0000000000
0000000000
0000000000
0000000000
0000000000
0000000000
0000000000
0000000000
0000000000
0000000000
0000000000
0000000000
0000000000
0000000000
0000000000
0000000000
0000000000
0000000000
0000000000
0000000000
0000000000
0000000000
0000000000
0000000000
0000000000
0000000000
0000000000