// measure 0
0000000000
0000000000
0000000000
0000000000
0000000000
0000000000
0000000000
0000000000
0000000000
0000000000
0000000000
0000000000
0000000000
0000000000
0000000000
0000000000
0000000000
0000000000
0000000000
0000000000
0000000000
0000000000
0000000000
0000000000
0000000000
0000000000
0000000000
0000000000
0000000000
0000000000
0000000000
0000000000
1000000000
0001000000
0010000000
0000000000
0001000000
0100000000
0000000000
0001000000
0010000000
0000100000
0001000000
0000001000
0000010000
0000000100
0000001000
0000000000
0000000100
0000000001
0000001000
0000000000
0000000010
0000001000
0000000000
0000000000
0000010000
0000000100
0000001000
0000001000
0000000010
0000000100
0000000001
0000010000
,  // measure 1
0000100000
0001000000
0010000000
0000000000
0000100000
0001000000
0000000000
0001100000
0000100000
0001000000
0010000000
0000000000
1000000000
0100000000
0010000000
0000000000
0001000000
0000000000
0100000000
0000000000
0001000000
0100000000
0000000000
0010000000
1000000000
0010000000
1000000000
0010000000
0100000000
0010000000
0100000000
0001000000
0010000000
0010000000
0000000000
0010000000
0000100000
0000000000
0001000000
0000001000
0000010000
0000010000
0000000000
0000000100
0000001000
0000000000
0000001100
0000000000
0000000001
0000000100
0000000001
0000000000
0000010000
0000000100
0000010000
0000000000
0000000001
0000000100
0000010000
0000000100
0000000001
0000000000
0000010000
0000000000
,  // measure 2
0000000010
0000000100
0000000000
0000000010
0000000100
0000001000
0001000000
0100000000
0010000000
1000000000
0000000000
1000000000
0010000000
0000100000
0000010000
0000000100
0000010000
0000000000
0000010000
0000000000
0000000001
0000000000
0000000001
0000000000
0000010100
0000000000
0000000101
0000000000
0000010000
0000000001
0000010000
0000000001
0000000100
0000000000
0000000000
0000000000
0000000001
0000000100
0000000001
0000000000
0000001000
0000000000
0000000100
0000000000
0000001000
0000000100
0000001000
0000000000
0000000010
0000000000
0000010000
0000000000
0000000100
0000000000
0000001000
0000000000
0001000000
0000000000
0000000000
0000000000
0000100000
0000000000
0000000000
0000000000
,  // measure 3
0010000000
0000000000
0000100000
0000000000
0100000000
0010000000
0100000000
0000000000
0001000000
0000000000
1000000000
0000000000
0000100000
0010000000
0000100000
0000000000
1000000000
0010000000
1000000000
0001000000
0010000000
0000000000
0001000000
0000000000
0100000000
0000000000
0100000000
0000000000
0001000000
0000000000
0010000000
0000000000
0011000000
0000000000
0000000000
0000000000
0000100000
0010000000
0000100000
0000000000
1000000000
0000000000
0010000000
0000000000
0100000000
0010000000
0100000000
0000000000
0001000000
0010000000
0001000000
0010000000
0000100000
0000000000
0001000000
0000000000
0000001000
0000000000
0000010000
0000000000
0000000100
0000001000
0000000100
0000001000
,  // measure 4
0000000100
0000000000
0000000000
0000000000
0000000110
0000000000
0000000000
0000000000
0000010100
0000000000
0000000000
0000000000
0000000101
0000000000
0000000000
0000000000
0000000001
0000000000
0000000100
0000000000
0000000001
0000000000
0000001000
0000000000
0000000100
0000000000
0000000100
0000000000
0000001000
0000000000
0000000010
0000000000
0000000100
0000000000
0000000001
0000000000
0000001000
0000000100
0000010000
0000010000
0000000100
0000001000
0000000010
0000000100
0000000001
0000000000
0000000101
0000000000
0000010000
0000000000
0000001000
0000000000
0001000000
0000100000
0010000000
0000100000
0100000000
0010000000
1000000000
0001000000
0010000000
0000000000
0011000000
0000000000
,  // measure 5
0100000000
0000000000
0000100000
0010000000
0000100000
0000000000
0001000000
0000000000
0000001000
0000000000
0000010000
0000000100
0000010000
0000000000
0000010000
0000000000
0000000010
0000000000
0000000010
0000000000
0000001000
0000000000
0000001000
0000000000
0000000010
0000001000
0000000010
0000001000
0000000001
0000010000
0000000001
0000010000
0000000002
0000000000
0000000000
0000000000
0000000000
0000000000
0000000000
0000000000
0000000000
0000000000
0000000000
0000000000
0000000000
0000000000
0000000000
0000000000
0000000000
0000000000
0000000000
0000000000
0000000000
0000000000
0000000000
0000000000
0000000000
0000000000
0000000000
0000000000
0000000000
0000000000
0000000000
0000000000
,  // measure 6
0000000000
0000000000
0000000000
0000000000
0000000000
0000000000
0000000000
0000000000
0000000000
0000000000
0000000000
0000000000
0000000000
0000000000
0000000000
0000000000
0000000000
0000000000
0000000000
0000000000
0000000000
0000000000
0000000000
0000000000
0000000000
0000000000
0000000000
0000000000
0000000000
0000000003
0000000000
0000000000
0000001000
0000000100
0000010000
0000000100
0000001000
0000001000
0000000100
0000100000
0000010000
0000010000
0001000000
0000010000
0001000000
0000100000
0010000000
0010000000
0001000000
0010000000
0000100000
0000100000
0100000000
0010000000
0100000000
0100000000
0000100000
0010000000
0000100000
1000000000
0000100000
0000100000
0100000000
0010000000
,  // measure 7
1000000000
0010000000
1000000000
0000000000
0000100000
0000000000
0010000000
0000000000
0001000000
0010000000
0001000000
0000000000
0010000000
0000000000
0000100000
0000000000
0001000000
0000001000
0001000000
0000000000
0000001000
0000000000
0000010000
0000000000
0000000100
0000000000
0000000100
0000000000
0000001000
0000000000
0000000100
0000000000
0000010000
0000000100
0000010000
0000000100
0000001000
0000000000
0000000010
0000000000
0000000100
0000000000
0000000100
0000000000
0000000001
0000000000
0000000001
0000000000
0000001000
0000000000
0000000010
0000000000
0000010000
0000000000
0000000001
0000000000
0000000100
0000000000
0000000001
0000000000
0000010000
0000000000
0000000000
0000000000
,  // measure 8
0000001001
0000000000
0000000000
0000010010
0000000000
0000000000
0000001001
0000000000
0000000000
0000000000
0000000000
0000000000
0000000000
0000000000
0000000000
0000000000
0000001001
0000000000
0000000000
0000010010
0000000000
0000000000
0000001001
0000000000
0000000000
0000000000
0000000000
0000000000
0000000000
0000000000
0000000000
0000000000
1001000000
0000000000
0000000000
0100100000
0000000000
0000000000
1001000000
0000000000
0000000000
0000000000
0000000000
0000000000
0000000000
0000000000
0000000000
0000000000
1001000000
0000000000
0000000000
0100100000
0000000000
0000000000
1001000000
0000000000
0000000000
0000000000
0000000000
0000000000
0010000000
0000000000
0000000000
0000000000
,  // measure 9
0100000000
0000000000
0010000000
0000000000
1000000000
0010000000
0100000000
0001000000
0010000000
0000000000
0000100000
0010000000
0000000000
0000000000
0010100000
0000000000
0000110000
0000000000
0001000000
0000001000
0000100000
0000000000
0000010000
0000100000
0000000100
0000000000
0000001000
0000000000
0000000100
0000000000
0000001100
0000000000
0000001010
0000000000
0000000001
0000001000
0000000100
0000000000
0000010000
0000000010
0000000100
0000000000
0000000010
0000000000
0000001100
0000000000
0000000100
0000000001
0000010000
0000000000
0000010000
0000000000
0000000100
0000000000
0000000100
0000000000
0000100000
0000000000
0000010000
0000000000
0010000000
0000100000
1000000000
0010000000
,  // measure 10
1000000000
0000000000
0001000000
0010000000
0001000000
0000000000
0100000000
0010000000
0100000000
0000000000
0000100000
0010000000
0000010000
0000000000
0000110000
0000000000
0001001000
0000000000
0001000000
0000001000
0000100000
0000000000
0000010000
0000100000
0000000100
0000000000
0000010000
0000000000
0000000100
0000000000
0000010000
0000000000
0000010100
0000000000
0000001000
0001000000
0000010000
0000000000
0001000000
0000100000
0010000000
0000000000
0000100000
0100000000
0010000000
0000000000
1000000000
0000000000
0002000000
0000000000
0000000000
0000000000
1003000000
0000000000
0100100000
0000000000
0100000000
0000100000
0100000000
0000100000
1000000000
0001000000
0010000000
0000100000
,  // measure 11
0002000000
0000002000
0000000000
0000000000
0000000000
0000000000
0000000000
0000000000
0000000000
0000000000
0000000000
0000000000
0000000000
0000000000
0000000000
0000000000
0000000000
0000000000
0000000000
0000000000
0000000000
0000000000
0000000000
0000000000
0000000000
0000000000
0000000000
0000000000
0000000000
0000000000
0000000000
0000000000
0000000000
0000000000
0000000000
0000000000
0000000000
0000000000
0000000000
0003003000
0000000000
0000000000
0000000000
0000000000
0000000000
0000000000
0000000000
0000000000
0000000000
0000000000
0000000000
0000000000
0000000000
0000000000
0000000000
0000000000
0000000000
0000000000
0000000000
0000000000
0000000000
0000000000
0000000000
0000000000