00000
00000
00000
00000
,
00000
00000
00000
00000
,
00000
00000
00000
00000
,
00000
00000
00000
00000
,
00100
00000
00100
00000
,
01000
00000
00010
00000
,
01000
00010
01000
00000
,
00100
10000
00010
00100
,
00001
01000
00100
00000
,
10000
00000
00001
00000
,
10000
00001
00100
00000
,
00010
01000
00100
10000
,
00001
00100
00010
01000
,
00002
00003
01000
00010
,
20000
00000
00000
30000
,
00010
10000
00010
00100
,
00002
00000
02000
00000
00003
03000
00000
00000
,
01000
00001
01000
00100
,
20000
00000
00020
00000
30000
00030
00000
00000
,
00200
00000
00000
00300
,
00001
00000
10000
00000
,
00001
10000
00001
10000
,
00002
00000
00000
00003
,
02000
03000
00200
00300
,
20000
00000
00000
30000
,
00020
00030
00200
00300
,
00002
00000
00000
00003
,
01000
00100
01000
00010
,
00200
00000
00000
00300
,
00010
00100
00010
01000
,
00200
00000
00000
00300
,
01000
00000
00010
00000
,
01000
00010
00100
00001
,
10000
00100
01000
00010
,
00200
00000
00000
00300
00002
00000
00000
00003
,
20000
00000
00000
30000
00200
00000
00000
00300
,
02000
00000
00000
00000
00000
03000
00000
00000
,
02020
00000
00000
00000
00000
00000
00000
00000
00000
00000
00000
03030
00000
00000
00000
00000
,
01000
00001
00100
00010
,
20000
00000
00000
30000
,
00010
10000
00100
01000
,
00002
00000
00000
00003
,
20000
30000
00002
00003
,
10000
00001
00100
00010
,
01000
00100
10000
00001
,
02000
00000
00000
03000
00020
00000
00000
00030
,
20000
00000
00000
30000
00002
00000
00000
00003
,
00200
00000
00000
00300
00020
00000
00030
00000
,
01000
00010
01000
00010
,
02020
00000
00000
03030
00000
00000
01010
00000
,
02020
00000
00000
03030
00000
00000
00000
00000
,
00010
01000
00010
01000
,
00100
10000
00001
00100
,
00020
00030
10000
00100
,
02000
03000
00001
00100
,
00020
00030
10000
00100
,
02000
03000
00001
00100
,
00010
01000
00100
10000
,
00100
01000
00010
00100
,
00001
10000
00100
01000
,
00020
00030
10000
00100
,
02000
00000
00000
03000
,
00001
00100
00010
00100
,
00001
20000
00000
30000
,
00100
01000
00100
10000
,
00001
00000
00200
00000
00000
00000
00000
00300
,
00010
00000
00000
00000
,
02000
00000
00000
03000
00002
00000
00000
00003
,
20000
00000
00000
30000
00020
00000
00000
00030
,
00200
00000
00000
00000
00000
00300
00010
00000
,
00020
00000
00000
00030
00200
00000
00000
00300
,
00002
00000
00003
01000
,
02000
00000
00000
03000
00200
00000
00000
00300
,
20000
00000
30000
00100
,
10000
00001
00100
00010
,
02000
00000
00000
03000
,
00010
01000
00100
10000
,
00002
00000
00000
00003
,
20000
30000
00002
00003
,
10000
00100
10000
00010
,
01000
00100
01000
00001
,
00200
00000
00000
00300
00020
00000
00000
00030
,
02000
00000
00000
03000
00200
00000
00000
00300
,
20000
00000
00000
30000
00002
00000
00000
00003
,
00200
00000
00000
00300
,
00010
00100
00001
10000
,
00100
01000
00100
10000
,
00001
00100
00010
01000
,
00100
00000
01010
00000
,
20002
00000
00000
00000
,
00000
00000
00000
00000
,
00000
00000
00000
00000
,
00000
00000
00000
00000
,
30003
00000
00000
00000