00000
00000
00000
00000
,
00002
00000
00000
00000
,
00000
00000
00000
00003
,
20000
00000
00000
30000
,
00100
00100
00100
00100
,
01000
00000
00010
00000
01000
00010
01000
00000
,
00010
01000
00100
10000
00001
00000
10001
00000
,
01000
00010
10000
00100
01000
00001
00100
00010
,
10000
00100
01000
00010
00100
00001
10000
00000
,
00020
00000
00000
00030
02000
00000
00000
03000
,
00010
01000
01100
00110
,
00010
01000
00100
10000
,
00001
00100
00010
01000
00100
10000
00001
00100
,
00020
00000
00000
00030
20000
30000
00002
00003
,
02000
00000
00000
03000
,
01000
00001
01000
00100
01000
00001
01000
00100
,
20000
00020
30000
00030
,
00010
10000
00010
00100
00010
10000
00010
00100
,
00002
02000
00003
03000
,
01001
01100
01010
00110
,
10010
00000
01001
00000
,
00020
00000
00030
10000
00002
00000
00003
01000
,
00001
00100
00010
01000
00100
10000
00001
00100
,
00020
00100
02030
00100
,
03002
00000
00003
00101
,
02000
00100
03020
00100
,
20030
00000
00000
00000
30000
00000
00100
10000
,
00010
01000
00100
10000
00001
00100
00010
01000
,
00200
00000
00000
00000
00300
00000
01000
00001
,
01000
00010
00100
00001
10000
00100
01000
00010
,
00200
00000
00000
00000
00000
00300
00001
00100
,
00010
01000
00100
00000
01000
00010
00100
00000
,
00010
00100
00010
00100
00001
10000
00100
01000
,
00010
00100
00010
00100
00001
10000
00100
01000
,
00020
00000
00000
00030
02000
00000
00000
03000
,
00002
00000
00000
00003
20000
00000
00000
30000
,
00001
10000
00100
10000
00001
00100
00010
01000
,
02020
00000
00000
00000
,
03030
00000
10000
00010
01000
00001
00100
00010
,
10000
00100
01000
00001
00200
00000
00000
00000
,
00300
00000
00001
01000
00010
10000
00100
01000
,
00001
00100
00010
10000
00200
00000
00000
00000
,
00300
00000
10000
00010
10000
00100
01000
00000
,
00001
00100
00010
00000
10000
00100
01000
00010
,
00100
00001
10000
00100
01000
00010
00100
00001
,
10000
00100
01000
00010
00200
00000
00000
00300
,
00002
00000
00000
00003
20000
00000
00000
30000
,
00020
00000
00000
00030
02000
00000
00000
03000
,
00200
00300
10100
10001
,
00101
00000
00000
10001
00000
00000
01000
00100
10000
00001
00100
00010
,
01000
00100
10000
00001
00100
00010
10000
00100
01000
00010
00100
00001
,
10000
00000
00100
00000
01000
00000
00010
00000
00100
00000
00001
00000
10000
00000
00000
00000
00000
00000
10100
00000
00000
00010
00000
00000
,
00100
00001
01000
00100
10000
00000
10100
00000
,
00001
00101
10001
00000
,
10100
00110
01001
00000
,
00101
01100
10010
00000
,
10100
10100
00110
00000
,
00101
00101
01100
00000
,
10100
00000
10100
00000
00110
00000
00100
00001
,
01000
00000
00100
10000
00010
00000
00100
00001
,
01000
00000
01100
00000
10000
00100
01000
00000
,
00010
00100
00001
00000
10000
00100
01000
00010
,
00100
00001
10000
00000
00010
00100
00001
00100
,
00010
00100
00001
00100
00010
00000
01010
00000
,
00010
01000
00100
00000
01000
00100
10000
00100
,
01000
00100
10000
00100
01000
00000
01010
00000
,
01000
00010
00100
00000
10010
00000
10100
00000
,
10001
00101
02002
03003
,
20020
00000
30030
00000
00002
00000
00003
01000
,
00020
00000
00030
10000
00001
01000
00100
10000
,
00001
01000
00100
10000
00020
00000
00100
00000
,
02030
00100
03002
00000
,
00003
00101
02000
00100
,
03020
00100
20030
00000
,
30000
00000
00010
10000
00001
00100
00010
01000
,
00100
10000
00001
00100
00020
00000
00000
00000
,
00030
00000
10000
00010
01000
00100
10000
00001
,
00100
00010
01000
00100
20000
00000
00000
00000
,
30000
00000
00010
01000
00001
00100
00001
00000
,
10000
00100
10000
00000
00001
00100
00001
01000
,
00001
00100
00001
01000
00010
00100
00010
10000
,
00010
00100
00010
10000
00200
00000
00000
00300
,
02000
00000
00000
03000
00020
00000
00000
00030
,
00200
00000
00000
00300
00002
00000
00000
00003
,
20000
00000
00000
30000
00200
00000
00000
00000
,
00000
00000
00000
00300
00000
00000
01000
00100
10000
00001
00100
00010
,
01000
00100
10000
00001
00100
00010
10000
00100
01000
00010
00100
00001
,
10000
00000
00100
00000
01000
00000
00010
00000
00100
00000
00001
00000
10000
00000
00000
10000
00000
00000
00100
00000
00000
00100
00000
00000
,
01000
01000
00010
00010
00200
00000
00300
00000
,
02020
03030
20002
00000
,
00000
00000
00000
00000
,
00000
00000
00000
00000
,
00000
00000
00000
00000
,
00000
00000
30003
00000