00000
00000
00000
00000
,
20000
00000
00000
00000
,
00000
00000
00000
00000
,
00002
00000
00000
30003
,
10000
00001
10000
00001
,
10000
00001
10000
00001
00100
00001
00100
00001
,
00010
00001
00010
00001
00010
00100
00010
00100
,
00010
10000
00010
10000
00100
10000
00100
10000
,
01000
10000
01000
10000
01000
00100
01000
00100
,
00001
00100
00001
00100
00001
01000
00001
01000
,
00100
01000
00100
01000
10000
01000
10000
01000
,
10000
00100
10000
00100
10000
00001
10000
00001
,
00100
00110
01010
01100
,
01000
00010
01000
00010
10000
00001
10000
00001
,
01000
10000
01000
10000
00010
00001
00010
00001
,
00100
00010
00001
00010
00100
01000
10000
01000
,
00100
00000
10010
00000
00010
10000
01000
10000
,
00100
01000
10000
01000
00100
00010
00001
00010
,
00100
00000
01001
00000
01000
00010
00100
00001
,
10100
00000
00000
00000
00000
00000
00000
10001
00000
00000
00000
00000
00000
00000
00101
00000
00000
00000
00000
00000
00000
10001
00000
00000
00000
00000
00000
00000
10000
00000
00000
00000
,
01000
00100
01000
10000
01000
00100
01000
10000
,
01000
00100
00010
00001
00010
00100
00010
00001
,
00100
00001
00100
10000
00100
10000
00100
10000
,
00010
00100
00010
10000
00010
00100
00010
20000
,
00000
00000
00000
30010
00000
00100
00000
00001
,
01000
00100
01000
00001
01000
00100
01000
00002
,
00000
00000
00000
01003
00000
00001
00100
00001
,
01000
10000
01000
00001
01000
10000
01000
00002
,
00000
00000
00000
00000
00003
10000
00100
10000
,
00010
00001
00010
10000
00010
00001
00010
20000
,
00000
00000
00000
00000
30000
01000
00100
00010
,
00010
01000
00100
00010
00010
00001
00100
00010
,
00001
00100
10000
01000
00100
00010
00001
00100
,
10000
01000
00100
00010
00001
00100
10000
10200
,
00000
00000
00000
00300
00000
00000
02100
00000
00000
00000
00000
03000
00000
00000
01020
00000
,
00000
00000
00000
00030
00000
00000
00210
00000
00000
00000
00000
00300
00000
00000
00001
00000
,
10000
00000
00001
00000
10000
00000
00001
00000
10000
00000
00001
10000
00001
10000
00200
00000
,
00000
00000
00000
00000
00300
01000
00010
00100
,
00100
00100
00100
00100
00100
00100
00100
00200
,
00000
00000
00000
00000
00300
00010
01000
00100
,
00100
00100
00100
00100
00100
00100
00100
00200
,
00000
00000
00000
00000
00300
01000
00010
00100
,
00100
00010
01000
00100
00100
01000
00010
10000
,
00100
00001
00010
00100
01000
10000
00100
00001
,
00010
00100
01000
10000
00100
00001
00010
20010
,
00000
00000
00000
30000
00000
00000
12000
00000
00000
00000
00000
03000
00000
00000
01200
00000
,
00000
00000
00000
00300
00000
00000
00120
00000
00000
00000
00000
00030
00000
00000
02010
00000
,
00000
00000
00000
03000
00000
00000
01200
00000
00000
00000
00000
00300
00000
00000
00100
00000
,
00010
00001
00100
00001
00000
00011
00000
00001
,
00010
00100
01000
00010
00100
01000
10000
00010
,
00001
00100
10000
00001
00100
10000
01000
00010
,
00001
00010
00100
01000
10000
01000
00100
00110
,
00000
01100
00000
10100
00000
00101
00000
02001
,
00000
00000
00000
10000
00000
00100
03000
00020
,
00000
00000
00000
00001
00000
00100
00030
02000
,
00000
00000
00000
10000
00000
00100
03000
00010
,
00100
00010
00001
00010
00100
00010
10000
00100
,
10000
01000
10000
00100
10000
00010
00100
00001
,
00010
00100
00010
10000
00100
10000
01000
00001
,
00100
00001
00010
00011
00000
00101
00000
00010
,
01000
00010
01000
00001
10000
00001
10000
00010
,
00001
00010
00001
01000
10000
01000
10000
00100
,
01000
10000
01000
00100
00010
00001
00010
00100
,
00000
01001
00000
01000
00001
00010
00001
00100
,
00010
00001
00010
00100
01000
10000
01000
00100
,
00000
10010
00000
00010
01000
00100
10000
00101
,
00000
00000
00000
10001
00000
00000
00000
00000
00000
00000
10100
00000
00000
00000
00000
00000
00000
10001
00000
00000
00000
00000
00000
00000
00001
00000
00000
00000
00010
00000
00000
00000
,
00100
00010
00001
00010
00100
00010
00001
00010
,
00100
01000
10000
01000
00100
01000
10000
00100
,
10000
00100
00001
00100
00001
00100
00001
01000
,
00100
01000
00001
01000
00100
01000
00001
00001
,
00100
00001
10000
00001
10000
00100
10000
00010
,
00100
00010
10000
00010
00100
00010
10000
10000
,
00100
10000
00100
00100
10000
01000
10000
00010
,
00001
00010
01000
00001
00010
00001
10000
10000
,
00100
00001
00010
00100
00001
00010
00001
01000
,
10000
01000
00010
10000
01000
10000
00001
00001
,
01000
00100
01000
10000
00010
00100
01000
01000
,
00010
00100
01000
01000
10000
00100
01000
10000
,
00100
00001
00010
00100
01000
10000
00100
00001
,
00010
00100
01000
10000
00100
00001
00102
00000
,
00000
00003
00000
00000
00021
00000
00000
00000
00000
00030
00000
00000
00210
00000
00000
00000
,
00000
00300
00000
00000
02100
00000
00000
00000
00000
03000
00000
00000
01020
00000
00000
00000
,
00000
00030
00000
00000
00210
00000
00000
00000
00000
00300
00000
00000
02100
00000
00000
00000
,
00000
00000
13000
00000
11000
00000
10000
01000
,
00100
00010
01000
00100
00010
00001
01000
10000
,
00100
00001
10000
00100
00001
00010
10000
01000
,
00001
01000
10000
01000
00001
01000
22000
00000
,
00000
03000
00000
00000
00002
00000
00000
00000
00000
30000
00000
00000
00020
00000
00000
00000
,
00000
00000
00000
00000
,
00000
00000
00000
00000
,
00000
00000
00000
00000
,
00000
00000
00000
00000
,
00000
00000
00033
00000