00000
00000
00000
00000
,
20002
00000
00000
00000
00000
00000
00000
30003
,
00000
00000
00000
00000
,
20002
00000
00000
00000
00000
00000
00000
30003
,
10001
10001
00100
01010
,
01000
00100
01000
00001
00100
00010
00100
00001
,
10000
00100
10000
00010
01000
00100
01000
10000
,
00010
00100
01000
00001
10000
00100
00001
01000
,
00001
00100
10000
00010
01000
00100
00010
10000
,
01000
00000
00010
00000
10000
00100
00010
00100
,
01000
00000
00001
00000
01000
00100
00001
00100
,
01000
00000
00100
00000
10000
00100
10000
00000
,
00110
00110
01100
01100
,
00002
01000
01003
00010
,
20000
00010
30010
01000
,
00001
00010
00100
01000
10000
01000
00100
00010
,
00001
10000
00110
01100
,
10000
01000
00100
00010
00001
00010
00100
01000
,
10000
00001
01100
00110
,
01010
01010
01100
01010
,
00110
01010
00100
10001
,
00100
00000
10000
00001
10000
00001
01000
01000
,
00010
00100
00010
00000
10000
00000
01000
00000
10000
00000
00100
00000
10000
00000
00010
00000
,
10000
00001
00010
00100
00010
00001
00010
00100
,
00010
00001
10000
01000
10000
00100
10000
00010
,
10000
00001
00010
00100
00010
00001
10000
01000
,
00100
00000
00010
00000
00100
00010
01000
00000
00100
01000
00010
00000
01000
00100
10000
00000
,
00001
01000
00200
00000
00000
00000
00300
00000
,
00100
00000
01000
00000
00100
10000
00100
00000
10000
00001
00100
00010
01000
00100
10000
00001
,
01000
00010
00200
00000
00000
00000
00300
00000
,
00010
00100
01000
00100
00001
00000
00001
00000
10000
00000
10000
00000
00010
00000
00010
00000
,
01000
01000
00010
00001
01000
10000
00001
00100
,
00001
01000
00010
00001
01000
10000
00001
00100
,
00001
00000
01000
00000
00200
00000
00000
00000
10000
00000
10000
00300
00002
00000
00000
00000
,
00100
00000
00100
00003
00020
00000
00000
00000
01000
00000
01000
00030
00200
00000
00000
00000
,
10000
00000
10000
00300
02000
00000
00000
00000
10000
00000
00000
00000
00100
00000
10000
00000
,
03100
10000
00200
00000
00000
00300
01000
01000
,
00010
00000
00010
00000
01000
00100
01000
00000
00010
00100
00010
00000
20000
00000
00000
00000
,
00100
00100
00000
00000
30001
00000
00001
00001
,
10000
00000
10000
00000
00001
00100
00001
00000
10000
00100
10000
00000
00020
00000
00000
00000
,
00100
00000
00100
00000
00000
00000
00000
00030
00100
00001
01000
00100
10000
00000
10000
00000
,
00010
00100
01000
01000
00100
00010
01000
10000
,
00010
00001
01000
00100
10000
00010
00100
00001
,
00010
10000
01000
00010
00001
00100
20200
00000
,
00000
00000
00000
30300
02020
00000
00000
00000
00000
00000
00000
03030
00202
00000
00000
00000
,
00000
00000
00000
00303
02020
00000
00000
00000
00000
00000
00000
03030
10010
00000
00000
00000
,
00000
00000
00000
01001
,
01001
00000
00000
00000
00000
00000
00000
00000
10010
00000
00000
00000
00000
00000
00000
00000
01001
00000
00000
00000
00000
00000
00000
00000
10010
00000
00100
10000
00010
00000
01001
00000
,
01001
00000
00100
00001
01000
00000
10010
00000
10010
00100
01000
00001
00100
00010
10000
00100
10010
00000
00100
00000
00001
00000
10000
00000
00001
00000
00000
00000
00000
00000
00000
00000
,
00100
00000
00000
00000
00010
00000
00000
00000
01000
00000
00000
00000
00000
00000
00000
00000
01100
00000
00000
00000
00000
00000
00000
00000
01000
00000
00100
10000
00001
00000
00101
00000
,
00001
00000
00100
00010
10000
00000
10100
00000
,
10000
00000
00100
01000
00001
00000
00101
00000
00101
00000
00000
00000
00000
00000
00000
00000
00100
00000
00000
00000
00001
00000
00000
00000
01000
00000
00000
00000
00010
00000
00000
00000
,
10000
00000
00000
00000
01000
00000
00000
00000
00001
00000
00010
00100
00001
00000
00000
00000
00000
00000
00000
00000
00010
00000
00000
00000
00100
00000
00000
00000
01000
00000
00010
00100
,
02000
00000
00000
00000
03000
00000
00000
00000
20000
30000
00002
00000
00000
00000
00000
00000
00003
00000
00100
00000
00000
00000
00001
00000
00000
00000
00010
00000
00000
00000
00100
00000
,
00000
01000
00000
00010
00000
20000
00000
00000
30000
00100
00000
10000
00000
01000
00000
00100
,
00000
00010
00000
01000
00000
00001
00000
00010
00000
00100
00000
01000
00000
10000
01000
00100
,
00010
00001
00000
10000
00000
00010
00000
00000
00000
01000
00000
00000
00000
00100
00000
10000
,
00000
00001
00000
00000
00000
10000
00000
01000
00000
00100
00000
00010
00000
00001
00010
00100
,
01000
10000
00000
00001
00000
01000
00000
00000
00000
00010
00000
00000
00000
00100
00000
00001
,
00000
10000
00000
00100
00000
01010
00000
00000
00000
00000
00000
00000
00000
00000
00000
00000
,
00000
00000
00000
00000
00000
01010
00000
00010
00000
00100
00000
00010
00000
10000
00000
01000
,
00000
00100
00000
00010
00000
01000
00000
00001
00000
01000
00000
00001
00000
00100
00000
00010
,
00000
10000
00000
00100
00000
01000
00000
01000
00000
00010
00000
00010
00000
10000
00000
00001
,
00000
10000
00000
00001
00000
01001
00000
00001
00000
00100
00000
00001
00000
01000
00000
00100
,
00000
10000
00000
00010
00000
10010
00000
00010
00000
00100
00000
00010
00000
10000
00000
00100
,
00000
10000
00000
00001
00000
01001
00000
00001
00000
00100
00000
00001
00000
01000
00000
00100
,
00000
10000
00000
00010
00000
10010
00000
00010
00000
00100
00000
00010
00000
10000
00100
10000
,
00100
10000
00100
10000
00000
01000
00000
00100
00000
00010
00000
00100
00000
00001
00010
00100
,
01000
10000
01000
00100
00010
00002
00000
00000
00000
00000
00000
00000
00003
00000
00000
00000
,
00000
00100
00000
00001
00000
00010
00000
00100
00000
01000
00000
00100
00000
10000
01000
00100
,
00010
00001
00010
00100
01000
20000
00000
00000
00000
00000
00000
00000
30000
00000
00000
00000
,
00000
00100
01000
10000
01000
00010
00000
00010
00000
01000
00000
00100
00000
10000
00000
10000
,
00000
00001
00000
00100
00000
00010
00000
00001
00000
01000
00000
10000
00000
00001
00000
00100
,
00000
10000
00000
00100
00000
00010
00000
00001
00000
01000
00000
10000
00000
00001
00000
00100
,
00000
10000
00000
00100
00000
00010
00000
00001
00000
00010
00000
00001
00000
01000
00000
10000
,
00000
01000
00000
10000
00000
00001
00000
00100
00000
00001
00000
00100
00000
10000
00000
00100
,
00000
10000
00000
00100
00000
00010
00000
01000
00000
00010
00000
01000
00000
00001
00000
10000
,
00000
00001
00000
10000
00000
00010
00000
00100
00000
01000
00000
10000
00000
01000
00000
00100
,
00000
00010
00000
00001
00000
01000
00000
00100
00000
00010
00000
10000
00000
00001
00000
00010
,
00000
00100
00000
01000
00000
00001
00000
00100
00000
10000
00000
01000
00000
00010
00000
00100
,
00000
01000
00000
10000
00000
00001
00000
00100
00000
00001
00000
10000
00000
00010
00000
00100
,
00000
00010
00000
01000
00000
11000
00000
00000
00000
00000
00000
00000
00000
00100
00000
00000
,
00000
00000
00000
00000
00000
00022
00000
00000
00000
00000
00000
00000
00000
00000
00000
00000
,
00000
00000
00000
00000
,
00000
00033
00000
00000