00000
00000
00000
00000
,
20200
00000
00000
00000
00000
00000
00000
00000
00000
00300
30000
00000
00100
10000
00010
00100
,
00020
00000
00000
00030
00002
00000
00000
00003
02000
00000
00000
03000
20000
00000
00000
30000
,
00002
00200
00000
00000
00000
00000
00000
00000
00000
00300
00003
00000
00100
00001
01000
00100
,
02000
00000
00000
03000
20000
00000
00000
30000
00020
00000
00000
00030
00002
00000
00000
00003
,
00100
00001
10000
00010
00001
00010
00100
00001
,
10000
00010
10000
00001
01000
00100
01000
00001
,
00100
00001
01000
00000
00100
00000
10000
00000
00100
10000
00010
00000
00100
00000
00001
00000
,
00100
00001
01000
00000
00100
01000
00010
00000
00100
00010
10000
00100
01000
00000
00001
00000
,
01001
00000
01000
00010
00001
00000
00001
00010
,
01000
00000
01000
00000
00010
00000
00010
01000
,
00010
00100
00001
00010
00001
00100
00010
01000
,
01010
00110
10010
10100
,
10001
00100
01000
00010
01000
00100
10000
00001
,
01000
00010
00100
00010
01000
00001
10000
00100
,
01000
00100
01000
00100
10000
00001
10000
00001
00100
00010
00100
00010
01000
00100
10000
00001
,
00200
00000
00310
00000
00010
10000
00001
00100
,
00010
00100
00010
00100
00001
10000
00001
10000
00100
01000
00100
01000
00010
00100
00001
10000
,
00200
00000
01300
00000
00010
00100
00001
10000
,
10101
00000
00000
00000
00000
00000
00000
10110
00000
00000
00000
00000
00000
00000
01110
00000
00000
00000
00000
00000
00000
01101
00000
00000
00000
00000
00000
00000
10001
00000
00000
00000
,
00100
00000
00010
00000
01000
00000
00001
00000
01000
00000
00010
00000
10000
00000
00100
10000
,
00100
10000
01000
00000
10000
00000
00100
01000
00100
01000
10000
00000
00100
00000
00001
00000
,
00100
00000
00010
00000
01000
00000
00100
00000
10000
00000
00100
01000
00010
00100
00001
00000
,
00010
00100
01000
10000
01000
00100
00010
00002
,
00000
00000
00000
10003
00000
00100
00000
10000
,
01000
00100
00010
00001
00010
00100
01000
20000
,
00000
00000
00000
00000
30000
00000
01000
10000
01000
10000
00100
01000
00100
01000
00001
00100
,
00001
00000
10000
00100
10000
00000
00010
00100
00010
00000
01000
00100
01000
00000
00002
00000
,
00000
00000
00000
00000
00000
00000
00003
00000
00010
00100
01000
00000
00010
00000
00100
00000
,
01000
00000
10000
01000
00100
01000
10000
01000
00100
01000
10000
01000
00100
01000
20000
00000
,
00000
00000
00000
00000
00000
00000
00000
00000
30000
00000
01000
00100
01000
00100
00010
00000
,
00010
10000
00010
01000
01000
00001
01000
00010
,
00100
01000
10000
00001
00100
10000
01000
00010
,
00100
01000
10000
00001
00100
10000
01000
00020
,
00000
00000
00000
00002
00000
00000
00030
00200
,
00000
00000
00003
02000
00000
00000
00300
20000
,
00000
00000
00000
00000
00000
00000
00000
00000
00000
00000
00000
00000
00000
00000
00000
00000
00000
00000
00000
00000
00000
03000
00000
00000
30000
00000
00000
00000
00000
00000
00100
00000
00000
00000
00000
00000
00001
00000
00000
00000
00000
00000
01000
00000
00100
00000
01000
00000
,
00100
00000
01000
00000
00100
00000
02000
00000
00000
00000
00000
00000
00000
00000
00000
00000
00000
00000
00000
00000
00000
00000
00000
00000
03000
00000
00000
00000
00000
00000
00100
00000
00000
01000
00000
00000
00010
00000
00000
00000
00000
00000
00100
00000
00000
00000
00000
00000
,
00100
00100
00100
00100
00100
00100
00100
00200
,
00000
00000
00000
00000
00000
00000
00000
00000
00300
00000
00100
00010
01000
00000
00100
00000
,
00100
00100
00100
00100
00100
00100
00100
00200
,
00000
00000
00000
00000
00000
00000
00000
00000
00300
00000
00100
01000
00010
00100
00001
00000
,
00001
01000
00100
10000
10000
00001
00001
01000
,
00100
00010
00001
10000
00100
00001
00010
01000
,
00100
00010
00001
10000
00100
00001
00010
20000
,
00000
00000
00000
02000
00000
00000
30000
00200
,
00000
00000
03000
00020
00000
00000
00300
02000
,
00000
00000
00030
00200
00000
00000
03300
01100
,
00000
00000
01100
00000
01100
00000
01000
00100
01000
00100
01000
00100
01000
00100
10000
01000
,
10000
01000
00100
00010
00100
00010
01000
00100
01000
00100
00010
00001
00010
00001
00100
00010
,
00100
00010
01000
00100
01000
00100
10000
01000
10000
01000
00100
00010
00100
00010
01000
00000
,
10000
00100
00001
00010
00100
01000
00100
10010
,
00000
10100
00000
10010
00000
00110
00000
10020
,
00030
00100
00001
01000
00000
01100
00000
10010
,
00100
01000
00010
10000
01000
10000
00100
02001
,
03000
00100
10000
00010
00000
00110
00000
01001
,
00100
01000
10000
00100
00001
10000
00100
01001
,
00100
10000
01000
00100
00010
01000
00100
10010
,
00100
00001
00100
01001
00100
10000
00100
10010
,
00100
00001
01000
01100
00000
10010
00000
01010
,
00100
10000
00100
01000
00010
10000
00100
01000
,
00001
00000
10000
00000
00100
00000
10000
00000
00010
00000
00100
00000
00001
00000
01000
00100
,
01000
00010
00100
00010
00001
00010
00100
00010
01000
00100
01000
10000
01000
00100
00020
00000
,
00000
00000
00031
00000
00000
00000
00001
00000
01000
00000
00001
00000
00100
00000
00010
00100
,
00010
01000
00100
01000
10000
01000
00100
01000
00010
00100
00010
00001
00010
00100
02000
00000
,
00000
13000
00000
00010
01000
00100
10000
10101
,
00000
00000
00000
10110
00000
00000
00000
00000
00000
00000
01110
00000
00000
00000
00000
00000
00000
01101
00000
00000
00000
00000
00000
00000
10000
00000
00001
00000
01000
00000
00000
00000
,
00001
00000
10000
00000
00010
01000
00001
00000
00100
00000
00010
00000
01000
00100
10000
00000
,
00001
00000
01000
00000
00010
00100
00001
00000
10000
00000
00010
00000
01000
00000
00010
00000
,
10000
00000
00100
00000
10000
00000
00001
00000
00100
00010
01000
00200
20000
00000
00000
00000
,
00000
00300
30010
00200
00002
00000
00000
00000
00000
00300
01003
00200
20000
00000
00000
00000
,
00000
00000
00000
30300
00020
00000
00200
00000
,
00000
00300
10030
00200
02000
00000
00000
00000
00000
00300
03001
00200
00020
00000
00000
00000
,
00000
00000
00330
00000
00100
00010
00100
00010
01000
00100
10000
00000
00001
00000
01000
00000
,
00010
00000
10000
00000
00100
01000
10000
01000
00100
10000
01000
10000
00200
00000
00000
00000
,
00000
00000
00000
00000
00000
00000
00300
00000
01000
00100
00010
00000
00001
00000
00100
00000
,
00010
00000
01000
00000
00100
10000
01000
10000
00100
01000
10000
01000
00200
00000
00000
00000
,
00000
00000
00000
00000
00000
00000
00300
00000
01000
00100
01000
00100
10000
00000
10000
00000
,
00010
00100
00001
00001
00010
00001
01000
00100
,
00010
00001
10000
00100
00001
00010
01000
00100
,
00010
00001
10000
00100
00001
00010
00200
00000
,
00000
00000
00002
00000
00000
00300
00020
00000
,
00000
00003
20000
00000
00000
00030
02000
00000
,
00000
30000
00200
00000
00000
03000
00002
00000
,
00000
00000
00300
00000
00020
00000
00003
00000
00130
00000
00100
00000
00001
00010
00001
00010
,
00100
01000
00100
01000
00010
00100
00010
00100
01000
10000
01000
10000
00100
01000
00100
01000
,
00010
00100
00010
00100
00001
00010
00001
00010
00100
01000
00100
01000
01100
00000
01010
00000
,
00110
00000
10010
00000
10100
00000
10001
00000
00101
00000
01001
00000
02220
00000
00000
03300
,
00000
00000
00000
00000
20200
00000
00000
00330
00000
00000
00000
00000
00202
00000
00000
00000
,
00000
00000
00003
00000
00000
00000
00000
00000
00000
00300
00000
00000
00000
00000
00000
00000
,
00000
00000
00000
00000
,
00000
00000
00000
00000
,
00000
00000
00000
00000
,
00000
00000
30000
00000