00000
00000
00000
00000
,
02000
00000
00000
00000
,
00000
00000
00000
00000
,
00020
00000
00000
00000
00000
00000
00000
00000
00000
00000
00000
00000
00000
03030
00000
00000
,
01010
01010
01010
01010
,
00010
10000
00010
00100
00010
10000
00010
00001
,
00010
00100
00001
00010
10000
00100
10000
01000
,
00001
00100
00001
01000
00001
00100
00001
10000
,
01000
00100
01000
00001
01000
00100
01000
10000
,
00001
00100
00001
01000
00010
10000
00100
10000
,
00010
00000
00000
00000
00000
00000
00000
00000
02000
00000
00000
00000
00000
00000
00000
00002
00000
00000
00000
00000
00000
00000
00000
00000
00000
00000
00000
00000
00000
00000
00000
00000
,
00000
03003
01000
00100
01000
00001
01000
00100
,
10000
01000
00100
00010
10000
01000
00100
00001
,
10000
00100
01000
00001
01000
10000
00100
00001
,
10000
01000
00100
00010
10000
00100
01000
00001
,
00100
00000
01000
00000
10000
00000
00100
00000
10000
00100
10000
00100
10000
00100
10000
00100
,
20000
00000
02000
00000
00000
00000
33000
10000
,
00100
00000
00010
00000
00001
00000
00100
00000
00001
00100
00001
00100
00001
00100
00001
00100
,
00002
00020
00000
00033
,
00111
00000
01002
00000
20000
00003
00020
30030
,
10000
00100
10000
00000
00010
00100
00010
00000
01000
00100
01000
00000
00001
00100
00001
00000
,
02002
00000
03003
00100
20020
00000
30030
10000
,
00010
10000
01000
00100
00010
00001
00010
00100
,
01000
00000
10000
00000
00100
01000
10000
01000
00100
00000
10000
00000
00100
10000
01000
10000
,
00100
10000
01000
00100
00010
00001
00100
10000
,
00001
00000
00100
00000
10000
01000
00100
01000
10000
00000
01000
00000
00100
10000
01000
10000
,
00100
00000
01000
00000
00010
00000
10000
00000
00010
00000
01000
00000
00001
00100
00001
00000
,
00100
00001
00010
00000
00010
00100
01000
00000
00100
01000
00010
00000
00010
00100
01000
00000
,
20000
00000
00000
00000
00000
00000
00000
00000
00000
30000
00000
00000
10000
00100
01000
00100
,
10000
00010
00000
00000
10000
00100
10000
00100
10000
00010
00100
00001
10000
00100
10000
00100
,
20000
00000
00000
00000
00000
00000
00000
00000
00000
00000
30000
00000
00001
00010
00100
01000
,
00010
00000
00000
00000
10000
01000
00100
00010
01000
00000
00000
00000
00001
00000
00000
00000
,
01000
00010
10000
00001
00100
01000
10000
00001
,
01000
00010
10000
00100
00010
00001
10000
00010
,
20220
00000
00000
30000
02000
00000
00000
00030
,
00002
00000
00000
03000
20000
00000
00000
30303
,
10000
00010
00100
00001
01000
10000
00100
00001
,
00010
00000
00100
00000
01000
00000
00100
00000
00010
00000
00100
00000
01000
00000
00100
00000
00010
00000
00000
00000
00000
00000
00000
00000
00000
00000
00000
00000
00000
00000
00000
00000
00000
00000
00000
00000
10000
00000
00000
00100
00000
00000
10000
00000
00000
00000
00000
00000
,
00100
10000
01000
00000
01000
00100
00010
00000
00100
00010
01000
00000
01000
00100
00010
00000
,
00002
00000
00000
00000
00000
00000
00000
00000
00000
00003
00000
00000
00001
00100
00010
00100
,
00001
01000
00000
00000
00001
00100
00001
00100
00001
01000
00100
10000
00001
00100
00001
00100
,
00002
00000
00000
00000
00000
00000
00000
00000
00000
00000
00003
00000
10000
01000
00100
00010
,
01000
00000
00000
00000
00001
00010
00100
01000
00010
00000
00000
00000
10000
00000
00000
00000
,
00010
01000
00001
10000
00100
00010
00001
10000
,
00010
01000
00001
00100
01000
10000
00001
01000
,
02202
00000
00000
00003
00020
00000
00000
03000
,
20000
00000
00000
00030
00002
00000
00000
30000
,
02000
00000
00000
00003
00020
00000
00000
03330
,
01110
01110
10101
10101
,
10000
00100
10000
00001
10000
00100
10000
00001
01000
00100
01000
00001
01000
00100
01000
00001
,
10000
00100
10000
00001
10000
00100
10000
00001
01000
00100
01000
00001
01000
00100
01000
00001
,
10000
00100
10000
00001
01000
00100
01000
00001
,
00202
00303
00000
00000
02200
03300
00000
00000
00220
00330
00000
00000
20200
30300
00000
00000
,
20002
00000
30003
00000
02020
03030
20002
30003
,
02020
00000
03030
00000
20002
30003
02020
03030
,
20002
00000
00000
00000
00000
00000
00000
00000
30000
00003
00000
00000
00000
00000
00000
00000
02002
00000
00000
00000
03003
00000
00000
00000
20020
00000
00000
00000
30030
00000
00000
00000
,
02002
00000
03003
00000
20020
30030
02002
03003
,
20020
00000
30030
00000
00110
10000
00010
10000
,
00101
10000
00001
10000
00101
10000
00010
10000
,
00110
10000
00010
10000
00101
10000
00001
00000
,
02001
00000
00000
00000
00002
03000
20000
00003
,
00020
00000
00000
00000
30030
00000
00010
10000
,
00100
00000
00010
00000
00001
00000
00100
00000
00001
00100
00001
00100
00001
00100
00001
00100
,
00002
00000
00020
00000
00000
00000
00033
00001
,
00100
00000
01000
00000
10000
00000
00100
00000
10000
00100
10000
00100
10000
00100
10000
00100
,
20000
02000
00000
33000
,
11100
00000
00000
00000
22000
00000
03000
00000
00002
00000
00000
30000
00020
00000
00033
00000
,
00001
00000
01000
00000
00001
00100
00001
00000
10000
00000
00010
00000
10000
00100
10000
00000
,
02020
00000
03030
00100
20002
00000
30003
00100
,
02020
00000
00000
00000
00000
03030
01000
00100
,
10000
00000
00001
00000
00100
00010
00001
00010
00100
00000
00001
00000
00100
00001
00010
00001
,
00100
00001
00010
00100
01000
10000
00100
00001
,
10000
00000
00100
00000
00001
00010
00100
00010
00001
00000
00010
00000
00100
00001
00010
00001
,
00100
00000
00010
00000
01000
00000
00001
00000
00001
10000
00001
10000
00001
10000
00001
10000
,
00001
00000
00001
00000
00001
00000
00001
00000
00100
00001
01000
00100
10000
00001
01000
00100
,
20000
00000
00000
00000
00000
00000
00000
00000
00000
00000
30000
00000
00001
01000
00100
10000
,
00010
00000
10000
00000
00100
10000
00010
00100
00001
10000
00010
00100
00001
10000
00010
00100
,
00002
00000
00000
00000
00000
00000
00000
00000
00000
00000
00003
00000
10000
01000
00100
00010
,
01000
00000
00000
00000
00001
00010
00100
01000
00010
00000
00000
00000
10000
00000
00000
00000
,
10000
00001
00100
00001
00010
00100
01000
00001
,
00100
00001
10000
00001
00010
00100
01000
00010
,
02220
00000
00000
03000
20000
00000
00000
00030
,
00002
00000
00000
30000
02000
00000
00000
00003
,
00020
00000
00000
03000
20000
00000
00000
00030
,
00002
00000
00000
30000
10303
00000
00001
10000
,
00001
01000
00100
01000
00001
01000
00100
01000
00001
01000
00100
01000
00100
01000
00100
01000
,
00001
00100
00001
01000
00001
00100
00001
01000
00001
00100
00001
00100
00001
00100
00001
00000
,
01000
00001
01000
00001
10000
00010
10000
00010
,
20120
00000
00000
30030
02102
00000
00000
03003
,
20202
00000
00000
00000
,
00000
00000
00000
00000
,
00000
00000
00000
00000
00000
00000
00000
30000
00000
00000
00000
00000
00000
00000
00000
00300
,
00000
00000
00000
00000
00000
00000
00000
00000
00000
00000
00000
00003
00000
00000
00000
00000