00000
00000
00000
00000
00000
00000
00000
00000
20001
00000
00000
00000
00000
00000
00010
00100
,
00010
00000
00100
00000
01000
00000
00010
00000
30002
00000
00000
00000
00000
00000
01000
00100
,
02003
00000
03020
00000
20030
00000
30002
00000
00103
00010
00001
00100
01000
10000
00010
00001
,
00100
00000
10000
00000
01000
00000
00100
00000
00001
00000
00010
00000
10000
00000
01000
00000
00100
00010
00100
00000
00010
00000
01000
00000
00100
01000
00100
00000
01000
00000
00100
00000
,
10000
00100
10000
00000
00001
00000
00100
00000
00001
00100
00001
00000
10000
00000
00100
00000
01000
00000
00001
00000
01000
00100
01000
00000
00010
00000
10000
00000
00010
00100
00010
00000
,
00022
00003
02000
00030
20000
00000
00000
00000
00000
03000
30100
10000
01000
00100
00010
00001
,
01000
00000
00001
00100
00010
00000
01000
00100
01000
00000
00010
00100
00001
00000
01000
00100
10000
00000
00001
00000
00010
00000
00100
00000
01000
00000
00010
00000
00001
00000
00100
00000
,
10000
00000
01000
00000
00100
00000
00010
00000
01000
00000
10000
00000
00100
00000
00001
00000
10000
00100
01000
00001
01000
00100
10000
00010
00100
00001
01000
00001
00100
00010
00100
00001
,
00100
00000
00001
00000
00100
00000
00010
00000
10000
00000
00010
00000
00100
00000
00001
00000
01000
00100
10000
00100
10000
00100
01000
00001
00100
00010
00100
00010
00100
00001
01000
00100
,
10000
00000
00100
00000
01000
00000
00010
00000
01000
00001
10000
00100
01000
00010
10000
00100
01001
00000
00000
00000
02000
00000
00000
03000
00200
00000
00000
00300
20000
00000
00000
30000
,
00001
00000
00100
00000
00001
01000
00100
00000
01000
00000
00100
00000
01000
00001
00100
00000
20020
00000
00000
00000
30030
00000
00100
00000
02002
00000
00000
00000
03003
00000
00100
00000
,
10000
00000
00100
00000
10000
00000
00001
00000
00100
00000
00001
00000
00100
00001
00100
00001
10000
00000
00010
00000
00100
00010
00100
00010
00100
00000
00001
00000
10000
00100
10000
00001
,
00100
00000
00001
00000
00010
00000
00100
00000
00010
00000
00001
00000
00100
00000
00010
00000
10000
00000
00010
00000
00100
00010
00100
00010
00100
00000
00001
00000
10000
00100
10000
00001
,
00100
00000
00001
00000
00010
00000
00100
00000
00010
00000
00001
00000
00010
00100
01000
00100
00010
00000
00001
00100
00001
00000
10000
00100
10000
00000
00010
00100
00010
00000
01000
00100
,
00020
00000
00000
00000
00000
00000
00000
00000
00000
00000
00030
00000
00001
00100
10000
00100
00001
00000
01000
00000
00010
00100
00010
01000
00100
01000
00010
00100
00010
10000
01000
10000
,
00200
00000
00000
00000
00000
00000
00000
00000
00000
00000
00300
00000
10000
01000
00100
00010
00001
00000
01000
00100
00010
00000
10000
00000
00001
00000
00010
00100
01000
00000
00001
00000
,
10000
00000
00001
00000
10000
00000
00100
00000
00010
00001
00100
00010
01000
00000
00010
00000
10000
00000
00001
00000
10000
00000
00100
00000
00010
00001
00100
00010
01000
00000
00010
00000
,
20020
00000
00000
00000
00000
00000
00000
00000
00000
00000
00000
00000
30000
00000
00000
02000
00000
00000
00000
00000
00000
00000
00000
00000
00000
00000
00000
00030
00000
00000
00002
00000
00000
00000
00000
00000
00000
00000
00000
00000
00000
00000
03000
00000
00000
20000
00000
00000
00000
00000
00000
00000
00000
00000
00000
00000
00000
30003
00000
00000
00000
10000
00000
00000
,
00000
00100
00000
00000
00000
00001
00000
00000
00000
00100
00000
00000
00000
01000
00000
00000
00000
10000
00000
00000
00000
00100
00000
00001
00000
01000
00000
00100
00000
20000
00000
00000
00000
00000
00000
00000
00000
00000
00000
00000
00000
30000
00000
00000
00000
00000
00000
00000
00000
01000
00000
00100
00000
00010
00000
00100
00000
01000
00000
00000
00000
10000
00000
00100
,
00000
10000
00000
00000
00000
00001
00000
00100
00000
00001
00000
00000
00000
01000
00000
00100
00000
01000
00000
00000
00000
00010
00000
00100
00000
02000
00000
00000
00000
00000
00000
00000
00000
00000
00000
00000
00000
00000
00000
00000
00000
00000
00000
00000
00000
03000
00000
00000
00000
10000
00000
00100
00000
00001
00000
00100
00000
10000
00000
00000
00000
00010
00000
00000
,
00000
01000
00000
00100
00000
01000
00000
00010
00000
00100
00000
00010
00000
01000
00000
00100
00000
01000
00000
00001
00000
00010
00000
00001
00000
00200
00000
00000
00000
00000
00000
00000
00000
00000
00000
00000
00000
00000
00000
00000
00000
00000
00000
00000
00000
00300
00000
00000
00000
00001
00000
00010
00000
00100
00000
01000
00000
10000
00000
00000
00000
00010
00000
00100
,
00000
01000
00000
00000
00000
00001
00000
00000
00000
10000
00000
00000
00000
01000
00000
00100
00000
00010
00000
00000
00000
10000
00000
00000
00000
00001
00000
00000
00000
10000
00000
00000
00000
00001
00000
00000
00000
00100
00000
00000
00000
01000
00000
10000
00000
00100
00000
01000
00000
00010
00000
00000
00000
01000
00000
00000
00000
00001
00000
00000
00000
10000
00000
00000
,
00000
00001
00000
00000
00000
00100
00000
00000
00000
01000
00000
10000
00000
00100
00000
01000
00000
00010
00000
00000
00000
01000
00000
00000
00000
02002
00000
00000
00000
00000
00000
00000
00000
00000
00000
00000
00000
00003
00000
00000
00020
00000
00000
00000
00000
00000
00000
00000
00000
00000
00000
00000
03000
00000
00000
20000
00000
00000
00000
00000
00000
00000
00000
00000
,
00000
00000
00000
00030
00000
00000
00002
00000
00000
00000
00000
00000
00000
00000
00000
00000
00000
00000
30000
00000
00000
02000
00000
00000
00000
00000
00000
00000
00000
00000
00000
00000
00000
00003
00000
00000
00020
00000
00000
00000
00000
00000
00000
00000
00000
00000
00000
00000
03030
00000
00000
00000
01010
00000
00000
00000
01010
00000
00000
00000
01010
00000
00000
00000
,
01010
00000
01010
00000
01010
00000
01010
00000
01010
00000
10000
00001
00100
00010
01000
00100
10000
00001
01000
00010
00100
00001
10000
00100
01000
00010
10000
00001
00100
00010
01000
00100
,
10000
00001
10000
00100
10000
00100
10000
00001
00100
00001
10000
00000
00010
00000
01000
00000
00001
00000
01000
00000
10000
00000
00010
00000
00001
00000
00022
00033
00000
00000
02020
03030
,
00000
00000
22000
33000
00000
00000
20002
30003
00000
00000
00022
00000
00000
00000
00033
00000
00000
00000
02020
00000
03030
00000
22000
00000
33000
00000
20002
00000
00000
00000
30003
00000
,
00000
20002
30003
22000
33000
02020
00000
03030
00000
02020
03030
00022
00033
20002
00000
30003
,
00000
20002
30003
00022
00033
01010
00100
00000
00000
00000
00000
01010
00010
10010
10000
10001
,
00001
01001
01000
01001
00001
10001
10000
10010
00010
00020
00000
00002
00033
02001
00000
00000
,
00000
00000
20000
00000
03000
00000
00002
00000
30000
00000
00020
00000
00000
00000
00000
00000
00000
00000
00133
00000
00000
00000
00000
00000
00000
00000
00001
00000
00100
00000
00010
00100
,
00010
00100
00010
01000
00100
01000
00100
01000
00100
01000
00020
00000
00000
00000
20000
00000
00000
00000
00000
00000
00000
00000
30030
00000
00000
00000
10000
00000
00100
00000
01000
00100
,
01000
00100
01000
00010
00100
00010
00100
00010
00100
00010
02000
00000
00000
00000
00002
00000
00000
00000
00000
00000
00000
00000
03103
00000
00000
00000
10010
00000
00000
00000
02000
00000
,
00000
03000
00200
00000
00000
00300
00002
00000
00000
00003
01001
00000
01000
00000
01010
00000
00010
00000
10010
00000
10000
00000
10001
00000
00001
00000
02020
00000
00000
00000
03030
00000
,
00100
00000
20002
00000
00000
00000
30003
00000
00100
00000
02020
00000
00000
00000
00000
00000
00000
00000
00000
00000
00000
00000
03030
00000
00000
00000
01000
00000
00010
00000
00100
00001
,
10000
00001
00100
00010
01000
00000
01000
00010
00100
00001
10000
00000
00010
00000
10000
00000
00100
00000
10000
00000
00010
00000
10000
00000
00100
00000
01000
00000
00010
00000
00100
00001
,
10000
00001
00100
00010
01000
00000
01000
00010
00100
00001
10000
00000
00001
00000
01000
00000
00010
00000
10000
00001
10000
00001
00100
00010
01000
00010
01000
00000
01000
00000
01000
00000
,
01000
00000
01000
00100
01000
00010
01000
00010
00100
00010
00200
00000
00000
00000
00000
00000
00000
00000
00000
00000
00300
00000
00010
00100
00010
00100
00010
00000
00100
00000
00010
00100
,
00010
01000
00100
01000
00010
00100
00010
00100
00010
01000
00200
00000
00000
00000
00000
00000
00000
00000
00000
00000
00300
00000
00010
00001
00100
10000
01000
00000
00001
00100
10000
00000
,
01000
00000
00010
00000
10000
00100
00001
00000
00010
00000
01000
00000
00010
00000
01000
00000
00100
00000
00001
00010
00100
00001
00010
00000
00001
00000
01000
00000
00010
00000
01000
00000
,
00100
00000
00000
00000
00001
00000
00010
00000
00100
00000
00001
00000
00010
00000
00000
00000
00001
00000
00000
00000
02002
00000
00000
00000
00000
00000
00000
00000
00000
00000
00000
00000
00003
00000
00000
00020
00000
00000
00000
00000
00000
00000
00000
00000
00000
00000
00000
03000
00000
00000
20000
00000
00000
00000
00000
00000
00000
00000
00000
00000
00000
00000
00030
00000
,
00000
00002
00000
00000
00000
00000
00000
00000
00000
00000
00000
00000
00000
30000
00000
00000
02000
00000
00000
00000
00000
00000
00000
00000
00000
00000
00000
00000
00003
00000
00000
20000
00000
00000
00000
00000
00000
00000
00000
00000
00000
00000
00000
03000
00000
00000
00020
00000
00000
00000
00000
00000
00000
00000
00000
00000
00000
00000
30000
00000
00000
00000
00031
00000
,
00000
00000
00000
10000
00000
00100
00000
01000
00100
01000
00010
01000
00001
01000
00100
01000
00001
00100
00001
10000
00001
00100
00010
01000
00100
01000
00010
01000
00001
01000
00100
01000
,
00001
00100
00001
10000
00001
00100
00010
01000
00000
00100
00000
01000
00000
00001
00000
00100
00000
00001
00000
10000
00000
00010
00000
02020
00000
00000
00000
00000
00000
03030
00000
20002
,
00000
00000
00000
00000
00000
30003
00000
02002
00000
00000
00000
00000
00000
00000
00000
00000
00000
00000
00000
00000
00000
00000
00000
00000
00000
00000
00000
00000
00000
00000
00000
00000
,
00000
00000
00000
00000
00000
03003
00000
00000