00000
00000
00000
00000
,
20101
00000
00000
00000
00000
00000
00000
00000
00000
00000
00000
00000
00010
00100
00010
00100
,
00010
00100
01000
00010
,
30102
00000
00000
00000
00000
00000
00000
00000
00000
00000
00000
00000
01000
00100
01000
00100
,
02003
03020
20030
30002
,
00103
00010
00001
00100
01000
10000
00010
00001
,
00100
10000
01000
00100
00001
00010
10000
01000
,
00100
00010
00100
00000
00010
00000
00100
00000
01000
00100
01000
00000
00100
00000
01000
00000
,
00001
00100
00001
00000
00100
00000
00001
00000
00100
10000
00100
00000
10000
00000
00100
00000
,
01000
00000
00001
00000
01000
00100
01000
00000
00010
00000
10000
00000
00010
00100
00010
00000
,
00022
00003
02000
00030
20000
00000
00000
00000
,
00000
03000
30100
10000
01000
00100
00010
00001
,
01000
00000
00001
00100
00010
00000
10000
00100
00001
00000
01000
00100
00001
00000
01000
00100
,
10000
00001
00010
00100
01000
00010
00001
00100
,
10000
01000
00100
00010
01000
10000
00100
00001
,
10000
00100
01000
00001
01000
00100
10000
00010
00100
00001
01000
00001
00100
00010
00100
01000
,
10000
00001
00100
00010
10000
00010
00100
00001
,
01000
00100
10000
01000
10000
00100
01000
00001
00100
00010
00001
00010
00100
00001
01000
00100
,
10000
00000
00100
00000
00001
00000
00010
00000
01000
00001
10000
00100
01000
00010
10000
00100
,
01101
00000
00000
00000
02000
00000
00000
03000
00200
00000
00000
00300
20000
00000
00000
30000
,
00001
00000
00100
00000
00001
01000
00100
00000
01000
00000
00100
00000
01000
00001
00100
00000
,
20020
00000
30030
00100
02002
00000
03003
00100
,
10000
00000
01000
00000
10000
00000
00001
00000
00010
00000
00100
00000
00010
00001
00010
00001
,
00100
00000
10000
00000
00010
00001
00100
01000
10000
00000
00100
00000
10000
01000
00100
00001
,
00010
00001
00010
00100
00010
00001
00100
00010
,
00100
00000
01000
00000
10000
01000
00100
00001
00010
00000
00100
00000
00010
00001
00100
01000
,
10000
00000
00010
00000
00001
00000
00100
00000
10000
00000
00001
00000
00010
00100
01000
00100
,
00010
00000
00001
00100
00001
00000
00010
00100
00010
00000
10000
00100
10000
00000
01000
00100
,
00020
00000
00000
00000
00000
00000
00000
00000
00000
00000
00030
00000
00001
00100
10000
00100
,
00001
00000
01000
00000
00010
00001
00100
00001
00010
00100
01000
00100
00010
10000
01000
10000
,
00200
00000
00000
00000
00000
00000
00000
00000
00000
00000
00300
00000
10000
01000
00100
00010
,
00001
00000
01000
00100
00010
00000
10000
00000
00001
00000
00010
00100
01000
00000
00001
00000
,
10000
00000
00001
00000
10000
00000
00100
00000
00010
00001
00100
00010
01000
00000
00010
00000
,
10000
00000
00001
00000
10000
00000
00100
00000
00010
00001
00100
00010
01000
00000
00010
00000
,
20220
00000
00000
30000
02000
00000
00000
00030
,
00002
00000
00000
03000
20000
00000
00000
30303
,
10000
00000
00100
00000
00001
00000
00100
00000
01000
00000
10000
00000
00100
00001
01000
00100
,
20000
00000
00000
00000
00000
00000
00000
00000
30000
00000
00000
00000
01000
00100
00010
00100
,
01000
00000
10000
00100
10000
00000
01000
00100
01000
00000
00001
00100
00001
00000
00010
00100
,
02000
00000
00000
00000
00000
00000
00000
00000
03000
00000
00000
00000
10000
00100
00001
00100
,
10000
00000
00010
00000
01000
10000
00100
10000
01000
00100
00010
00100
01000
00001
00010
00001
,
00200
00000
00000
00000
00000
00000
00000
00000
00300
00000
00000
00000
00001
00010
00100
01000
,
10000
00000
00010
00100
01000
00000
00001
00000
10000
00000
01000
00100
00010
00000
10000
00000
,
00001
00000
10000
00000
00001
00000
00100
00000
01000
10000
00100
01000
00010
00000
01000
00000
,
00001
00000
10000
00000
00001
00000
00100
00000
01000
10000
00100
01000
00010
00000
01000
00000
,
02202
00000
00000
00003
00020
00000
00000
03000
,
20000
00000
00000
00030
00002
00000
00000
30000
,
02000
00000
00000
00003
00020
00000
00000
03330
,
01110
01010
01110
01010
01110
01010
01110
01010
,
10000
00001
00100
00010
01000
00100
10000
00001
01000
00100
00010
00100
01000
00010
00100
00010
,
01000
00010
00100
00001
10000
00100
01000
00010
10000
00100
00001
00100
10000
00001
00100
00001
,
10000
01000
00001
00010
01000
10000
00010
00001
,
00222
00333
00000
00000
02220
03330
00000
00000
22200
33300
00000
00000
20202
30303
00000
00000
,
00222
00000
00333
00000
02120
03030
22100
33000
,
20102
00000
30003
00000
20102
30003
22100
33000
,
02120
00000
03030
00000
02120
03030
00122
00033
,
20102
00000
30003
00000
20102
30003
00122
00033
,
01110
00100
00000
00000
00000
00000
01110
00010
,
11010
10000
10101
00001
01101
01000
01011
00001
,
10101
10000
10110
00010
00020
00000
00002
00033
,
02001
00000
00000
00000
20000
03000
00002
30000
,
00020
00000
00133
00000
,
00001
00000
00100
00000
00010
10000
01000
00100
00010
10000
00001
00010
00100
01000
00001
00100
,
00020
00000
20000
00000
00000
00000
30130
00010
,
00001
00000
01000
00000
10000
00100
01000
00100
00010
00001
00100
00010
00100
01000
10000
00100
,
02000
00002
00000
03103
,
10110
00000
00000
00000
02000
00000
00000
03000
00200
00000
00000
00300
00002
00000
00000
00003
,
01001
01100
01010
00110
10010
10100
10001
00101
,
02020
00000
03030
00100
20002
00000
30003
00100
,
02020
00100
00000
00100
00000
00100
03030
00100
,
10000
00000
01000
00000
00100
00010
00001
00010
00100
00000
01000
00000
10000
01000
00100
00010
,
00001
01000
00001
00100
00001
01000
00001
00100
,
00001
00000
00010
00000
00100
01000
10000
01000
00100
00000
00010
00000
00001
00010
00100
01000
,
10000
00000
00001
00000
01000
00000
00010
00000
00001
00010
00001
00010
00100
01000
10000
01000
,
10000
00000
10000
00000
10000
00000
10000
00000
10000
00100
01000
00010
01000
00100
00010
00001
,
00200
00000
00000
00000
00000
00000
00000
00000
00000
00000
00300
00000
00001
00010
00100
00010
,
00001
00000
00100
00000
10000
01000
00100
01000
10000
00100
00001
00100
10000
00010
00001
00010
,
00200
00000
00000
00000
00000
00000
00000
00000
00000
00000
00300
00000
00010
00001
00100
10000
,
01000
00000
00001
00100
10000
00000
01000
00000
00010
00000
10000
00100
00001
00000
00010
00000
,
01000
00000
00010
00000
01000
00000
00100
00000
00001
00010
00100
00001
00010
00000
00001
00000
,
01000
00000
00010
00000
01000
00000
00100
00000
00001
00010
00100
00001
00010
00000
00001
00000
,
02202
00000
00000
00003
00020
00000
00000
03000
,
20000
00000
00000
00030
00002
00000
00000
30000
,
02000
00000
00000
00003
20000
00000
00000
03000
,
00020
00000
00000
30000
00331
00000
10000
00100
,
01000
00100
01000
00010
01000
00001
01000
00100
01000
10000
00100
00001
00010
00001
00100
10000
,
01000
00100
01000
00010
01000
00001
01000
00100
01000
10000
00100
00001
00010
00001
00100
10000
,
01000
01100
01001
00101
10001
10100
10010
00110
,
02120
00000
00000
03030
20102
00000
00000
30003
,
22122
00000
30000
00000
,
00000
00000
00030
00000
,
00000
00000
00000
00000
,
00000
00000
00000
00000
,
03003
00000
00000
00000