0000000000
0000000000
0000000000
0000000000
,
0020000000
0000000000
0000000000
0000000000
,
0000000000
0000000000
0000000000
0000000000
,
0000000200
0000000000
0000000000
0030000300
,
0010000000
0000000100
0010000000
0000000100
,
0000100000
0000010000
0000100000
0000010000
0000100000
0001000000
0000100000
0001000000
,
0010000000
0001000000
0010000000
0001000000
0010000000
0000100000
0010000000
0000100000
,
0000001000
0000100000
0000001000
0000100000
0000001000
0000000100
0000001000
0000000100
,
0000010000
0000000100
0000010000
0000000100
0000010000
0000001000
0000010000
0000001000
,
0000010000
0001000000
0000010000
0001000000
0000100000
0001000000
0000100000
0001000000
,
0010000000
0001000000
0010000000
0001000000
0010000000
0000100000
0010000000
0000100000
,
0001000000
0000100000
0001000000
0000100000
0001000000
0000001000
0001000000
0000001000
,
0000010000
0000011000
0001001000
0001100000
,
0001000000
0000001000
0001000000
0000001000
0000100000
0000010000
0000100000
0000010000
,
0000000100
0000010000
0000000100
0000010000
0000001000
0000010000
0000001000
0000010000
,
0000100000
0001000000
0010000000
0100000000
1000000000
0100000000
0010000000
0001000000
,
0010100000
0000000000
0011000000
0000000000
0001000000
0000100000
0001000000
0000100000
,
0000010000
0000001000
0000000100
0000000010
0000000001
0000000010
0000000100
0000001000
,
0000010100
0000000000
0000001100
0000000000
0000001000
0000010000
0000100000
0000010000
,
0000110000
0000000000
0000000000
0000000000
0000000000
0000000000
0000000000
0001010000
0000000000
0000000000
0000000000
0000000000
0000000000
0000000000
0001001000
0000000000
0000000000
0000000000
0000000000
0000000000
0000000000
0000101000
0000000000
0000000000
0000000000
0000000000
0000000000
0000000000
0000100000
0000000000
0000000000
0000000000
,
0001000000
0000100000
0010000000
0000100000
0001000000
0000100000
0000010000
0000001000
,
0000010000
0000000100
0000010000
0000001000
0000010000
0000100000
0000010000
0001000000
,
0000001000
0001000000
0000001000
0000100000
0000010000
0000100000
0000010000
0000001000
,
0000000100
0000010000
0001000000
0000010000
0001000000
0000010000
0000000100
0000002000
,
0000000000
0000000000
0000000000
0000013000
0000000000
0000100000
0000000000
0001000000
,
0010000000
0000100000
0000001000
0000100000
0000001000
0000100000
0010000000
0002000000
,
0000000000
0000000000
0000000000
0003100000
0000000000
0000010000
0000100000
0001000000
,
0010000000
0100000000
0000100000
0001000000
0010000000
0100000000
1000000000
0020000000
,
0000000000
0000000000
0000000000
0000000000
0030000000
0000100000
0000010000
0000001000
,
0000000100
0000000010
0000010000
0000001000
0000000100
0000000010
0000000001
0000000200
,
0000000000
0000000000
0000000000
0000000000
0000000300
0000000001
0000000100
0000010000
,
0000001000
0000010000
0000001000
0000010000
0000100000
0000010000
0000100000
0000000100
,
0000001000
0000100000
0010000000
0000001000
0000100000
0000000100
0000001000
0000100000
,
0010000000
0000001000
0000100000
0000000100
0000001000
0000100000
0010000000
0021000000
,
0000000000
0000000000
0000000000
0030000000
0000000000
0000000000
0010200000
0000000000
0000000000
0000000000
0000000000
0000300000
0000000000
0000000000
0002100000
0000000000
,
0000000000
0000000000
0000000000
0003000000
0000000000
0000000000
0001002000
0000000000
0000000000
0000000000
0000000000
0000003000
0000000000
0000000000
0000021000
0000000000
,
0000000000
0000000000
0000000000
0000000000
0000030000
0000000100
0000001000
0000020000
,
0000000000
0000000000
0000000000
0000000000
0000030000
0001000000
0000010000
0010000000
,
0010000000
0010000000
0010000000
0010000000
0010000000
0010000000
0010000000
0020000000
,
0000000000
0000000000
0000000000
0000000000
0030000000
0000001000
0000100000
0000000100
,
0000000100
0000000100
0000000100
0000000100
0000000100
0000000100
0000000100
0000000200
,
0000000000
0000000000
0000000000
0000000000
0000000300
0001000000
0000010000
0010000000
,
0010000000
0000001000
0000100000
0000000100
0000000100
0001000000
0000010000
0010000000
,
0001000000
0000010000
0000000100
0001000000
0000010000
0010000000
0001000000
0000010000
,
0000000100
0001000000
0000010000
0010000000
0001000000
0000010000
0000000100
0000001200
,
0000000000
0000000000
0000000000
0000000300
0000000000
0000000000
0000020100
0000000000
0000000000
0000000000
0000000000
0000030000
0000000000
0000000000
0000012000
0000000000
,
0000000000
0000000000
0000000000
0000003000
0000000000
0000000000
0002001000
0000000000
0000000000
0000000000
0000000000
0003000000
0000000000
0000000000
0001200000
0000000000
,
0000000000
0000000000
0000000000
0000300000
0000000000
0000000000
0020100000
0000000000
0000000000
0000000000
0000000000
0000000000
0030000000
0000000000
0001000000
0000000000
,
0000100000
0000010000
0000001000
0000000100
0000000000
0000000110
0000000000
0000000010
,
0000000100
0000001000
0001000000
0010000000
0100000000
1000000000
0100000000
0010000000
,
0001000000
0000001000
0000000100
0000000010
0000000001
0000000010
0000000100
0000001000
,
0000010000
0000000100
0000001000
0000010000
0000100000
0001000000
0010000000
0010100000
,
0000000000
0001100000
0000000000
0001001000
0000000000
0000011000
0000000000
0002001000
,
0000000000
0000000000
0000000000
0010000000
0000000000
0000100000
0003000000
0000002000
,
0000000000
0000000000
0000000000
0000000100
0000000000
0000010000
0000003000
0002000000
,
0000000000
0000000000
0000000000
0010000000
0000000000
0000100000
0003000000
0000001000
,
0000100000
0000000100
0000001000
0000100000
0010000000
0001000000
0100000000
0010000000
,
1000000000
0001000000
0010000000
0000100000
0001000000
0000010000
0010000000
0001000000
,
0000010000
0000000100
0000001000
0000000010
0000000100
0000000001
0000001000
0000000100
,
0000010000
0000001000
0000100000
0000101000
0000000000
0001010000
0000000000
0000001000
,
0001000000
0000001000
0001000000
0000010000
0000100000
0000010000
0000100000
0010000000
,
0000100000
0010000000
0000100000
0001000000
0000100000
0001000000
0000100000
0000010000
,
0000001000
0000000100
0000000010
0000000001
0000000010
0000000100
0000001000
0000011000
,
0000000000
0000110000
0000000000
0000100000
0000010000
0000001000
0000010000
0000100000
,
0001000000
0010000000
0100000000
1000000000
0100000000
0010000000
0001000000
0001100000
,
0000000000
0000110000
0000000000
0000010000
0001000000
0000001000
0000100000
0000110000
,
0000000000
0000000000
0000000000
0000101000
0000000000
0000000000
0000000000
0000000000
0000000000
0000000000
0001001000
0000000000
0000000000
0000000000
0000000000
0000000000
0000000000
0001010000
0000000000
0000000000
0000000000
0000000000
0000000000
0000000000
0000010000
0000000000
0000000000
0000000000
0000001000
0000000000
0000000000
0000000000
,
0000010000
0000000100
0000010000
0000001000
0000010000
0000100000
0001000000
0000100000
,
0010000000
0000100000
0001000000
0000100000
0000010000
0000100000
0000001000
0001000000
,
0000001000
0001000000
0000010000
0000100000
0000010000
0000100000
0001000000
0010000000
,
0000100000
0000001000
0000100000
0000001000
0000100000
0010000000
0001000000
0001000000
,
0000100000
0000010000
0001000000
0000100000
0010000000
0000100000
0000001000
0000000100
,
0000010000
0001000000
0000010000
0001000000
0000010000
0000000100
0000001000
0000001000
,
0000010000
0000100000
0000000100
0000010000
0000000010
0000000100
0000000001
0000000010
,
0000000100
0000001000
0000100000
0001000000
0010000000
0100000000
2000000000
0000000000
,
0000000000
0000000000
0000000000
3000000000
0100000000
0010000000
1000000000
0100000000
,
0010000000
0001000000
0000010000
0000001000
0000000100
0000000010
0000000002
0000000000
,
0000000000
0000000000
0000000000
0000000003
0000000010
0000000100
0000000001
0000000001
,
0000000100
0000010000
0000100000
0000100000
0000001000
0001000000
0000000100
0000000100
,
0000001000
0000100000
0010000000
0000001000
0000100000
0000000100
0010000000
0010000000
,
0001000000
0000010000
0000000100
0001000000
0000010000
0010000000
0020001000
0000000000
,
0000000000
0030000000
0000000000
0000000000
0010000200
0000000000
0000000000
0000000000
0000000000
0000000300
0000000000
0000000000
0000002100
0000000000
0000000000
0000000000
,
0000000000
0000003000
0000000000
0000000000
0000021000
0000000000
0000000000
0000000000
0000000000
0000030000
0000000000
0000000000
0000210000
0000000000
0000000000
0000000000
,
0000000000
0000300000
0000000000
0000000000
0002100000
0000000000
0000000000
0000000000
0000000000
0003000000
0000000000
0000000000
0201000000
0000000000
0000000000
0000000000
,
0000000000
0000000000
0310000000
0000000000
0100100000
0000000000
0100000000
0010000000
,
0001000000
0000001000
0000000100
0000000010
0000000001
0000000010
0000000100
0000001000
,
0001000000
0010000000
0100000000
1000000000
0100000000
0010000000
0001000000
0000000100
,
0000000010
0000000100
0000001000
0010000000
0100000000
0001000000
0022000000
0000000000
,
0000000000
0030000000
0000000000
0000000000
0000000200
0000000000
0000000000
0000000000
0000000000
0003000000
0000000000
0000000000
0000000020
0000000000
0000000000
0000000000
,
0000000000
0000000000
0000000000
0000000000
,
0000000000
0000000000
0000000000
0000000300
,
0000000000
0000000000
0000000000
0000000000
,
0000000000
0000000000
0000000000
0000000000
,
0000000000
0000000000
0000000030
0000000000