0000000000
0000000000
0000000000
0000000000
,
0010220000
0000000000
0000000000
0000000000
2000300000
0000000000
0000000000
0000000000
0000030000
0000000000
3000000000
0000000000
1000000000
0010000000
0000100000
0000010000
,
0000002000
0000003002
0000020003
0000030020
,
0000220130
0000000000
0000000000
0000000000
0000030002
0000000000
0000000000
0000000000
0000300000
0000000000
0000000003
0000000000
0000000001
0000000100
0000010000
0000100000
,
0002000000
2003000000
3000200000
0200300000
,
0300010000
0010000000
0000000100
0000100000
0000001000
0010000000
0000000100
0001000000
,
0000010000
0000001000
0000000100
0000010000
0001000000
0010000000
0000100000
0001000000
,
0000010000
0000000100
0000010000
0000000000
0000000100
0000000000
0000010000
0000000000
0001000000
0010000000
0001000000
0000000000
0010000000
0000000000
0001000000
0000000000
,
0000001000
0000000100
0000001000
0000000000
0000000100
0000000000
0000001000
0000000000
0000100000
0010000000
0000100000
0000000000
0010000000
0000000000
0000100000
0000000000
,
0001000000
0000000000
0010000000
0000000000
0000100000
0001000000
0000100000
0000000000
0010000000
0000000000
0001000000
0000000000
0000100000
0001000000
0000100000
0000000000
,
0000022000
0000030000
0002000000
0000003000
0000200000
0000000000
0000000000
0000000000
,
0000000000
0003300000
0000100000
0001000000
0000001000
0000010000
0000000100
0001000000
,
0000010000
0000100000
0010000000
0100000000
0000000000
0000000000
0000000000
0000000000
0000010000
0000100000
0010000000
1000000000
0000000000
0000000000
0000000000
0000000000
0000010000
0000100000
0010000000
0100000000
0000000000
0000000000
0000000000
0000000000
0000010000
0000100000
0010000000
1000000000
0000000000
0000000000
0000000000
0000000000
,
0000100000
0010000000
0100000000
1000000000
0010000000
0001000000
0000100000
0000001000
,
0000000100
0000000010
0000000001
0000000100
0000001000
0000010000
0001000000
0000100000
,
0010000000
1000000000
0100000000
0010000000
0100000000
1000000000
0010000000
0000100000
0001000000
0010000000
0001000000
0000100000
0000001000
0000010000
0000000100
0000010000
,
0000002000
0000000000
0020200000
0000000000
0000000000
0000000000
0030303000
0010000000
,
0000010000
0001000000
0000001000
0000100000
0001000000
0010000000
0001000000
0000100000
0000001000
0000100000
0000010000
0001000000
0000100000
0010000000
0000100000
0001000000
,
0000010000
0000000000
0000100000
0000000000
0001000000
0000000000
0010000000
0001000000
0000100000
0000001000
0001000000
0000010000
0000001000
0000000100
0000000010
0000000001
,
0000000111
0000000000
0000000022
0000000030
0000020000
0000000003
0000002000
0000033000
,
0000100000
0000010000
0001000000
0000001000
0000000000
0000000000
0000000000
0000000000
0000100000
0000000000
0000000000
0000000000
0000001000
0000000000
0000000000
0000000000
0010000000
0000100000
0001000000
0000001000
0000000000
0000000000
0000000000
0000000000
0010000000
0000000000
0000000000
0000000000
0000001000
0000000000
0000000000
0000000000
,
2002000000
0000000000
3003000000
0010000000
0002020000
0000000000
0003030000
0000000100
,
0000001000
0000000000
0000000001
0000000000
0000000010
0000000000
0000010000
0000000000
0001000000
0000000000
0000001000
0000000000
0000010000
0001000000
0000010000
0001000000
,
0000010000
0000000000
0000000100
0000000000
0000100000
0001000000
0010000000
0001000000
0000100000
0000000000
0000001000
0000000000
0000100000
0000010000
0000001000
0000000100
,
0000010000
0000001000
0000000100
0001000000
0000000100
0000001000
0000000100
0001000000
,
0000010000
0000000000
0000000100
0000000000
0000100000
0001000000
0010000000
0001000000
0000100000
0000000000
0000001000
0000000000
0000100000
0000010000
0000001000
0000000100
,
0000010000
0000000000
0000000010
0000000000
0000100000
0000000000
0000000100
0000000000
1000000000
0000000000
0000100000
0000000000
0001000000
0010000000
0100000000
0000100000
,
0001000000
0000000000
0000010000
0000001000
0000010000
0000000000
0000000100
0000010000
0000000100
0000000000
0000100000
0000001000
0000100000
0000000000
0000001000
0000000100
,
0000000020
0000000000
0000000000
0000000000
0000000000
0000000000
0000000000
0000000000
0000000000
0000000000
0000000030
0000000000
0000000001
0000000010
0000000100
0000000010
,
0000000001
0000000000
0000001000
0000000000
0000000010
0000000001
0000000010
0000000100
0000001000
0000010000
0000001000
0000100000
0001000000
0000100000
0010000000
1000000000
,
0200000000
0000000000
0000000000
0000000000
0000000000
0000000000
0000000000
0000000000
0000000000
0000000000
0300000000
0000000000
1000000000
0100000000
0010000000
0001000000
,
0010000000
0000100000
0001000000
0000001000
0000100000
0000000000
0000000000
0000000000
0000010000
0000000000
0000000000
0000000000
0001000000
0000000000
0000000000
0000000000
0000000100
0000010000
0000001000
0001000000
0000010000
0000000000
0000000000
0000000000
0000100000
0000000000
0000000000
0000000000
0000001000
0000000000
0000000000
0000000000
,
0010100000
0000000000
0000000100
0000000000
0000010000
0000000000
0000001000
0000000000
0000000100
0000000010
0000001000
0000000100
0000010000
0000000000
0000001000
0000000000
,
0010100000
0000000000
0000000100
0000000000
0000010000
0000000000
0000001000
0000000000
0000000100
0000000010
0000001000
0000000100
0000010000
0000000000
0000001000
0000000000
,
0000202200
0000000000
0000000000
0000000300
0020000000
0000000000
0000000000
0000300000
,
0002000000
0000000000
0000000000
0000003000
0200000000
0000000000
0000000000
0333000000
,
0100000000
0010000000
0001000000
0000100000
0000001000
0000010000
0000000100
0000000001
,
0000000010
0000000000
0000000100
0000000000
0000000010
0000000000
0000000100
0000000000
0000000010
0000000000
0000000100
0000000000
0000000010
0000000000
0000000000
0000000000
0000000000
0000000000
0000000001
0000000000
0000000000
0000000000
0000000000
0000000000
0000010000
0000000000
0000000000
0000000000
0000000000
0000000000
0000000000
0000000000
0000000000
0000000000
0000000000
0000000000
0000001000
0000000000
0000000000
0000000100
0000000000
0000000000
0000000010
0000000000
0000000000
0000010000
0000000000
0000000000
,
0000001000
0000000000
0000100000
0001000000
0000100000
0000000000
0010000000
0000100000
0010000000
0000000000
0000010000
0001000000
0000010000
0000000000
0001000000
0010000000
,
0200000000
0000000000
0000000000
0000000000
0000000000
0000000000
0000000000
0000000000
0300000000
0000000000
0000000000
0000000000
1000000000
0100000000
0010000000
0100000000
,
1000000000
0000000000
0001000000
0000000000
0100000000
1000000000
0100000000
0010000000
0001000000
0000100000
0001000000
0000010000
0000001000
0000010000
0000000100
0000000001
,
0000000020
0000000000
0000000000
0000000000
0000000000
0000000000
0000000000
0000000000
0000000030
0000000000
0000000000
0000000000
0000000001
0000000010
0000000100
0000001000
,
0000000100
0000010000
0000001000
0001000000
0000010000
0000000000
0000000000
0000000000
0000100000
0000000000
0000000000
0000000000
0000001000
0000000000
0000000000
0000000000
0010000000
0000100000
0001000000
0000001000
0000100000
0000000000
0000000000
0000000000
0000010000
0000000000
0000000000
0000000000
0001000000
0000000000
0000000000
0000000000
,
0000010100
0000000000
0010000000
0000000000
0000100000
0000000000
0001000000
0000000000
0010000000
0100000000
0001000000
0010000000
0000100000
0000000000
0001000000
0000000000
,
0000010100
0000000000
0010000000
0000000000
0000100000
0000000000
0001000000
0000000000
0010000000
0100000000
0001000000
0010000000
0000100000
0000000000
0001000000
0000000000
,
0022200000
0000000000
0000000000
0030000000
0000020000
0000000000
0000000000
0000300000
,
0000002000
0000000000
0000000000
0003000000
0000000200
0000000000
0000000000
0000000300
,
0002000000
0000000000
0000000000
0000003000
0000200000
0000000000
0000000000
0003330000
,
0001001000
0000100000
0011000000
0000100000
0110000000
0000100000
1010000000
0000100000
,
1000000000
0010000000
0100000000
0001000000
0010000000
0000100000
0001000000
0000010000
0000100000
0000001000
0000010000
0000000100
0000001000
0000000010
0000000100
0000000001
,
0000000100
0000000010
0000001000
0000000100
0000010000
0000001000
0000100000
0000010000
0001000000
0000100000
0010000000
0001000000
0100000000
0010000000
1000000000
0010000000
,
0100000000
0001000000
0000100000
0000010000
0000100000
0001000000
0100000000
1000000000
,
2220000000
3330000000
0000000000
0000000000
0222000000
0333000000
0000000000
0000000000
0020220000
0030330000
0000000000
0000000000
0002002200
0003003300
0000000000
0000000000
,
0000020202
0000000000
0000030303
0000000000
0000000122
0000000033
0000022100
0000033000
,
0002121000
0000000000
0003030000
0000000000
2210000000
3300000000
0012200000
0003300000
,
0001212000
0000000000
0000303000
0000000000
0000000122
0000000033
0000022100
0000033000
,
0001212000
0000000000
0000303000
0000000000
2210000000
3300000000
0012200000
0003300000
,
0001111000
0000000100
0000000000
0000000000
0000000000
0000000000
0000000111
0000000100
,
0000000110
0000000001
0000000101
0000000100
0000001100
0000010000
0000110000
0000100000
,
0010100000
0100000000
1010000000
0010000000
0012000000
0000000000
0000020200
0003030300
,
0000012000
0000000000
0000000000
0000000000
0000000002
0000003000
0000020000
0000000003
,
0000002000
0000000000
0000000000
0000000000
0000033100
0000000000
0000000100
0000000010
,
0000010000
0000000001
0000001000
0000000010
0000000100
0000000001
0000001000
0000000010
0000010000
0000000001
0000001000
0000000010
0000000100
0000000001
0000001000
0000000010
,
0000020000
0000000000
0002002000
0000000000
0000000000
0000000000
0003033000
0001000000
,
0000010000
0000000000
0000001000
0000000000
0000000001
0000000010
0000010000
0000001000
0000000001
0000000100
0000010000
0000001000
0000000001
0000000010
0000010000
0000001000
,
0000000001
0000000000
0000000010
0000000100
0000001000
0000000000
0000010000
0001000000
0000100000
0000001000
0001000000
0000100000
0010000000
0001000000
1000000000
0010000000
,
1110000000
0000000000
2200000000
0300000000
0000200000
3000000000
0002000000
0003300000
,
0001000000
0000001000
0000100000
0000010000
0000000000
0000000000
0000000000
0000000000
0001000000
0000000000
0000000000
0000000000
0000001000
0000000000
0000000000
0000000000
0000100000
0000010000
0000000100
0000000010
0000000000
0000000000
0000000000
0000000000
0000100000
0000000000
0000000000
0000000000
0000010000
0000000000
0000000000
0000000000
,
0000002020
0000000000
0000003030
0001000000
0000220000
0000000000
0000330000
0010000000
,
0002000000
0000000000
0000000000
0000000000
0000000110
0000000200
0000000000
0000000000
0000000000
0000000000
0000000000
0000000000
0000001300
0000000000
0000000000
0000000000
0000000000
0000000000
0000000000
0000000000
0000000110
0000000200
0000000000
0000000000
0003001300
0000000000
0000000000
0000000000
0000000000
0000000000
0000000000
0000000000
,
0000000100
0000000000
0000001000
0000000000
0000000100
0000001000
0000010000
0001000000
0000100000
0000000000
0010000000
0000000000
1000000000
0100000000
0010000000
0001000000
,
0000100000
0000001000
0000000100
0000001000
0000010000
0001000000
0000100000
0010000000
,
1000000000
0000000000
0100000000
0000000000
0010000000
0001000000
0000100000
0000001000
0000010000
0000000000
0000000100
0000000000
0000000001
0000000010
0000000100
0000001000
,
0000010000
0000000000
0000010000
0000000000
0000100000
0000000000
0000100000
0000000000
0000010000
0000100000
0000010000
0000100000
0000010000
0000100000
0000010000
0000100000
,
0000010000
0000000000
0000010000
0000000000
0000010000
0000000000
0000010000
0000000000
0010000000
0000100000
0100000000
0010000000
1000000000
0100000000
0010000000
0001000000
,
0000200000
0000000000
0000000000
0000000000
0000000000
0000000000
0000000000
0000000000
0000000000
0000000000
0000300000
0000000000
0000010000
0000100000
0000000100
0000010000
,
0000000010
0000000000
0000001000
0000000000
0000000001
0000000100
0000010000
0000001000
0000010000
0000100000
0000001000
0001000000
0010000000
0100000000
0010000000
0001000000
,
0000200000
0000000000
0000000000
0000000000
0000000000
0000000000
0000000000
0000000000
0000000000
0000000000
0000300000
0000000000
0100000000
1000000000
0010000000
0000100000
,
0001000000
0000001000
0000100000
0000010000
0001000000
0000000000
0000000000
0000000000
0000010000
0000000000
0000000000
0000000000
0000100000
0000000000
0000000000
0000000000
0000001000
0001000000
0000010000
0000100000
0000001000
0000000000
0000000000
0000000000
0000100000
0000000000
0000000000
0000000000
0000010000
0000000000
0000000000
0000000000
,
0010100000
0000000000
0000000100
0000000000
0000010000
0000000000
0000000010
0000000000
0000000100
0000001000
0000000001
0000000100
0000010000
0000000000
0000001000
0000000000
,
0010100000
0000000000
0000000100
0000000000
0000010000
0000000000
0000000010
0000000000
0000000100
0000001000
0000000001
0000000100
0000010000
0000000000
0000001000
0000000000
,
0000022200
0000000000
0000000000
0000000300
0000200000
0000000000
0000000000
0000030000
,
0002000000
0000000000
0000000000
0000003000
0020000000
0000000000
0000000000
0030000000
,
0000002000
0000000000
0000000000
0003000000
0000020000
0000000000
0000000000
0000300000
,
0000000200
0000000000
0000000000
0000033300
0000011100
0000000000
0000000010
0000000100
,
0000000001
0000000010
0000000100
0000001000
0000010000
0000100000
0001000000
0010000000
0100000000
1000000000
0010000000
0100000000
1000000000
0010000000
0000100000
0001000000
,
0000001000
0000010000
0000000100
0000000001
0000000010
0000000100
0000000001
0000000010
0000000100
0000001000
0000010000
0000100000
0001000000
0010000000
0100000000
1000000000
,
0010000000
0000100000
0000010000
0000000100
0000010000
0000100000
0000001000
0001000000
,
0021001200
0000000000
0000000000
0030000300
0010220100
0000000000
0000000000
0000330000
,
0021222200
0000000000
0000000300
0000000000
,
0000030000
0000000000
0030000000
0000000000
,
0000000000
0000000000
0000000000
0000000000
,
0000000000
0000000000
0000000000
0000000000
,
0000000000
0000000000
0000000000
0000000000
,
0000303000
0000000000
0000000000
0000000000