0000000000
0000000000
0000000000
0000000000
0000000000
0000000000
0000000000
0000000000
0000000000
0000000000
0000000000
0000000000
0000000000
0000000000
0000000000
0000000000
0011210000
0000000000
0000000000
0000000000
0011010000
0000000000
0000000000
0000000000
0000000000
0000000000
0000000000
0000000000
0000010000
0000001000
0000010000
0000000100
,
0000020000
0000000000
0000030000
0000000000
0000002000
0000000000
0000003000
0000000000
0000000200
0000000000
0000000300
0000000000
0000000020
0000000000
0000300030
0000000000
0000121100
0000000000
0000000000
0000000000
0000101100
0000000000
0000000000
0000000000
0000000000
0000000000
0000000000
0000000000
0000100000
0001000000
0000100000
0010000000
,
0000200000
0000300000
0002000000
0003000000
0020000000
0030000000
0200000000
0300030000
0010000000
0001000000
1000000000
0010000000
0100000000
0000100000
0001000000
0000000100
,
0000100000
0000000000
0000001000
0000000000
0000000100
0000000000
0000000001
0000000000
0000000010
0000000000
0000000100
0000000000
0000010000
0000000000
0001000000
0000000000
1000000000
0010000000
0000100000
0000000000
0000000100
0000000000
0000001000
0000000000
0000000001
0000000100
0000001000
0000000000
0010000000
0000000000
0000100000
0000000000
,
0000001000
0000000100
0000000010
0000000000
0000000100
0000000000
0000010000
0000000000
0001000000
0010000000
1000000000
0000000000
0010000000
0000000000
0000100000
0000000000
0001000000
0000000000
0000001000
0000000000
0000010000
0000000100
0000001000
0000000000
0000010000
0000000000
0000100000
0000000000
0001000000
0010000000
0000100000
0000000000
,
0002002200
0000000000
0000000000
0000000000
0000000000
0000000000
0000000000
0003000300
0000000000
0000000000
0000000000
0000000000
0020200000
0000000000
0000000000
0000000000
0000000000
0000000000
0000000000
0030003000
0000000000
0000000000
0000000000
0000000000
0000020200
0000000000
0000000000
0000000000
0000000000
0000000000
0000000000
0000000000
0000000000
0000000000
0000000000
0000000000
0000000000
0000000000
0000000000
0000000000
0000000000
0000000000
0000000000
0000000000
0000000000
0000000000
0000000000
0000000000
0000000000
0000000000
0000000000
0000000000
0000000000
0000000000
0000000000
0000330300
0000000000
0000000000
0000000000
0000000000
0000100000
0000000000
0000000000
0000000000
,
0000010000
0000000000
0000000000
0000000000
0000001000
0000000000
0000000000
0000000000
0000000100
0000000000
0000000000
0000000000
0000010000
0000000000
0000000000
0000000000
0001000000
0000000000
0000000000
0000000000
1000000000
0010000000
0001000000
0000001000
0000000000
0000000000
0000000000
0000000000
0000001000
0001000000
0010000000
0100000000
0000000000
0000000000
0000000000
0000000000
0100000000
0010000000
0000100000
0000010000
0000000000
0000000000
0000000000
0000000000
0000010000
0000100000
0010000000
1000000000
0000000000
0000000000
0000000000
0000000000
0000100000
0000000000
0000000000
0000000000
0010000000
0000000000
0000000000
0000000000
0100000000
0000000000
0000000000
0000000000
,
1000000000
0000000000
0010000000
0000000000
0001000000
0000000000
0000010000
0000000000
0000001000
0000000000
0000000010
0000000000
0000000001
0000000000
0000000100
0000000000
0000001000
0000000000
0000100000
0000000000
0010000000
0000000000
0100000000
0000000000
1000000000
0000000000
0010000000
0100000000
0001000000
0010000000
0000100000
0001000000
,
0000010000
0000100000
0000001000
0000010000
0000000100
0000001000
0000000010
0000000100
0000000001
0000010000
0000000200
0000000000
0000000000
0000000000
0002002000
0000000000
0000000000
0000000000
0000000000
0000000000
0000000000
0000000000
0003003300
0000000000
0010000000
0000000000
0000010000
0001000000
0000001000
0000100000
0001000000
0010000000
,
0100000000
1000000000
0010000000
0000100000
0000010000
0001000000
0000100000
0010000000
0000100000
0001000000
0000010000
0000000000
0000001000
0000000000
0000000100
0000000000
0010000000
0001000000
0000100000
0000001000
0001000000
0000010000
0000001000
0000000100
0000000010
0000000001
0000000111
0000000000
0000000000
0000000000
0000000122
0000000000
,
0000000033
0000000000
0000000000
0000000000
0000020102
0000000000
0000000000
0000000000
0000030003
0000000000
0000000000
0000000000
0000022100
0000000000
0000000000
0000000000
0000033000
0000000000
0000000000
0000000000
0000100000
0000010000
0000001000
0000000100
0000000000
0000000000
0000000000
0000000000
0001000000
0000000000
0000000000
0000000000
0000010000
0000000000
0000000000
0000000000
0010000000
0001000000
0000100000
0000010000
0000000000
0000000000
0000000000
0000000000
0010000000
0000000000
0000000000
0000000000
0000001000
0000000000
0000000000
0000000000
0202000000
0000000000
0000000000
0000000000
0000000000
0000000000
0000000000
0000000000
0303000000
0000000000
0000000000
0000000000
,
0010000000
0000000000
0000220000
0000000000
0000000000
0000000000
0000330000
0000000000
0000000100
0000000000
0000001000
0000000000
0000000001
0000000000
0000000010
0000000000
0000010000
0000000000
0001000000
0000000000
0000001000
0000000000
0000010000
0001000000
0000010000
0001000000
0000010000
0000000000
0000100000
0000000000
0000010000
0000001000
,
0000000100
0000000010
0000000001
0000000000
0000001000
0000000000
0000010000
0000100000
0001000000
0010000000
0100000000
0000000000
1000000000
0000000000
0010000000
0000000000
0000100000
0000000000
0000000100
0000000000
0000100000
0000000000
0010000000
0000000000
1000000000
0000000000
0000100000
0000000000
0000001000
0000000000
0000100000
0001000000
,
0010000000
0100000000
0010000000
0000000000
0001000000
0000000000
0000100000
0000001000
0000000100
0000000010
0000000001
0000000000
0000000010
0000000000
0000000100
0000000000
0000010000
0000000000
0001000000
0010000000
0001000000
0010000000
0100000000
1000000000
0100000000
1000000000
0001000000
0000000000
0010100000
0000010000
0001000000
0000000000
,
0000001100
0000100000
0000000001
0000000000
0000000110
0000000001
0000010000
0000000000
0000001000
0000000100
0000000020
0000000000
0000000000
0000000000
0000000000
0000000000
0000000000
0000000000
0000000000
0000000000
0000000000
0000000000
0000000000
0000000000
0000000000
0000000000
0000000000
0000000000
0000000000
0000000000
0000000030
0000000000
,
0000000000
0000000000
0000000001
0000000010
0000000100
0000000001
0000000010
0000000000
0000000100
0000000000
0000001000
0000010000
0000000100
0000000001
0000000010
0000000100
0000001000
0000010000
0000100000
0001000000
0010000000
0100000000
2000000000
0000000000
0000000000
0000000000
0000000000
0000000000
0000000000
0000000000
0000000000
0000000000
,
0000000000
0000000000
0000000000
0000000000
0000000000
0000000000
0000000000
0000000000
0000000000
0000000000
0000000000
0000000000
0000000000
0000000000
0000000000
0000000000
0000000000
0000000000
0000000000
0000000000
3000000000
0000000000
0000000000
0000000000
0000000000
0000000000
0000000000
0000000000
1000000000
0000000000
0100000000
0000000000
0010000000
0000000000
0001000000
0000000000
0010000000
0000100000
0001000000
0000001000
0000100000
0000000000
0000000000
0000000000
0000010000
0000000000
0000000000
0000000000
0001000000
0000000000
0000000000
0000000000
0000000100
0000010000
0000001000
0001000000
0000010000
0000000000
0000000000
0000000000
0000100000
0000000000
0000000000
0000000000
,
0000001000
0000000000
0010100000
0000000000
0000000100
0000000000
0000010000
0000000000
0000001000
0000000000
0000000100
0000000010
0000001000
0000000100
0000010000
0000000000
0000001000
0000000000
0010100000
0000000000
0000000100
0000000000
0000010000
0000000000
0000001000
0000000000
0000000100
0000000010
0000001000
0000000100
0000010000
0000000000
,
0000001000
0000000000
0000000000
0000000000
0000202200
0000000000
0000000000
0000000000
0000000000
0000000000
0000000000
0000000000
0000000000
0000000000
0000000000
0000000000
0000000000
0000000300
0000000000
0000000000
0020000000
0000000000
0000000000
0000000000
0000000000
0000000000
0000000000
0000000000
0000000000
0000000000
0000000000
0000000000
0000000000
0000300000
0000000000
0000000000
0002000000
0000000000
0000000000
0000000000
0000000000
0000000000
0000000000
0000000000
0000000000
0000000000
0000000000
0000000000
0000000000
0000003000
0000000000
0000000000
0200000000
0000000000
0000000000
0000000000
0000000000
0000000000
0000000000
0000000000
0000000000
0000000000
0000000000
0000000000
,
0000000000
0333000000
0000000000
0000000000
0100000000
0000000000
0000000000
0000000000
0010000000
0000000000
0000000000
0000000000
0001000000
0000000000
0000000000
0000000000
0000100000
0000000000
0000000000
0000000000
0000001000
0000000000
0000000000
0000000000
0000010000
0000000000
0000000000
0000000000
0000000100
0000000000
0000000000
0000000000
0000000001
0000000000
0000000000
0000000000
0000010000
0000000000
0000001000
0000000000
0000000100
0000000000
0000000010
0000000000
0000000100
0000000000
0000000002
0000000000
0000002000
0000000000
0000000000
0000000000
0000000000
0000000000
0000000000
0000000000
0000000000
0000000000
0000000000
0000000000
0000000000
0000000000
0000000000
0000000000
,
0000000000
0000000000
0000000000
0000003003
0000000000
0000000000
0000000010
0000000100
0000001000
0001000000
0000100000
0000000000
0001001000
0000010000
0000100000
0000000000
0011000000
1000000000
0000100000
0000000000
0001001000
0000100000
0010000000
0000000000
0001000000
0010000000
0200000000
0000000000
0000000000
0000000000
0000000000
0000000000
,
0000000000
0000000000
0000000000
0000000000
0000000000
0000000000
0000000000
0000000000
0000000000
0000000000
0300000000
0000000000
0000000000
0000000000
0000000000
0000000000
0000000000
0000000000
1000000000
0100000000
0010000000
0001000000
0010000000
0000000000
0100000000
0000000000
1000000000
0100000000
0010000000
0001000000
0000100000
0001000000
,
0010000000
0001000000
0000010000
0000000100
0000000001
0000000010
0000000200
0000000000
0000000000
0000000000
0000000000
0000000000
0000000000
0000000000
0000000000
0000000000
0000000000
0000000000
0000000000
0000000000
0000000000
0000000000
0000000300
0000000000
0000000000
0000000000
0000000000
0000000000
0000000000
0000000000
0000000001
0000000010
,
0000000100
0000000000
0000001000
0000000000
0000000100
0000010000
0000001000
0001000000
0000010000
0000000000
0000000000
0000000000
0000100000
0000000000
0000000000
0000000000
0000001000
0000000000
0000000000
0000000000
0010000000
0000100000
0001000000
0000001000
0000100000
0000000000
0000000000
0000000000
0000010000
0000000000
0000000000
0000000000
0001000000
0000000000
0000000000
0000000000
0000010100
0000000000
0000000000
0000000000
0010000000
0000000000
0000000000
0000000000
0000100000
0000000000
0000000000
0000000000
0001000000
0000000000
0000000000
0000000000
0010000000
0000000000
0100000000
0000000000
0001000000
0000000000
0010000000
0000000000
0000100000
0000000000
0000000000
0000000000
,
0001000000
0000000000
0000000000
0000000000
0000010100
0000000000
0000000000
0000000000
0010000000
0000000000
0000000000
0000000000
0000100000
0000000000
0000000000
0000000000
0001000000
0000000000
0000000000
0000000000
0010000000
0000000000
0100000000
0000000000
0001000000
0000000000
0010000000
0000000000
0000100000
0000000000
0000000000
0000000000
0001000000
0000000000
0000000000
0000000000
0022200000
0000000000
0000000000
0000000000
0000000000
0000000000
0000000000
0000000000
0000000000
0000000000
0000000000
0000000000
0000000000
0030000000
0000000000
0000000000
0000020000
0000000000
0000000000
0000000000
0000000000
0000000000
0000000000
0000000000
0000000000
0000000000
0000000000
0000000000
,
0000000000
0000300000
0000000000
0000000000
0000002000
0000000000
0000000000
0000000000
0000000000
0000000000
0000000000
0000000000
0000000000
0000000000
0000000000
0000000000
0000000000
0003000000
0000000000
0000000000
0000000200
0000000000
0000000000
0000000000
0000000000
0000000000
0000000000
0000000000
0000000000
0000000000
0000000000
0000000000
0000000000
0000003000
0000000000
0000000000
0000000020
0000000000
0000000000
0000000000
0000000000
0000000000
0000000000
0000000000
0000000000
0000000000
0000000000
0000000000
0000000000
0000030000
0000000000
0000000000
0000000002
0000000000
0000000000
0000000000
0000000000
0000000000
0000000000
0000000000
0000000000
0000000000
0000000000
0000000000
,
0000000333
0000000000
0000000111
0000000000
0000000011
0000000000
0000011100
0000000000
0000011000
0000000000
0011100000
0000000000
0001100000
0000000000
1010100000
0000000000
1000100000
0000000000
1000000000
0010000000
0100000000
0001000000
0010000000
0000100000
0001000000
0000010000
0000100000
0000001000
0000010000
0000000100
0000001000
0000000100
,
0000000010
0000000001
0000000010
0000000100
0000001000
0000000100
0000010000
0000001000
0000100000
0000010000
0001000000
0000100000
0010000000
0001000000
0010000000
0100000000
1000000000
0100000000
0010000000
0000000000
0001000000
0000000000
0000100000
0000000000
0000010000
0000000000
0000100000
0000000000
0001000000
0000000000
0100000000
0000000000
,
1000000000
0000000000
0000000000
0000000000
2220000000
0000000000
0000000000
3330000000
0000000000
0000000000
0000000000
0000000000
0222000000
0000000000
0000000000
0333000000
0000000000
0000000000
0000000000
0000000000
0022200000
0000000000
0000000000
0033300000
0000000000
0000000000
0000000000
0000000000
0000222200
0000000000
0000000000
0000333300
0000000000
0000000000
0000000000
0000000000
0000020202
0000000000
0000000000
0000000000
0000000000
0000000000
0000000000
0000000000
0000000000
0000000000
0000000000
0000030303
0000000000
0000000000
0000000000
0000000000
0000000122
0000000000
0000000000
0000000000
0000000033
0000000000
0000000000
0000000000
0000022100
0000000000
0000000000
0000000000
,
0000033000
0000000000
0000000000
0000000000
0012210000
0000000000
0000000000
0000000000
0000000000
0000000000
0000000000
0000000000
0000000000
0000000000
0000000000
0003300000
0000000000
0000000000
0000000000
0000000000
2210000000
0000000000
0000000000
0000000000
3300000000
0000000000
0000000000
0000000000
0012200000
0000000000
0000000000
0000000000
0003300000
0000000000
0000000000
0000000000
0001022100
0000000000
0000000000
0000000000
0000000000
0000000000
0000000000
0000000000
0000000000
0000000000
0000000000
0000033000
0000000000
0000000000
0000000000
0000000000
0000000122
0000000000
0000000000
0000000000
0000000033
0000000000
0000000000
0000000000
0000022100
0000000000
0000000000
0000000000
,
0000033000
0000000000
0000000000
0000000000
0002222000
0000000000
0000000000
0000000000
0000000000
0000000000
0000000000
0000000000
0000000000
0000000000
0000000000
0003333000
0000000000
0000000000
0000000000
0000000000
2210000000
0000000000
0000000000
0000000000
3300000000
0000000000
0000000000
0000000000
0012200000
0000000000
0000000000
0000000000
0003300000
0000000000
0000000000
0000000000
0001111000
0000000000
0000000000
0000000000
0001111000
0000000000
0000000000
0000000000
0001000000
0000000000
0000000000
0000000000
0000001000
0000000000
0000000000
0000000000
0000010000
0000000000
0000000000
0000000000
0000000001
0000000000
0000000000
0000000000
0000010101
0000000000
0000000000
0000000000
,
0000010000
0000010110
0000000010
0001000110
0001000000
0001010100
0000000100
0010010100
0010000000
0010101000
0000001000
0110001000
0100000000
0100200000
0000000000
0002002000
,
0003303000
0000001120
0000000000
0000000000
0000000000
0000020100
0000000030
0000000102
0000030000
0000002100
0000000000
0000000000
0000000000
0000003103
0000000000
0000000100
,
0000000010
0000000000
0000000000
0000000000
0000001000
0000000100
0000000010
0000000100
0000001000
0000000100
0000000010
0000000100
0000001000
0000000100
0000000010
0000000100
0000001000
0000000100
0000000010
0000000100
0000001000
0000000100
0000000010
0000000100
0000001000
0000000100
0000000010
0000000100
0000001000
0000000100
0000000010
0000000100
0000001000
0000000100
0000000010
0000000000
0000020000
0000000000
0000000000
0000000000
0000000000
0000000000
0000000000
0000000000
0002002000
0000000000
0000000000
0000000000
0000000000
0000000000
0000000000
0000000000
0000000000
0000000000
0000000000
0000000000
0000000000
0000000000
0000000000
0000000000
0003033000
0000000000
0000000000
0000000000
,
0100000000
0000000000
0000000000
0000000000
0000010000
0000100000
0010000000
0100000000
0010000000
0000100000
0000010000
0000100000
0010000000
0100000000
0010000000
0000100000
0000010000
0000100000
0010000000
0100000000
0010000000
0000100000
0000010000
0000100000
0010000000
0100000000
0010000000
0000100000
0000010000
0000100000
0010000000
0100000000
0010000000
0000100000
0000010000
0000100000
0010000000
0000000000
0000000000
0000000000
0001000000
0000000000
0010000000
0000000000
0100000000
0000000000
0000000000
0000000000
1000000000
0000000000
0010000000
0000000000
0000100000
0000000000
0001000000
0000000000
0000001000
0000000000
0000010000
0000000000
0000000100
0000000000
0000000001
0000000000
,
0000000010
0000000000
0000000100
0000000000
0000000111
0000000000
0000000000
0000000000
0000000000
0000000000
0000000000
0000000000
0000000122
0000000000
0000000000
0000000000
0000000003
0000000000
0000000000
0000000000
0000002100
0000000000
0000000000
0000000000
0000000030
0000000000
0000000000
0000000000
0000020100
0000000000
0000000000
0000000000
0000033000
0000000000
0000000000
0000000000
0001000000
0000100000
0010000000
0000010000
0000000000
0000000000
0000000000
0000000000
0001000000
0000000000
0000000000
0000000000
0000001000
0000000000
0000000000
0000000000
0000100000
0000010000
0000000100
0000000001
0000000000
0000000000
0000000000
0000000000
0001000000
0000000000
0000000000
0000000000
,
0000010000
0000002200
0000000000
0000003300
0000000001
0000220000
0000000000
0000330000
0000000100
0020000000
0000000110
0000100000
0000001100
0000100000
0000000110
0000100000
,
0030001100
0000000000
0001000000
0000000000
0000100000
0000000000
0000001000
0000010000
0001000000
0000100000
0010000000
0000000000
1000000000
0000000000
0100000000
0010000000
0001000000
0000100000
0000001000
0000000000
0000000101
0000000000
0000000010
0000000000
0000000101
0000000000
0000001000
0000000000
0000000101
0000000000
0000000010
0000000000
,
0000000101
0000000000
0000010000
0000000000
0000000010
0000000000
0000000100
0000001000
0000010000
0001000000
0000100000
0000000000
0010000000
0000000000
1000000000
0100000000
0010000000
0001000000
0000100000
0000000000
0000010000
0000000000
0001000000
0000000000
0000100000
0000000000
0000001000
0000000100
0000001000
0000000100
0000001000
0000000100
,
0000001000
0000000100
0000001100
0000000000
0000001100
0000000000
0000001100
0000000000
0000001100
0000000000
0000000010
0000000100
0000010000
0000001000
0000100000
0001000000
0010000000
0100000000
0000200000
0000000000
0000000000
0000000000
0000000000
0000000000
0000000000
0000000000
0000000000
0000000000
0000000000
0000000000
0000000000
0000000000
,
0000000000
0000000000
0000000000
0000000000
0000000000
0000000000
0000300000
0000000000
0000000000
0000000000
0001000000
0000010000
0000001000
0000000100
0000010000
0000000000
0000000010
0000000000
0000000001
0000000100
0000010000
0000001000
0000100000
0000010000
0001000000
0010000000
0100000000
0010000000
0001000000
0000100000
2000000000
0000000000
,
0000000000
0000000000
0000000000
0000000000
0000000000
0000000000
0000000000
0000000000
0000000000
0000000000
0000000000
0000000000
0000000000
0000000000
0000000000
0000000000
0000000000
0000000000
0000000000
0000000000
0000000000
0000000000
0000000000
0000000000
0000000000
0000000000
0000000000
0000000000
0000000000
0000000000
0000000000
0000000000
0000000000
0000000000
0000000000
0000000000
3000000000
0000000000
0000000000
0000000000
0000000000
0000000000
0000000000
0000000000
0100000000
0000000000
1000000000
0000000000
0010000000
0000000000
0000100000
0000000000
0001000000
0000100000
0000010000
0000001000
0000000100
0000000000
0000000000
0000000000
0001000000
0000000000
0000000000
0000000000
,
0000010000
0000000000
0000000000
0000000000
0000001000
0000000100
0000000010
0000000001
0000010000
0000000000
0000000000
0000000000
0001000000
0000000000
0000000000
0000000000
0010000000
0000000000
0000000000
0000000000
0000010100
0000000000
0000000000
0000000000
0010000000
0000000000
0000000000
0000000000
0000100000
0000000000
0000000000
0000000000
0100000000
0000000000
0000000000
0000000000
0010000000
0000000000
0001000000
0000000000
1000000000
0000000000
0010000000
0000000000
0000100000
0000000000
0000000000
0000000000
0001000000
0000000000
0000000000
0000000000
0000010100
0000000000
0000000000
0000000000
0010000000
0000000000
0000000000
0000000000
0000100000
0000000000
0000000000
0000000000
,
0100000000
0000000000
0010000000
0001000000
1000000000
0010000000
0000100000
0000000000
0001000000
0000000000
0022200000
0000000000
0000000000
0000000000
0000000000
0000000000
0000000000
0000000000
0000000000
0000000000
0030000000
0000000000
0000020000
0000000000
0000000000
0000000000
0000000000
0000000000
0000000000
0000000000
0000000000
0000000000
,
0000300000
0000002000
0000000000
0000000000
0000000000
0000000000
0003000000
0000000200
0000000000
0000000000
0000000000
0000000000
0000000300
0002000000
0000000000
0000000000
,
0000000000
0000000000
0000003000
0000200000
0000000000
0000000000
0000000000
0000000000
0000030000
0020000000
0000000000
0000000000
0000000000
0000000000
0033300000
0011110000
,
0000000000
0000000000
0100000000
0000000000
0010000000
0000000000
1000000000
0100000000
0010000000
0001000000
0010100000
0000010000
0001001000
0000000100
0000000010
0000000001
0000010100
0000000010
0000000001
0000000100
0000010000
0000001000
0011000000
0000100000
0010000000
1000000000
0100000000
0010000000
1000000000
0100000000
0010000000
0001001000
,
0000100000
0000010000
0000001000
0000010100
0000000010
0000000001
0000000100
0000000000
0000010000
0000000000
0000100000
0000000000
0110000000
0000000000
0000100000
0000000000
0000010000
0000000000
0011000000
0000000000
0000001000
0000000000
0021020200
0000000000
0000000000
0000000000
0000000000
0000000000
0030030300
0000000000
0020202100
0000000000
,
0000000000
0000000000
0000000000
0000000000
0000000000
0000000000
0000000000
0000000000
0030303000
0000000000
0000000000
0000000000
0022222200
0003000000
0000000300
0000000000
0000000000
0000000000
0000030000
0000000000
0000000000
0000000000
0030000000
0000000000
0000000000
0000000000
0000000000
0000000000
0000000000
0000000000
0000000000
0000000000
0000000000
0000000000
0000000000
0000000000
0000000000
0000000000
0000000000
0000000000
0000000000
0000000000
0000000000
0000000000
0000000000
0000000000
0000000000
0000000000
0000000000
0000000000
0000000000
0000000000
0000000000
0000000000
0000000000
0000000000
0000000000
0000000000
0000000000
0000000000
0000000000
0000000000
0000000000
0000000000
,
0000000000
0000000000
0000000000
0000000000
,
0000000000
0000000000
0000000000
0000000000
,
0000000000
0000000000
0000000000
0000000000
,
0000000000
0000000000
0000000000
0000000000
,
0000000000
0000000000
0000000000
0000000000
,
0000000000
0000000000
0000000000
0000000000
0000000000
0000000000
0000000000
0000303000
0000000000
0000000000
0000000000
0000000000
0000000000
0000000000
0000000000
0000000000
0000000000
0000000000
0000000000
0000000000
0000000000
0000000000
0000000000
0000000000
0000000000
0000000000
0000000000
0000000000
0000000000
0000000000
0000000000
0000000000