0000000000
0000000000
0000000000
0000000000
,
0000000000
0000000000
0000000000
0000000000
,
0000000000
0000000000
0000000000
0000000000
,
0000000000
0000000000
0000000000
0000000000
,
1000000000
0000100000
1000000000
0000100000
,
0100000000
0000000000
0001000000
0000000000
,
0100000000
0001000000
0010000000
0000000000
,
0000001000
0001000000
0000001000
0001000000
,
0000100000
0010000000
0001000000
0000000000
,
1000000000
0000000000
0000100000
0000000000
,
1000000000
0000100000
0010000000
0000000000
,
0000010000
0000100000
0000010000
0000100000
,
0001000000
0010000000
0000100000
1000000000
,
2000200000
0000000000
0000000000
0000000000
,
0000000000
0000000000
0000000000
0000000000
,
0000000000
0000000000
0000000000
0000000000
,
0000000000
0000000000
0000000000
0000000000
,
0000000000
0000000000
0000000000
0000000000
,
0000000000
0000000000
0000000000
3000300000
,
1000100000
0000000000
0002000000
0003000000
0200000000
0300000000
0000002000
0000003000
,
0002000000
0003000000
0000000200
0000000300
,
0000002000
0000003000
0000020000
0000030000
0000200000
0000300000
0002000000
0003000000
,
0020000000
0000000000
0000000000
0000000000
0000000000
0030000000
0200000000
0000000000
,
2000000000
0000000000
0000000000
0000000000
,
0000000000
0000000000
0000000000
0000000000
,
0000000000
0000000000
0000000000
0000000000
,
0300000000
0000000000
3000000000
0000000000
0010000000
0000000000
0100000000
0001000000
,
1000000000
0010000000
0100000000
0001000000
0010000000
0000100000
1000000000
0010000000
,
2020000000
0000000000
0000000000
0000000000
,
0000000000
0000000000
0000000000
0000000000
,
0000000000
0000000000
0000000000
0000000000
,
0000000000
0000000000
0000000000
0000000000
,
0000000000
0000000000
0000000000
0000000000
,
0000000000
0000000000
0000000000
3030000000
,
1000200000
0000300000
0200100000
0300000000
,
0102000000
0003000000
0021000000
0030000000
,
0010200000
0000000000
0000000000
0000000000
0000000000
0000300000
1000000000
0010000000
,
2020000000
0000000000
0000000000
0000000000
,
0000000000
0000000000
3030000000
0000000000
,
1000000000
0010000000
1000000000
0010000000
0000100000
0000010000
0000100000
0000010000
,
0000002000
0000000000
0000000000
0000000000
0000003000
0000000000
0000000100
0000010000
,
0000001000
0001000000
0000001000
0001000000
0000100000
0010000000
0000100000
0010000000
,
0002000000
0000000000
0003000000
0100000000
,
0001000000
0010000000
0000100000
0000000000
0100000000
0010000000
1000000000
0000000000
,
2200000000
0000000000
0000000000
0000000000
,
0000000000
0000000000
0000000000
0000000000
,
0000000000
0000000000
0000000000
0000000000
,
0000000000
0000000000
0000000000
0000000000
,
0000000000
0000000000
0000000000
0000000000
,
0000000000
0000000000
0300000000
3000000000
,
0010000000
0000000000
0100000000
0001000000
0100000000
0001000000
0010000000
0000001000
,
0001000000
0000000000
0000001000
0001000000
0000001000
0001000000
0000100000
0010000000
,
0001000000
0100000000
0010000000
1000000000
,
1010000000
0011000000
0110000000
0010100000
,
2000200000
0000000000
0000000000
3000300000
,
1000100000
0000000000
0100000000
0001000000
,
0202000000
0000000000
0000000000
0303000000
,
0101000000
0000000000
1000000000
0000100000
,
2000200000
0000000000
0000000000
3000300000
,
1000000000
0000100000
0010000000
0001000000
,
0202000000
0000000000
0000000000
0303000000
,
0100200000
0000000000
0000000000
0000300000
0010000000
0000000000
0001000000
0000000000
,
2000000000
0000000000
0000000000
3000000000
,
0010000000
0000100000
0000010000
0000000100
,
0000000001
0000020002
0000000000
0000000000
,
0000000000
0000000000
0000000000
0000000000
,
0000000000
0000000000
0000000000
0000030003
,
0000010001
0000000000
0000000020
0000000030
0000002000
0000003000
0000000200
0000000300
,
0002000000
0003000000
0000002000
0000003000
,
0200000000
0300000000
0002000000
0003000000
,
0202000000
0000000000
0000000000
0000000000
,
0000000000
0000000000
0000000000
0000000000
,
0000000000
0000000000
0000000000
0303000000
,
0100000000
0000001000
0001000000
0000000010
,
0000002020
0000000000
0000000000
0000000000
,
0000000000
0000000000
0000000000
0000000000
,
0000000000
0000000000
0000003030
0000000010
,
0000000100
0000001000
0001000000
0010000000
,
0202000000
0000000000
0000000000
0000000000
,
0000000000
0000000000
0000000000
0000000000
,
0000000000
0000000000
0000000000
0303000000
,
0001000000
0100000000
0010000000
1000000000
0000100000
0010000000
0001000000
0100000000
,
0202000000
0003000000
0000000000
0000000000
0000200000
0000000000
0000000000
0000000000
,
0000000000
0300000000
0000000000
0000000000
2000000000
0000000000
0000000000
0000000000
,
0000000000
0000300000
0000000000
0000000000
0002000000
0000000000
0000000000
0000000000
,
0000000000
3000000000
0000000000
0000000000
0200000000
0000000000
0000000000
0000000000
,
0000000000
0000000000
0000000000
0303000000
,
0101000000
0000000000
0100000000
0010000000
0001000000
0000001000
0000000100
0000000010
,
0000001000
0000000100
0000000010
0000000100
0000000001
0000000100
0000010000
0000000100
,
0000002000
0000003000
0000000002
0000000003
,
0000000022
0000000000
0000000000
0000000000
,
0000000000
0000000000
0000000000
0000000000
,
0000000000
0000000000
0000000000
0000000000
,
0000000000
0000000000
0000000000
0000000000
,
0000000000
0000000000
0000000000
0000000000
0000000000
0000000033
0000000000
0000000000
&
0000000000
0000000000
0000000000
0000000000
,
0000000000
0000000000
0000000000
0000000000
,
0000000000
0000000000
0000000000
0000000000
,
0000000000
0000000000
0000000000
0000000000
,
0000000010
0000000100
0000000001
0000000010
,
0000000022
0000000000
0000000000
0000000000
,
0000000000
0000000000
0000000000
0000000000
,
0000000000
0000000000
0000000000
0000000000
,
0000000000
0000000000
0000000000
0000000000
,
0000000000
0000000000
0000000000
0000000000
,
0000000000
0000000000
0000000000
0000000000
,
0000000000
0000000000
0000000000
0000000000
,
0000000000
0000000000
0000000000
0000000033
,
0000000102
0000000003
0000010000
0000000100
,
0000002000
0000000000
0000000000
0000003000
,
0000000010
0000000100
0000000010
0000010000
0000000010
0000000100
0000000010
0000010000
,
0000000020
0000000200
0000000030
0000000300
,
0000000001
0000000100
0000000001
0000001000
0000000001
0000000100
0000000001
0000001000
,
0000000002
0000000200
0000000003
0000000300
,
0000000022
0000000000
0000000000
0000000000
,
0000000000
0000000000
0000000000
0000000000
,
0000000000
0000000000
0000000000
0000000000
,
0000000000
0000000000
0000000030
0000000003
,
0000002000
0000003000
0000000100
0000001000
0000000020
0000000030
0000001000
0000000100
,
0002000000
0000000000
0000000000
0003000000
,
0000020000
0000030000
0000100000
0000010000
0020000000
0030000000
0000010000
0000100000
,
0000000200
0000000000
0000020000
0000000000
,
0000000000
0000000000
0000000000
0000000000
,
0000000000
0000000000
0000030300
0000000000
0000000000
0000000000
0000000100
0000010000
,
0000000001
0000000100
0000000010
0000001000
0000000100
0000010000
0000001000
0001000000
,
0000200000
0000000000
0000000000
0000300000
,
0001000000
0000001000
0000010000
0000000000
0000001000
0001000000
0000100000
0000000000
,
0001000000
0000001000
0000010000
0000000100
0000001000
0000000010
0000000100
0000000001
,
0000010000
0000000100
0000001000
0000000010
0000000100
0000000001
0000010000
0000000100
,
0000020002
0000000000
0000000000
0000000000
,
0000000000
0000000000
0000000000
0000000000
,
0000000000
0000000000
0000000000
0000030003
,
0000000202
0000000000
0000000000
0000000000
,
0000000000
0000000000
0000000303
0000000000
,
0000000022
0000000000
0000000000
0000000000
,
0000000000
0000000000
0000000000
0000000000
,
0000000000
0000000000
0000000000
0000000000
,
0000000000
0000000000
0000000000
0000000000
,
0000000000
0000000000
0000000030
0000000003
,
0000000100
0000000010
0000000100
0000000010
0000001000
0000000100
0000001000
0000000100
,
0001000000
0000001000
0001000000
0000001000
0000100000
0000010000
0000100000
0000010000
,
0020000000
0030000000
0002000000
0003000000
,
0000200000
0000300000
0000020000
0000030000
,
0000002000
0000003000
0000000200
0000000300
,
0000010100
0000000110
0000001100
0000000101
,
0000000022
0000000000
0000000000
0000000000
,
0000000000
0000000000
0000000000
0000000000
,
0000000000
0000000000
0000000000
0000000000
,
0000000000
0000000000
0000000030
0000000003
,
0000000100
0000000000
0000000010
0000001000
,
0000002020
0000000000
0000000000
0000003030
,
0000001010
0000000000
0000000001
0000010000
,
0000020002
0000000000
0000000000
0000030003
,
0000010001
0000000000
0000000010
0000001000
,
0000002020
0000000000
0000000000
0000003030
,
0000000010
0000010000
0000000001
0000001000
,
0000002020
0000000000
0000000000
0000000000
,
0000000000
0000000000
0000000000
0000000000
,
0000000000
0000000000
0000000000
0000000000
,
0000000000
0000000000
0000000000
0000003030
,
0000000010
0000000100
0000001000
0001000000
,
0010000000
0100000000
0010000000
1000000000
,
2000200000
0000000000
0000000000
0000000000
,
0000000000
0000000000
0000000000
0000000000
,
0000000000
0000000000
0000000000
0000000000
,
0000000000
0000000000
0000000000
3000300000
,
1000000000
0000010000
0000100000
0000000001
,
0000020002
0000000000
0000000000
0000000000
,
0000000000
0000000000
0000000000
0000000000
,
0000000000
0000000000
0000030003
0000000001
,
0000000100
0000010000
0000100000
0010000000
,
2000200000
0000000000
0000000000
0000000000
,
0000000000
0000000000
0000000000
0000000000
,
0000000000
0000000000
3000300000
1000000000
,
0000010000
0000100000
0000010000
0000000000
0000100000
0000010000
0000100000
0000000000
,
0000000100
0000010000
0000000001
0000000100
0000000010
0000001000
0000000100
0000010000
,
0000020002
0000000000
0000000000
0000000000
0000000000
0000030000
0000000000
0000000000
,
0000002000
0000000000
0000000000
0000000000
0000000000
0000000003
0000000000
0000000000
,
0000000020
0000000000
0000000000
0000000000
0000000000
0000003000
0000000000
0000000000
,
0000020000
0000000000
0000000000
0000000000
0000000000
0000000030
0000000000
0000000000
,
0000000002
0000000000
0000000000
0000030003
,
0000000001
0000000100
0000010000
0000100000
0000010000
0000100000
0010000000
1000000000
,
2000200000
0000000000
0000000000
3000300000
,
0000100000
0010000000
0001000000
0010000000
0100000000
0010000000
1000000000
0010000000
,
0000200000
0000300000
2000000000
3000000000
,
2200000000
0000000000
0000000000
0000000000
,
0000000000
0000000000
0000000000
0000000000
,
0000000000
0000000000
0000000000
0000000000
,
0000000000
0000000000
0000000000
0000000000
,
0000000000
0000000000
0000000000
0000000000
0000000000
3300000000
0000000000
0000000000