00000
00000
00000
00000
,
00000
00000
00000
00000
,
00000
00000
00000
00000
,
00000
00000
00000
00000
,
00000
00000
00000
00000
,
00000
00000
00000
00000
,
00000
00000
00000
00000
00000
00000
00000
00000
00000
00100
00000
00000
00000
00000
00000
00000
00000
00000
00000
00000
00000
00000
00000
00000
00000
00000
00000
00000
00000
00000
00000
00000
,
00000
00000
00000
00000
,
01000
00000
00000
00000
,
00001
00000
00000
00000
,
01000
00000
00001
00100
,
00001
00000
00000
00000
,
10000
00000
00010
00000
,
10000
00000
00010
00100
,
00010
00000
00000
00000
,
00100
00000
00000
00000
,
00000
00000
00000
00000
,
00000
00001
10000
00000
,
00000
00000
00000
00000
,
00000
10000
00010
00000
,
00000
00000
00000
00000
,
00000
00010
02000
00000
,
00000
00000
00000
00000
,
03000
01000
00001
00000
,
00000
00000
00000
00000
,
00000
00101
20000
30000
,
00000
00000
00002
00003
,
00000
00010
02000
03000
,
00000
00000
00020
00030
,
00000
00001
20000
30000
,
00000
00000
00002
00003
,
00000
00000
01010
00000
,
00000
00000
00000
00000
,
00000
00000
00001
00000
,
00000
00000
00010
00000
,
00000
00000
00001
00000
,
00000
00000
01000
00000
,
00010
00000
10000
00000
,
00000
00000
01000
00000
,
00000
00000
10000
00000
,
00000
00000
00000
00000
,
00010
00000
10000
00000
,
00100
00000
00001
00000
,
00001
00000
00010
00000
,
00000
00000
01000
00000
,
00100
10000
00100
00000
,
00000
00010
00200
00000
,
00300
00000
00010
00000
,
00100
00000
01000
00000
,
01000
00000
10000
00000
,
00000
00000
00001
00000
,
00100
00010
00100
00000
,
00000
10000
00200
00000
,
00300
00000
10000
00000
,
10000
00000
00001
00000
,
00001
00000
10000
10000
,
00100
00000
00001
00000
,
00001
00100
01001
00000
,
00000
00000
00100
00000
,
00000
00000
10010
00000
,
00000
00000
00200
00000
,
00000
00300
01001
00100
,
10000
00100
01001
00100
,
00010
00100
00001
00000
,
00000
00000
00000
00000
,
00000
00000
00200
00000
,
00300
00000
00000
00000
00000
00000
00000
01000