00000
00000
00000
00000
,
00000
00000
00000
00000
,
00000
00000
00000
00000
,
00000
00000
00000
00000
,
00000
00000
00000
00000
,
00000
00000
00000
00000
,
00000
00000
00000
00000
00000
00000
00000
00000
00000
00100
00000
00000
00000
00000
00000
00000
00000
00000
00000
00000
00000
00000
00000
00000
00000
00000
00000
00000
00000
00000
00000
00000
,
00000
00000
00000
00000
,
01000
00000
00000
00000
,
00001
00000
00000
00000
,
01000
00000
00001
00000
,
01000
00000
00000
00000
,
00010
00000
10000
00000
,
00010
00000
10000
00000
,
00010
00000
00000
00000
,
00100
00000
00000
00000
,
00000
00000
00000
00000
,
00000
00001
10000
00000
,
00000
00000
00000
00000
,
00000
10000
00010
00000
,
00000
00000
00000
00000
,
00000
00010
02000
00000
,
00000
00000
00000
00000
,
03000
01000
00001
00000
,
00000
00000
00000
00000
,
00000
00101
20000
30000
,
00000
10100
00020
00030
,
00000
00110
02000
03000
,
00000
01100
00002
00003
,
00000
00101
20000
30000
,
00000
10100
00020
00030
,
00000
00100
01010
00000
,
00000
00000
00000
00000
,
00000
00000
00010
00000
,
00010
00000
01000
00000
,
00100
00000
10000
00000
,
00001
00000
01000
00000
,
01000
00000
00010
00000
,
00100
00000
00001
00000
,
10000
00000
10001
00000
,
00000
00000
00000
00000
,
00100
00000
01000
00000
,
00010
00000
10000
00000
,
00010
00000
01000
00000
,
00001
00000
01000
00000
,
00010
00000
00100
00000
,
00001
00000
20000
00000
,
30000
00000
00001
00000
,
10000
00000
00010
00000
,
10000
00000
00001
00000
,
01000
00000
00001
00000
,
10000
00000
00100
00000
,
01000
00000
00020
00000
,
00030
00000
10000
00000
,
00010
00000
01000
00000
,
00001
00000
00100
00000
,
00010
00000
10000
00000
,
00001
00000
10001
00000
,
00000
00000
00200
00000
,
00300
00000
01010
00000
,
00000
00000
00200
00000
,
00300
00000
00000
00000
00000
00000
00000
00000
10000
00000
00000
00000
20000
00000
00000
30000
,
00001
00000
00000
00000
00002
00000
00000
00003
01000
00000
00000
00000
02000
00000
00000
03000
,
00010
00000
00000
00000
00020
00000
00000
00030
00100
00000
00000
00000
00100
00000
00000
00000
,
00100
00100
00200
00000
,
00000
00300
20020
00000
,
00000
00000
00000
00000
00000
00000
00000
00000
00000
30030
00000
00000
00000
00000
01001
00000