00000
00000
00000
00000
,
00000
00000
00000
00000
,
00000
00000
00000
00000
,
00000
00000
00000
00000
,
00000
00000
00000
00000
,
00000
00000
00000
00000
,
00000
00000
00000
00000
00000
00000
00000
00000
00000
00100
00000
00000
00000
00000
00000
00000
00000
00000
00000
00000
00000
00000
00000
00000
00000
00000
00000
00000
00000
00000
00000
00000
,
00000
00000
00000
00000
00000
00000
00000
00000
00000
10000
00100
10000
,
00100
00000
00000
00000
00000
00000
00000
00000
00000
10000
00100
10000
,
00100
00000
00000
00000
00000
00000
00000
00000
00000
01000
00100
01000
,
00100
00000
00000
01000
00100
01000
00100
00000
00000
10000
00100
10000
,
00100
00000
00000
00000
00000
00000
00000
00000
00000
00010
00100
00010
,
00100
00000
00000
00010
00100
00010
00100
00000
00000
00001
00100
00001
,
00100
00000
00000
00001
00100
00001
00100
00000
00000
00010
00100
00010
,
00100
00000
00001
00000
10000
00000
00010
00000
01000
00000
00100
00000
,
02020
00000
00000
00000
,
00000
00000
00000
00000
,
00030
03100
00202
00000
,
00000
00000
00000
00000
,
00303
00101
20200
00000
,
00000
00000
00000
00000
,
30300
10100
02002
00000
,
00000
00000
00000
00000
,
03003
01001
20020
00000
,
00000
00000
00000
00000
,
30030
00000
10010
00000
10000
00010
00100
00001
,
00000
00001
00100
00000
00100
00010
01000
00100
,
00000
00100
01000
00000
01000
00100
10000
00001
,
00000
00001
10000
00000
10000
00010
00100
00001
,
00000
00001
00100
00000
00100
00001
10000
00100
,
00000
00100
10000
00000
10000
00001
01000
00010
,
00000
00010
01000
00100
20001
00000
00000
00000
,
00000
00000
00000
00000
00000
00000
00000
30000
,
00200
01300
01100
00101
,
00100
00001
01000
00000
00110
00000
10100
00000
,
00100
10000
00010
00100
00001
00100
00001
01000
,
00001
00100
00001
01000
00001
00100
00010
00000
,
00001
00100
00010
00000
10100
00000
00110
00000
,
00100
00010
10000
00000
00101
00000
01100
00000
,
00100
00000
00000
01000
00000
00000
00001
00000
00000
00100
00000
00000
00001
00000
00000
00000
01000
00000
00000
00000
00100
00000
00000
00000
,
10000
00000
00010
00000
00100
00000
00001
00000
10000
00000
00100
00000
,
02000
03000
00101
01100
,
00100
00001
01000
00000
00101
00000
01100
00000
,
01000
00001
00100
00001
01000
00100
01000
00001
,
00100
00010
10000
00100
10100
00000
00110
00000
,
00010
10000
00100
10000
00010
01000
00001
00100
,
00001
00000
01000
00000
00001
00000
00100
00000
00020
00030
00000
20000
30000
00000
00200
00300
,
00000
20000
30000
00000
20020
00000
30030
00000
10100
00000
00000
00000
00110
00000
00000
00000
,
00100
10000
00010
00000
10100
00000
00110
00000
,
00010
10000
00100
10000
00010
00100
00010
10000
,
00100
01000
00001
00100
00101
00000
01100
00000
,
01000
00001
00100
00001
01000
00010
10000
00100
,
10000
00000
00010
00000
10000
00000
00100
00000
02000
03000
00000
00002
00003
00000
00200
00300
,
00000
00002
00003
00000
02002
00000
03003
00000
00001
00000
00000
00000
00001
00000
00000
00000
,
10000
00001
00010
00001
10000
00000
10000
00000
,
00001
10000
01000
10000
00002
00003
20000
30000
,
00200
00300
02000
03000
00010
01000
00010
01000
,
00001
10000
00001
10000
00120
00000
00000
00000
,
00000
00000
00000
00030
01000
00100
10000
00001
,
01000
00100
10000
00001
02100
00000
00000
00000
,
00000
00000
00000
03000
00010
00100
00001
10000
,
00010
00100
00001
10000
20002
30003
00220
00330
,
20002
30003
02200
03300
20002
30003
00220
00330
,
20002
30003
02200
03300
20002
00000
00000
00000
,
00000
00000
00000
00000
,
00000
00000
00000
30003
02020
00000
00000
00000
,
00000
00000
00000
00000
03030
00000
00000
01110