// measure 0
0000000000
0000000000
0000000000
0000000000
,  // measure 1
0000000000
0000000000
0000000000
0000000000
,  // measure 2
0000000000
0000000000
0000000000
0000000000
,  // measure 3
0000000000
0000000000
0000000000
0000000000
,  // measure 4
0000000000
0000000000
0000000000
0000000000
,  // measure 5
0000000000
0000000000
0000000000
0000000000
,  // measure 6
0000000000
0000000000
0000000000
0000000000
,  // measure 7
0000000000
0000000000
0000000000
0000000000
0000000000
0000000000
0000000000
0000000000
0000000000
0000100000
0010000000
0001000000
,  // measure 8
0000020000
0000000000
0000000000
0000000000
0000000000
0000000000
0000000000
0000000000
0000000000
0000000000
0000000000
0000000000
0000000000
0000000000
0000000000
0000000000
0000000000
0000030000
0000000100
0000000000
0000001000
0000000000
0000100000
0000000000
,  // measure 9
0020000000
0000000000
0000000000
0000000000
0000000000
0000000000
0000000000
0000000000
0000000000
0000000000
0000000000
0000000000
0000000000
0000000000
0000000000
0000000000
0000000000
0030000000
0001000000
0000000000
0000010000
0000000000
0000000100
0000000000
,  // measure 10
0000002000
0000000000
0000000000
0000000000
0000000000
0000003000
0000100000
0000000000
0010000000
0000000000
0001000000
0000000000
0000020000
0000000000
0000000000
0000000000
0000000000
0000030000
0000000100
0000000000
0000001000
0000000000
0000100000
0000000000
,  // measure 11
0020000000
0000000000
0000000000
0000000000
0000000000
0000000000
0000000000
0000000000
0000000000
0000000000
0000000000
0000000000
0000000000
0000000000
0000000000
0000000000
0000000000
0030000000
0001000000
0000000000
0000010000
0000000000
0000000100
0000000000
,  // measure 12
0000002000
0000000000
0000000000
0000000000
0000000000
0000003000
0000100000
0000000000
0010000000
0000000000
0001000000
0000000000
0000020000
0000000000
0000000000
0000000000
0000000000
0000030000
0000000100
0000000000
0000001000
0000000000
0000100000
0000000000
,  // measure 13
0020000000
0000000000
0000000000
0000000000
0000000000
0030000000
0001000000
0000000000
0000010000
0000000000
0000000100
0000000000
0000002000
0000000000
0000000000
0000000000
0000000000
0000003000
0000100000
0000000000
0010000000
0000000000
0001000000
0000000000
,  // measure 14
0000010000
0000000000
0000001000
0000000000
0001000000
0000000000
0000100000
0000000000
0000001000
0000000000
0000010000
0000000000
,  // measure 15
0010000000
0001000000
0010000000
0000100000
0010000000
0000000000
0000000000
0000000000
0000000100
0000000000
0000000000
0000000100
0000010000
0000000100
0000010000
0000000100
,  // measure 16
0000001000
0000000100
0000001000
0000000000
0000001000
0000000000
0000001000
0000000100
0000001000
0000000100
0000001000
0000000000
0000001000
0000010000
0001000000
0000100000
,  // measure 17
0000001000
0000000000
0000000000
0000010000
0000000000
0000000000
0001000000
0000000000
0000000000
0000100000
0000000000
0000000000
0020000000
0000000000
0000000000
0000000000
0000000000
0000000000
0000000000
0000000000
0000000000
0030000000
0000000000
0000000000
0000100000
0000000000
0000000000
0000000000
0010000000
0000000000
0000000000
0000000000
0000100000
0000000000
0000000000
0000000000
0100000000
0000000000
0000000000
0000000000
0010000000
0000000000
0000000000
0000000000
0100000000
0000000000
0000000000
0000000000
,  // measure 18
0001000000
0010000000
0001000000
1000000000
0010000000
1000000000
0000100000
0010000000
0001000000
1000000000
0010000000
0100000000
,  // measure 19
0000100000
0000000000
0000000000
0010000000
0000000000
0000000000
0001000000
0000000000
0000000000
0000100000
0000000000
0000000000
0000010000
0000000000
0000000000
0000001000
0000000000
0000000000
0000000100
0000000000
0000000000
0000000010
0000000000
0000000000
0000000001
0000000000
0000000000
0000000000
0000000100
0000000000
0000000000
0000000000
0000000001
0000000000
0000000000
0000000000
0000001000
0000000000
0000000000
0000000000
0000000100
0000000000
0000000000
0000000000
0000001000
0000000000
0000000000
0000000000
,  // measure 20
0000000010
0000000100
0000000010
0000010000
0000000100
0000010000
0000000001
0000000100
0000000010
0000010000
0000000100
0000001000
,  // measure 21
0000000001
0000010000
0000000100
0000001000
0000010000
0000100000
0001000000
0010000000
0000200000
0000300000
0100000000
0010000000
0100000000
0001000000
0010000000
0001000000
,  // measure 22
1000000000
0010000000
1000000000
0000100000
0010000000
0000100000
0100000000
0001000000
0010000000
0000100000
1000000000
0010000000
0100000000
0001000000
0010000000
0000100000
,  // measure 23
2000000000
0000000000
0000000000
3010000000
0000000000
0000000000
0000100000
0010000000
0000100000
0100000000
0010000000
0100000000
,  // measure 24
0001000000
0010000000
0001000000
1000000000
0010000000
1000000000
0000100000
0010000000
0001000000
1000000000
0010000000
0100000000
,  // measure 25
0000100000
0001000000
0000001000
0000010000
0001000000
0000100000
0000010000
0000001000
0000100000
0000000000
0000100000
0000000000
0000001000
0000000000
0000000100
0000010000
,  // measure 26
0000001000
0001000000
0000100000
0010000000
0000002000
0000000000
0000003000
0000000000
0000010000
0000000000
0000010000
0000000000
0001000000
0000000000
0010000000
0000100000
,  // measure 27
0001000000
0000001000
0000010000
0000000100
0002000000
0000000000
0003000000
0000000000
0000100000
0000000000
0000100000
0000000000
0000001000
0000000000
0000000100
0000010000
,  // measure 28
0000001000
0001000000
0000100000
0010000000
0000002000
0000000000
0000003000
0000000000
0000010000
0000000000
0000010000
0000000000
0001000000
0000000000
0010000000
0000100000
,  // measure 29
0001000000
0000001000
0000010000
0000000100
0002000000
0000000000
0003000000
0000000000
0000100000
0000000000
0000100000
0000000000
0000001000
0000000000
0000000100
0000010000
,  // measure 30
0000001000
0001000000
0000100000
0010000000
0000002000
0000000000
0000003000
0000000000
0000010000
0000000000
0000010000
0000000000
0001000000
0000000000
0010000000
0000100000
,  // measure 31
0001000000
0000001000
0000010000
0000000100
0000002000
0000000000
0000003000
0000000000
0000000001
0000000010
0000000100
0000001000
0000000010
0000001000
0000000100
0000010000
,  // measure 32
0000000100
0000001000
0000010000
0000100000
0000001000
0001000000
0000010000
0000100000
0000010000
0000100000
0001000000
0010000000
0000100000
0010000000
0001000000
0100000000
,  // measure 33
0001000000
0010000000
0100000000
1000000000
0000200000
0000000000
0000000000
0000300000
0000001000
0000010000
0000001000
0000010000
0010000000
0000000000
0010000000
0000000000
,  // measure 34
0001000000
0000100000
0001000000
0000100000
0000000100
0000000000
0000000100
0000000000
0001000000
0000001000
0000100000
0000010000
0000001000
0000010000
0000100000
0001000000
,  // measure 35
0000100000
0000010000
0001000000
0000001000
0000010000
0000001000
0001000000
0000100000
0010000000
0001000000
0010000000
0001000000
0000010000
0000000000
0000010000
0000000000
,  // measure 36
0000000100
0000001000
0000000100
0000001000
0000100000
0000000000
0000100000
0000000000
0010000000
0001000000
0000100000
0000010000
0000002000
0000000000
0000003000
0000000000
,  // measure 37
0000000100
0000001000
0000010000
0000100000
0002000000
0000000000
0003000000
0000000000
0000010000
0000000100
0000010000
0000000100
0000001000
0000000100
0000001000
0000000100
,  // measure 38
0000001000
0000010000
0000001000
0000010000
0000100000
0000010000
0000100000
0000010000
0000100000
0001000000
0000100000
0001000000
0010000000
0001000000
0010000000
0001000000
,  // measure 39
0010000000
0000100000
0010000000
0000100000
0100000000
0001000000
0100000000
0001000000
1000000000
0000100000
0010000000
0001000000
0010000000
0000100000
0001000000
0000001000
,  // measure 40
0000100000
0000010000
0001000000
0000001000
0001000000
0000001000
0000010000
0000000100
0000001000
0000000100
0000010000
0000000001
0000010000
0000001000
0000000100
0000000010
,  // measure 41
0000002000
0000000000
0000000000
0000000000
0000000000
0000003000
0000000000
0000000000
0000000100
0000000000
0000010000
0000000000
0000001000
0000000100
0000000010
0000000000
,  // measure 42
0000000010
0000001000
0000000100
0000010000
0000001000
0001000000
0000100000
0000000000
0010000000
0000000000
0000100000
0000000000
0001000000
0010000000
0100000000
0000000000
,  // measure 43
0100000000
0001000000
0010000000
0000100000
0001000000
0000001000
0000010000
0000000000
0000000100
0000000000
0000001000
0000000000
0000010000
0000000100
0000000001
0000000000
,  // measure 44
0000000001
0000010000
0000000100
0000001000
0000010000
0000100000
0001000000
0000000000
0010000000
0000000000
0001000000
0000000000
0000100000
0010000000
1000000000
0000000000
,  // measure 45
1000000000
0000100000
0010000000
0001000000
0000100000
0000010000
0000001000
0000000000
0000000100
0000000000
0000010000
0000000000
0000001000
0000000100
0000000010
0000000000
,  // measure 46
0000000010
0000001000
0000000100
0000010000
0000001000
0001000000
0000010000
0000100000
0000000100
0000001000
0000010000
0000100000
0000001000
0001000000
0000010000
0000100000
,  // measure 47
0000010000
0000100000
0001000000
0010000000
0000100000
0010000000
0001000000
0100000000
0000100000
0000000000
0010000000
0000000000
0001000000
0100000000
0010000000
0000000000
,  // measure 48
0010000000
0100000000
0001000000
0010000000
0000100000
0001000000
0000001000
0000000000
0000010000
0000000000
0000000100
0000000000
0000001000
0000000010
0000000100
0000000000
,  // measure 49
0000000100
0000000010
0000001000
0000000100
0000010000
0000001000
0001000000
0000000000
0000100000
0000000000
0010000000
0000000000
0001000000
0100000000
0010000000
0000000000
,  // measure 50
0010000000
0100000000
0001000000
0010000000
0000100000
0001000000
0000001000
0000000000
0000010000
0000000000
0000000100
0000000000
0000001000
0000000010
0000000100
0000000000
,  // measure 51
0000000100
0000000010
0000001000
0000000100
0000010000
0000001000
0001000000
0000000000
0000100000
0000000000
0010000000
0000000000
0001000000
0100000000
0010000000
0000000000
,  // measure 52
0010000000
0100000000
0001000000
0010000000
0000100000
0001000000
0000001000
0000010000
0000000100
0000001000
0000010000
0000100000
0000001000
0001000000
0000010000
0000100000
,  // measure 53
0000010000
0000100000
0001000000
0010000000
0000100000
0010000000
0001000000
0100000000
0000100000
0010000000
0000100000
0010000000
0000000100
0000010000
0000001000
0001000000
,  // measure 54
0000100000
0010000000
0000100000
0010000000
0000000100
0000001000
0000010000
0001000000
0000100000
0010000000
0000100000
0010000000
0000001000
0000010000
0000000100
0001000000
,  // measure 55
0000100000
0010000000
0000100000
0010000000
0000010000
0001000000
0000000100
0000001000
0000100000
0001000000
0000100000
0001000000
0000001000
0001000000
0000001000
0001000000
,  // measure 56
0000001000
0000010000
0000001000
0000010000
0000000200
0000000300
0000002000
0000003000
0000100000
0001000000
0000001000
0000010000
0001000000
0000100000
0000010000
0000001000
,  // measure 57
0000000100
0000001000
0000010000
0000100000
0001000000
0010000000
0100000000
1000000000
0000100000
0000000000
0000000000
0000000000
0000000000
0000000000
0000000000
0000000000
,  // measure 58
0000000000
0000000000
0000000000
0000000000
0000000000
0000000000
0000000000
0000000000
1000000000
0100000000
0010000000
0001000000
0100000000
0010000000
0001000000
0000100000
,  // measure 59
0010000000
0001000000
0000100000
0000010000
0000001000
0000000100
0000000010
0000000001
0000010000
0000000001
0000000010
0000000100
0000001000
0000000010
0000000100
0000001000
,  // measure 60
0000010000
0000000100
0000001000
0000010000
0000100000
0001000000
0010000000
0100000000
1000000000
0000100000
0010000000
0001000000
0000000000
0000020000
0000000000
0000000000
,  // measure 61
0000030000
0000000100
0000001000
0000100000
0000000000
0020000000
0000000000
0000000000
0030000000
0001000000
0000010000
0000000100
0000000000
0000002000
0000000000
0000000000
,  // measure 62
0000003000
0000100000
0010000000
0001000000
0000000000
0000020000
0000000000
0000000000
0000030000
0001001000
0000110000
0001001000
0000110000
0001001000
0000110000
0001001000
,  // measure 63
0000110000
0001001000
0000110000
0001001000
0000110000
0001001000
0000110000
0001001000
0000110000
0001001000
0000110000
0001001000
0000110000
0001001000
0000110000
0001001000
,  // measure 64
0000110000
0001001000
0000110000
0001001000
0000110000
0001001000
0000110000
0001001000
0000110000
0002002000
0000000000
0000000000
0000000000
0000000000
0000000000
0000000000
,  // measure 65
0000000000
0000000000
0000000000
0000000000
0000000000
0000000000
0000000000
0000000000
0000000000
0000000000
0000000000
0000000000
0000000000
0000000000
0000000000
0003113000