0000000000
0000000000
0000000000
0000000000
,
0000000000
0000000000
0000000000
0000000000
,
0000000000
0000000000
0000000000
0000000000
,
0000000000
0000000000
0000000000
0000000000
,
0000000000
0000000000
0000000000
0000000000
,
0000000000
0000000000
0000000000
0000000000
,
0000000000
0000000000
0000000000
0000000000
0000000000
0000000000
0000000000
0000000000
0000000000
1010010100
0000000000
0000000000
0000000000
0000000000
0000000000
0000000000
0000000000
0000000000
0000000000
0000000000
0000000000
0000000000
0000000000
0000000000
0000000000
0000000000
0000000000
0000000000
0000000000
0000000000
0000000000
0000000000
,
0000000000
0000000000
0000000000
0000000000
0000000000
0000000000
0000000000
0000000000
0000000000
0000000010
0000000010
0000000010
,
0000020000
0000000000
0000000000
0000000000
0000000000
0000000000
0000000000
0000000000
0000030000
0000000001
0000000001
0000000001
,
0000002000
0000000000
0000000000
0000000000
0000000000
0000000000
0000000000
0000000000
0000003000
0000000100
0000000100
0000000100
,
0000200000
0000000000
0000300000
0000001000
0000001000
0000001000
0200000000
0000000000
0300000000
0000100000
0000100000
0000100000
,
2000000000
0000000000
0000000000
0000000000
0000000000
0000000000
0000000000
0000000000
3000000000
1000000000
1000000000
1000000000
,
0002000000
0000000000
0003000000
0100000000
0100000000
0100000000
0000200000
0000000000
0000300000
0010000000
0010000000
0010000000
,
0000002000
0000000000
0000003000
0000100000
0000100000
0000100000
0000000002
0000000000
0000000003
0000001000
0000001000
0000001000
,
0000000010
0000000000
0000000100
0000000000
0000010000
0000000000
0000100000
0000000000
0010000000
0000000000
0100000000
0000000000
,
0001000000
0010000000
0001000000
0010000000
0001000000
0000000000
0000000000
0000000000
1000000000
0000000000
0000000000
1000000000
0000100000
0010000000
0000001000
0010000000
,
0000001000
0001000000
0000010000
0000000000
0000010000
0000000000
0010000000
0001000000
0010000000
0001000000
0010000000
0000000000
0000010000
0000100000
0000010000
0000100000
,
0000000100
0000000000
0000000000
0000001000
0000000000
0000000000
0000000100
0000000000
0000000000
0000001000
0000000000
0000000000
0000020000
0000000000
0000000000
0000000000
0000000000
0000000000
0000000000
0000000000
0000000000
0000030000
0000000000
0000000000
0001000000
0000000000
0000000000
0000000000
0001000000
0000000000
0000000000
0000000000
0001000000
0000000000
0000000000
0000000000
0000000100
0000000000
0000000000
0000000000
0000000100
0000000000
0000000000
0000000000
0000000100
0000000000
0000000000
0000000000
,
0000100000
0000100000
0000100000
0000001000
0000001000
0000001000
0010000000
0010000000
0010000000
0000010000
0000010000
0000010000
,
0001000000
0000000000
0000000000
0000010000
0000000000
0000000000
0000100000
0000000000
0000000000
0000001000
0000000000
0000000000
0000010000
0000000000
0000000000
0001000000
0000000000
0000000000
0000100000
0000000000
0000000000
0000001000
0000000000
0000000000
0001000000
0000000000
0000000000
0000000000
0001000000
0000000000
0000000000
0000000000
0001000000
0000000000
0000000000
0000000000
0000000100
0000000000
0000000000
0000000000
0000000100
0000000000
0000000000
0000000000
0000000100
0000000000
0000000000
0000000000
,
0000100000
0000100000
0000100000
0000001000
0000001000
0000001000
0010000000
0010000000
0010000000
0000010000
0000010000
0000010000
,
0001000000
0000010000
0000100000
0000001000
0000010000
0001000000
0000100000
0000001000
0002000000
0003000000
0000000100
0000001000
0000010000
0000100000
0001000000
0010000000
,
0000010000
0001000000
0000100000
0010000000
0000000100
0000001000
0000010000
0000100000
0000000100
0000010000
0000001000
0000100000
0000000100
0010000000
0000001000
0001000000
,
0000010000
0000000000
0000000000
0000200000
0000000000
0000000000
0000000000
0000000000
0000000000
0000000000
0000000000
0000000000
0000002200
0000000000
0000000000
0000003300
0000000000
0000000000
0000000000
0000000000
0000000000
0000300000
0000000000
0000000000
0000001000
0000000000
0000000000
0000000000
0000001000
0000000000
0000000000
0000000000
0000001000
0000000000
0000000000
0000000000
0010000000
0000000000
0000000000
0000000000
0010000000
0000000000
0000000000
0000000000
0010000000
0000000000
0000000000
0000000000
,
0000010000
0000010000
0000010000
0001000000
0001000000
0001000000
0000000100
0000000100
0000000100
0000100000
0000100000
0000100000
,
0000001000
0000100000
0000010000
0001000000
0000100000
0000001000
0000010000
0001000000
0000001000
0000000000
0010000000
0000000000
0001000000
0010000000
0001000000
0010000000
,
0000001000
0000100000
0000010000
0001000000
0000000100
0000000000
0000000000
0000000000
0001000000
0000000000
0000000100
0000000000
0000001000
0000000100
0000001000
0000000100
,
0001000000
0000010000
0000100000
0000001000
0010000000
0000000000
0000000000
0000000000
0000010000
0000000000
0010000000
0000000000
0000100000
0010000000
0000100000
0010000000
,
0000010000
0001000000
0000001000
0000010000
0000000100
0000000000
0000000000
0000000000
0000100000
0000000000
0000000100
0000000000
0000010000
0000000100
0000010000
0000000100
,
0000100000
0000001000
0001000000
0000100000
0010000000
0000000000
0000000000
0000000000
0000010000
0000000000
0010000000
0000000000
0001000000
0000100000
0001000000
0000100000
,
0000010000
0000001000
0000100000
0000001000
0000010000
0000000000
0000000000
0000000000
0000100000
0000000000
0000000100
0000000000
0000001000
0000010000
0000001000
0000010000
,
0000100000
0001000000
0000010000
0001000000
0000100000
0000000000
0000000000
0000000000
0000010000
0000100000
0001000000
0010000000
0000010000
0001000000
0000100000
0010000000
,
0000000100
0000001000
0000010000
0000100000
0000000100
0000010000
0000001000
0000100000
0000000100
0010000000
0001000000
0000100000
0000010000
0000001000
0000000100
0000000010
,
0000000002
0000000000
0000000000
0000000000
0000020000
0000000000
0000000000
0000030003
0000000001
0000010000
0000000001
0000010000
0000000010
0000001000
0000000010
0000001000
,
0000000001
0000000010
0000000100
0000001000
0000010000
0000000000
0000100000
0000000000
0000001000
0000000000
0000101000
0000000000
0000100000
0000001000
0010000000
0000010000
,
0001000000
0000100000
0010000000
0001000000
0000100000
0000000000
0010000000
0000000000
1000000000
0000100000
1000000000
0000100000
0100000000
0001000000
0100000000
0001000000
,
1000000000
0100000000
0010000000
0001000000
0000100000
0000000000
0000010000
0000000000
0000001000
0000100000
0010000000
0000000000
0000000200
0000000000
0000000000
0000000300
,
0000001000
0000100000
0010000000
0000000000
0000000200
0000000000
0000000000
0000000300
0000001000
0000010000
0000001000
0000010000
0001000000
0000100000
0001000000
0000100000
,
0001000000
0000001000
0001000000
0000001000
0000100000
0000010000
0000100000
0000010000
0000100000
0001000000
0000100000
0001000000
0000010000
0000001000
0000010000
0000001000
,
0001000000
0000000000
0000000000
0000001000
0000000000
0000000000
0001000000
0000000000
0000000000
0000001000
0000000000
0000000000
0000100000
0000000000
0000000000
0000010000
0000000000
0000000000
0000100000
0000000000
0000000000
0000010000
0000000000
0000000000
0010000000
0000000000
0001000000
0000000000
0010000000
0000000000
0001000000
0000000000
0010000000
0000000000
0001000000
0000000000
0000100000
0000000000
0000001000
0000000000
0000100000
0000000000
0000001000
0000000000
0000000000
0000000000
0000000000
0000000000
,
0000010000
0000000100
0000010000
0000000100
0000010000
0000000100
0000001000
0000000100
0000001000
0000000100
0000000000
0000000000
0001000000
0000010000
0001000000
0000010000
0001000000
0000010000
0010000000
0000100000
0010000000
0000100000
0010000000
0000100000
,
2000000000
0000000000
0000000000
0000000000
0000000000
0000000000
0000000000
0000000000
0000000000
0000000000
0000000000
0000000000
0000000000
0000000000
0000000000
0000000000
0000000000
0000000000
0000000000
0000000000
3000000000
0000000000
0000000000
0000000000
0000100000
0000000000
0000000000
0010000000
0000000000
0000000000
0000100000
0000000000
0000000000
0000000000
0000000000
0000000000
0100000000
0000000000
0000000000
0010000000
0000000000
0000000000
0100000000
0000000000
0000000000
0000000000
0000000000
0000000000
,
1000000000
0100000000
0001000000
0000100000
0000001000
0000000000
0010000000
0000000000
0000000100
0000010000
0000000100
0000000000
0010000000
0000100000
0010000000
0000000000
,
0000000100
0000010000
0000001000
0000000000
0000001000
0000010000
0000000100
0000000000
0010000000
0000100000
0001000000
0000000000
0001000000
0000100000
0010000000
0000000000
,
0000001000
0000000000
0001000000
0000000000
0000000100
0000001000
0000010000
0000000000
0001100000
0000000000
0000000000
0000000000
0010100000
0000000000
0000000000
0000000000
,
0000001000
0000000000
0001000000
0000000000
0000000100
0000010000
0000001000
0000000000
0001000000
0000000000
0000001000
0000000000
0010000000
0000100000
0001000000
0000001000
,
0000010000
0000000100
0000001000
0000000000
0000010000
0000000000
0001000000
0000000000
0000000100
0000001000
0000010000
0000100000
0001000000
0000010000
0001000000
0000100000
,
0000010000
0000001000
0000000100
0000000010
0000000002
0000000000
0000000000
0000000003
0000010000
0000000100
0000010000
0000000000
0000000010
0000000100
0000000010
0000000000
,
0000000001
0000000010
0000001000
0000010000
0001000000
0000000000
0000000100
0000000000
0010000000
0000100000
0010000000
0000000000
0000000100
0000010000
0000000100
0000000000
,
0010000000
0000100000
0001000000
0000000000
0001000000
0000100000
0010000000
0000000000
0000000100
0000010000
0000001000
0000000000
0000001000
0000010000
0000000100
0000000000
,
0001000000
0000000000
0000001000
0000000000
0010000000
0001000000
0000100000
0000000000
0000011000
0000000000
0000000000
0000000000
0000010100
0000000000
0000000000
0000000000
,
0001000000
0000000000
0000001000
0000000000
0010000000
0000100000
0001000000
0000000000
0000001000
0000000000
0001000000
0000000000
0000000100
0000010000
0000001000
0001000000
,
0000100000
0010000000
0001000000
0000000000
0000100000
0000000000
0000001000
0000000000
0010000000
0001000000
0000100000
0000010000
0000001000
0000100000
0000001000
0000010000
,
0000100000
0001000000
0010000000
0100000000
2000000000
0000000000
0000000000
3000000000
0000100000
0001000000
0010000000
0100000000
1000000000
0100000000
0010000000
1000000000
,
0000100000
0001000000
0010000000
0100000000
1000000000
0100000000
0010000000
0000000000
1000000000
0100000000
0010000000
0001000000
0000100000
0001000000
0010000000
0000100000
,
1000000000
0100000000
0010000000
0001000000
0000100000
0001000000
0010000000
0000000000
0000200000
0000000000
0000000000
0000300000
0002000000
0000000000
0000000000
0003000000
,
0000002000
0000000000
0000000000
0000003000
0000020000
0000000000
0000000000
0000030000
0000000001
0000000100
0000010000
0000001000
0000000100
0000000010
0000010000
0000000100
,
0000000001
0000000010
0000000100
0000001000
0000000001
0000000100
0000010000
0000001000
0000210000
0000000000
0000000000
0000300000
0010000000
0001000000
0000100000
0100000000
,
0010000000
0001000000
1000000000
0100000000
0010000000
0001000000
0100000000
0010000000
0001000000
0000100000
0010000000
0001000000
0000120000
0000000000
0000000000
0000030000
,
0000000100
0000001000
0000010000
0000000010
0000000100
0000001000
0000000001
0000000010
0000000100
0000001000
0000000010
0000000100
0000001000
0000010000
0000000100
0000001000
,
0002020200
0000000000
0003030300
0000000000
0000202000
0000000000
0000000000
0000000000
0000000000
0000303000
0000000000
0002020000
0000000000
0003030000
0000000000
0020202000
,
0000000000
0000000000
0000000000
0000000000
0030303000
0000000000
0002020000
0000000000
0003030000
0000000000
0000202000
0000000000
0000000000
0000000000
0000000000
0000303000
,
0000000000
0002020200
0000000000
0003030300
0000000000
0000202000
0000000000
0000000000
0000000000
0000000000
0000303000
0000000000
0002020000
0000000000
0000000000
0000000000
,
0000000000
0000000000
0000000000
0000000000
,
0000000000
0000000000
0000000000
0000000000
0000000000
0003030000
0020202000
0000000000
,
0000000000
0000000000
0000000000
0030303000
,
0000000000
0000000000
0000000000
0000000000
0000000000
0000000000
0000000000
0000000000
0000000000
0001010000
0000000000
0000000000
0000000000
0000000000
0000000000
0000000000