00000
00000
00000
00000
00000
00000
00000
00000
00000
00000
10000
00100
10000
00100
10000
00100
,
10000
01000
00100
00010
01000
00100
00010
00001
00100
00010
01000
00010
00100
00001
00010
00100
,
01000
00010
00100
00010
00001
00100
10000
00010
01000
00000
01110
00000
00000
01110
00000
00000
,
00000
00010
01000
00100
00010
00001
00100
00010
01000
00100
10000
01000
00100
00010
00001
00100
,
01000
00010
00000
01110
00000
00000
01110
00000
00010
01000
00100
00000
01110
00000
00000
01110
,
00000
01000
00010
00002
00003
20000
30000
00020
00030
02000
03000
20000
30000
00200
00300
02000
,
00000
03000
00010
10000
00010
00000
10000
00100
10000
00000
00010
10000
00100
10000
00010
01000
,
00100
00010
00001
00000
01000
00001
01000
00000
00010
00000
10000
00000
00100
01000
00010
00000
,
20000
30100
00020
00130
02000
03100
00002
00103
,
20000
30100
00020
00130
02000
03100
00002
00103
,
00100
00001
10000
00000
10100
00000
10010
00000
00010
01000
00100
00000
01000
00000
00010
00000
,
00100
00000
00001
00000
10000
00010
00100
00000
00010
00000
01000
00000
00100
01000
00001
00000
,
00100
00010
10000
00000
01000
00100
00010
00000
01000
00100
00010
00000
10000
00100
00001
00000
,
10000
00100
00001
00000
00010
01000
00100
10000
01000
00100
00001
01000
00100
00010
10000
00100
,
00010
00010
01000
00001
01000
00000
00001
00100
00001
00000
01000
00001
00100
00001
01000
00010
,
00100
01000
10000
00000
00010
10000
00010
00000
01000
00000
00001
00000
00100
00010
01000
00000
,
00002
00103
02000
03100
00020
00130
20000
30100
,
00002
00103
02000
03100
00020
00130
20000
30100
,
00100
10000
00001
00000
00101
00000
01001
00000
01000
00010
00100
00000
00010
00000
01000
00000
,
00100
00000
10000
00000
00001
01000
00100
00000
01000
00000
00010
00000
00100
00010
10000
00000
,
00100
01000
00001
00000
00010
00100
01000
00000
00010
00100
01000
00000
00001
00100
10000
00000
,
00001
00100
10000
00000
01000
00010
00100
00001
00010
00100
10000
00010
00100
01000
00001
00100
,
01000
00010
10000
01000
00100
00010
01000
00100
00010
00100
01000
00010
01000
00100
00010
00001
,
00100
00010
00001
00010
00100
00001
10000
01000
00100
01000
10000
00100
01000
00010
00000
00000
,
01000
00010
00100
00001
00010
00100
01000
10000
00100
00001
01000
00100
00010
00100
01000
00001
,
10000
00100
01000
01000
01000
00001
00100
00100
00100
00100
00010
01000
00100
10000
00001
00010
,
00100
01000
10000
00000
00000
00000
00000
00000
00010
00000
01000
00000
00200
00000
00000
00000
,
10300
20000
30001
00002
,
00103
00000
00100
00010
01000
00100
20000
00000
,
30100
00000
00002
00000
00000
00003
02000
00000
00000
03000
00020
00000
00000
00030
20000
00000
,
00100
00000
00100
00000
00100
30100
01010
00000
,
10000
00002
00100
00000
00100
00103
02020
03030
,
00100
00000
20020
00000
30030
00000
02002
00000
03103
00000
00000
00000
00010
10000
00100
00000
,
10000
00010
01000
00000
00010
10000
00100
00000
10000
00100
01000
00010
00100
00001
00010
00100
,
01000
10000
00100
00001
10000
01000
00100
00010
00001
00100
10000
00010
01000
00010
01000
00100
,
01000
00010
01000
00100
10000
00000
00100
01000
10000
00000
00100
00001
10000
00000
01000
00000
,
00100
00000
00010
00000
01000
00000
10000
00000
11000
00000
01000
00001
00100
00000
00010
10000
,
01000
00000
10000
00100
01000
00010
00100
00001
10000
01000
00100
00010
01000
00000
10000
00000
,
11000
00000
10000
00100
00001
00000
00101
00000
10001
00000
10000
00001
00100
00000
00010
00000
,
01010
00000
00100
10000
10001
00000
00100
01000
,
01010
00000
00000
00000
00100
00000
00001
00000
10001
00000
00100
00000
10000
00100
10000
00000
,
00010
01000
00010
00000
10000
00100
10000
00000
00010
01000
00010
00000
10000
00100
10000
00010
,
01000
00010
10000
01000
00100
00010
00001
00100
10000
01000
10000
10000
00010
01000
00010
00100
,
00010
01000
00010
00100
00001
00000
00100
00010
00001
00000
00100
10000
00001
00000
00010
00000
,
00100
00000
01000
00000
00010
00000
00001
00000
00011
00000
00010
10000
00100
00000
01000
00001
,
00010
00000
00001
00100
00010
01000
00100
10000
00001
00010
00100
01000
00010
00000
00001
00000
,
00011
00000
00001
00100
10000
00000
10100
00000
10001
00000
00001
10000
00100
00000
01000
00000
,
01010
00000
00100
00001
10001
00000
00100
00010
,
01010
00000
00000
00000
00100
00000
10000
00000
10001
00000
00100
00000
00001
00100
00001
00000
,
01000
00010
01000
00000
00001
00100
00001
00000
01000
00010
01000
00000
00001
00100
00001
01000
,
00010
01000
00001
00010
00100
01000
10000
00100
00001
00010
00100
01000
00020
00000
00000
00000
,
02000
00000
00000
00000
00200
00000
00000
00000
00000
00000
03330
00000
00010
10000
00100
00001
,
01000
10000
00010
00100
01000
00001
00010
10000
00010
00100
01000
00001
00100
01000
00010
10000
,
00100
00001
00010
01000
00010
00001
00100
10000
01000
00100
00010
10000
00010
00001
01000
00100
,
00010
10000
00100
00001
00010
10000
00010
00100
01000
00001
01000
00100
00010
01000
00100
00010
,
00001
00100
00010
01000
00100
10000
00010
00100
01000
00100
00010
10000
00001
00000
10000
00100
,
00001
00010
01000
00100
00010
00001
10000
00100
00010
00001
00100
00010
10000
01000
00100
00001
,
00100
01000
10000
00100
01000
00010
00100
00001
10000
01000
00100
00010
00001
00100
10000
00010
,
01000
00010
10000
00100
00001
01000
00100
00001
00010
10000
01000
00010
00001
00100
10000
00010
,
01000
10000
00010
00001
01000
10000
00100
00010
01000
00010
00100
00001
10000
00100
10000
00100
,
10000
00100
10000
00100
10000
00100
10000
00100
10000
00100
10000
00100
10000
00100
10000
00100
,
10000
00100
10000
00100
02000
03000
20000
30000
00002
00003
02000
03000
00020
00030
00002
00000
,
00200
02000
00000
03303