// measure 0
00000
00000
00000
00000
,  // measure 1
00000
00000
00000
00000
,  // measure 2
00000
00000
00000
00000
,  // measure 3
00000
00000
00001
10000
,  // measure 4
20002
00000
00000
00000
00000
30003
00000
00000
00020
00000
00000
00000
00000
00030
00000
00000
,  // measure 5
02000
00000
00000
00000
00000
03000
00000
00000
00002
00000
00000
00000
00000
00003
00000
00000
,  // measure 6
01000
00000
00001
00000
00100
00000
00010
00000
20000
00000
00000
00000
00000
30000
00000
00000
,  // measure 7
00002
00000
00000
00000
00000
00003
00000
00000
01000
00000
00001
00000
00100
00000
00010
00000
,  // measure 8
10000
00010
00100
00001
01000
00000
01100
00000
,  // measure 9
00010
00110
10000
10100
,  // measure 10
00001
00101
00100
01100
,  // measure 11
00100
00110
00100
10100
,  // measure 12
00100
00101
02001
03100
,  // measure 13
01020
00130
20010
30100
,  // measure 14
10002
00103
02001
03100
,  // measure 15
01020
00130
20010
30100
,  // measure 16
01000
10000
00100
00002
20000
00000
00000
00000
,  // measure 17
00000
00000
00000
30003
,  // measure 18
10001
00000
00100
00000
01000
00010
01000
00000
,  // measure 19
01010
00000
00100
10000
00001
00100
00010
00000
,  // measure 20
02000
00000
03100
00000
00020
00000
00130
00010
,  // measure 21
20000
00000
30001
10001
,  // measure 22
00020
00000
00000
00030
20000
30000
00200
00300
02000
00000
00000
00000
00000
03000
00002
00003
,  // measure 23
00200
00000
00000
00000
00000
00300
00020
00000
01030
00000
00000
00000
01010
00000
00000
00000
,  // measure 24
00001
00000
00101
00000
10000
00100
00001
00000
,  // measure 25
00010
01000
00100
10000
00001
00010
00100
01000
,  // measure 26
00020
00000
00000
00030
00100
00000
00001
00000
00020
00000
00000
00030
00100
00000
01000
00000
,  // measure 27
00010
00100
00001
10000
00100
01000
00100
10000
,  // measure 28
00002
00000
00000
00003
00100
00000
00010
00000
00002
00000
00000
00003
00100
00000
10000
00000
,  // measure 29
00001
00100
00010
01000
00001
00100
00010
01000
,  // measure 30
00200
00000
00000
00300
10000
00000
01000
00000
00200
00000
00000
00300
00010
00000
01000
00000
,  // measure 31
00100
00010
00001
00100
00010
01000
00100
10000
,  // measure 32
02000
00000
00000
03000
00100
00000
00010
00000
02000
00000
00000
03000
00100
00000
00010
00000
,  // measure 33
00001
00000
00011
00000
00001
00010
00100
01000
,  // measure 34
20000
00000
00000
30000
01000
00000
00100
00000
20000
00000
00000
30000
01000
00000
00100
00000
,  // measure 35
00010
10000
00100
10000
00010
01000
00100
00010
,  // measure 36
00001
00101
10000
10100
,  // measure 37
00001
00100
00010
00000
00110
00010
01000
00100
,  // measure 38
20000
00000
00000
00000
00000
00000
00000
30000
00001
00000
10000
00000
00100
00000
01000
00000
,  // measure 39
00010
00100
01000
10000
00100
01000
10000
00000
,  // measure 40
02000
00000
00000
00000
00000
00000
00000
03000
00100
00000
10000
00000
00010
00000
00100
00000
,  // measure 41
00001
00010
00001
01000
00010
00001
00010
00100
,  // measure 42
00002
00000
00000
00000
00000
00000
00000
00003
00100
00000
10000
00000
01000
00000
00100
00000
,  // measure 43
10000
01000
00100
00010
01000
00000
01010
00000
,  // measure 44
20002
00000
30003
00000
10000
00100
00001
00010
,  // measure 45
00001
00100
00001
00010
00100
00001
00010
00100
,  // measure 46
02000
03000
00000
00020
00130
00010
01000
00000
,  // measure 47
00100
10000
00001
00100
00010
01000
00010
00100
,  // measure 48
00002
00000
00013
00000
00200
00000
01300
00010
,  // measure 49
00100
00001
00010
00100
01000
00100
10000
10000
,  // measure 50
00000
00000
00000
00000
00001
00010
00100
00010
,  // measure 51
00001
00100
00001
00010
00100
01000
00010
00100
,  // measure 52
00010
01000
00010
00100
01000
10000
00100
10000
,  // measure 53
01000
00100
01000
10000
00100
10000
00001
00000
,  // measure 54
01000
00010
00000
00100
00010
00001
00010
00100
,  // measure 55
00010
00001
00010
00100
00001
00010
00001
00100
,  // measure 56
00001
00000
00010
00000
00001
00000
00100
00000
00020
00000
00000
00030
20000
00000
00000
30000
,  // measure 57
00200
00300
02000
03000
00002
00000
00003
00000
10000
00000
00100
00000
01000
00000
10000
00000
,  // measure 58
00100
00000
10000
00000
01000
00000
00100
00000
20000
00000
00000
00000
00000
00000
00000
30000
,  // measure 59
02000
00000
00000
00000
00000
00000
00000
03000
00200
00000
00000
00000
00000
00000
00000
00300
,  // measure 60
00020
00000
00000
00030
00001
00000
00100
00000
02000
00000
00000
00000
00000
00000
00000
03000
,  // measure 61
20000
00000
00000
00000
00000
00000
00000
30000
00200
00000
00000
00300
00001
00000
00100
00000
,  // measure 62
00010
00000
00001
00000
00100
00000
10000
00000
00002
00000
00000
00000
00000
00000
00000
00003
,  // measure 63
00020
00000
00000
00000
00000
00000
00000
00030
00200
00000
00000
00000
00000
00000
00000
00300
,  // measure 64
01000
00010
00100
00001
10000
01000
00100
00010
,  // measure 65
01000
00100
00010
00001
10000
00100
00001
00010
,  // measure 66
01000
00000
10000
00000
00100
00000
00001
00000
20000
00000
00000
30000
00100
00000
01000
00000
,  // measure 67
20000
00000
00000
30000
00100
00000
00001
00000
10000
00000
00100
00000
00001
00000
00010
00000
,  // measure 68
01000
00100
10000
00001
00100
00000
01100
00000
,  // measure 69
00100
00000
00110
00100
00002
00000
00100
00000
,  // measure 70
00103
00000
00001
00000
10000
00000
00100
00000
02000
00000
00000
03000
00100
00000
10000
00000
,  // measure 71
02000
00000
00000
03000
00100
00000
00010
00000
01000
00000
00100
00000
00010
00000
00001
00000
,  // measure 72
10000
00100
01000
00010
20000
00000
30100
00000
,  // measure 73
00002
00000
00103
00000
10000
00100
10000
01000
,  // measure 74
00100
00000
00010
00000
00001
00000
00100
00000
20000
00000
00000
30000
00001
00000
00100
00000
,  // measure 75
20000
00000
00000
30000
01000
00000
00100
00000
10000
00000
01000
00000
10000
00000
00100
00000
,  // measure 76
01000
00010
00100
00001
00010
00000
00011
00000
,  // measure 77
00001
00000
00101
00100
00010
00001
00100
00001
,  // measure 78
00010
00000
00100
00000
00001
00000
00010
00000
00002
00000
00000
00000
00000
00000
00000
00003
,  // measure 79
00010
00100
01000
00100
10000
01000
00100
00010
,  // measure 80
01000
00100
01100
00000
00001
00100
10000
00000
,  // measure 81
01000
00010
00100
00001
10000
01000
00100
00010
,  // measure 82
01000
00000
00100
00000
00010
00000
00001
00000
20000
00000
00000
30000
01000
00000
00100
00000
,  // measure 83
00020
00000
00000
00030
01000
00000
00100
00000
00010
00000
00100
00000
10000
00000
01000
00000
,  // measure 84
00100
00001
00010
00001
00100
01000
10000
00100
,  // measure 85
00010
00001
00010
00100
10000
01000
00100
00010
,  // measure 86
00001
00010
01000
10000
01000
00100
00010
00001
,  // measure 87
10000
01000
00100
00010
00001
00000
00000
00000