00000
00000
00000
00000
,
00000
00000
00000
00000
,
00000
00000
00000
00000
,
00000
00000
00000
00000
00000
00000
00000
00000
00010
01000
00001
00100
00010
01000
00100
10000
,
00002
00000
00000
00003
02000
00000
00000
03000
,
00020
00000
00000
00030
20000
00000
00000
30000
,
00001
00010
00100
01000
00020
00000
00000
00030
,
20000
00000
00000
30000
00010
00001
00100
10000
,
00001
00000
00100
00000
00001
00000
00100
00000
00010
00000
00000
00000
01000
00000
00010
00000
02000
00000
00000
00000
00000
00000
00000
03000
00100
00000
00000
00000
10000
00000
00000
00000
,
02000
00000
00000
00000
00000
00000
00000
03000
00100
00000
00000
00000
00010
00000
00000
00000
02000
00000
00000
00000
00000
00000
00000
03000
00100
00000
00000
00000
00010
00000
00000
00000
,
00002
00000
00000
00000
00000
00000
00000
00003
00100
00000
00000
00000
00010
00000
00000
00000
00002
00000
00000
00000
00000
00000
00000
00003
00100
00000
00000
00000
10000
00000
00000
00000
,
00002
00000
00000
00000
00000
00000
00000
00003
00100
00000
00000
00000
10000
00000
00000
00000
02000
00000
00000
00000
00000
00000
00000
03000
00100
00000
00000
00000
10000
00000
00000
00000
,
01000
00000
00000
00000
00100
00000
00000
00000
00010
00000
00000
00000
01000
00000
00000
00000
00200
00000
00000
00000
00000
00000
00000
00300
00010
00000
00001
00000
00100
00000
00000
00000
,
00020
00000
00000
00000
00000
00000
00000
00030
00001
00000
00100
00000
10000
00000
00000
00000
00002
00000
00000
00000
00000
00000
00000
00003
00100
00000
10000
00000
01000
00000
00000
00000
,
00200
00000
00000
00000
00000
00000
00000
00300
10000
00000
01000
00000
00100
00000
00000
00000
00020
00000
00000
00000
00000
00000
00000
00030
01000
00000
00100
00000
00010
00000
00000
00000
,
00002
00000
00000
00000
00000
00000
00003
00000
00100
00000
00010
00000
00001
00000
00000
00000
00200
00000
00000
00000
00000
00000
00000
00300
10000
00000
00001
00000
00100
00000
00000
00000
,
10000
01000
00100
10000
01000
00100
00010
01000
00200
00000
00000
00000
00000
00000
00000
00000
,
00000
00000
00000
00000
00000
00000
00000
00000
00000
00000
00000
00000
00000
00300
00000
00000
,
10001
00000
00100
01000
00010
00100
00001
00000
,
00020
00000
00000
00030
00100
00000
01000
00000
00010
00000
00100
00000
01000
00000
00000
00000
,
10000
00100
10000
01000
10000
00000
00000
00000
00001
00100
00001
00010
00001
00000
00100
00000
,
00020
00000
00000
00000
00000
00000
00000
00000
00000
00000
00000
00000
00000
00000
00000
00030
01000
00000
00000
00000
00100
00000
00010
00000
00001
00000
00000
00000
00100
00000
00000
00000
,
00020
00000
00000
00000
00000
00000
00000
00030
00001
00000
00000
00000
00010
00000
00000
00000
00200
00000
00000
00000
00000
00000
00000
00000
00000
00000
00000
00300
00001
00000
00000
00000
,
00020
00000
00000
00000
00000
00000
00000
00000
00000
00000
00000
00030
00001
00000
00000
00000
00100
00000
00000
00000
00000
00000
00000
00000
10001
00000
00000
00000
00000
00000
00000
00000
,
10000
00001
00100
00010
01000
00100
10000
00000
,
01000
10000
00100
01000
10000
00100
00001
00100
,
20000
00000
00000
00000
00000
00000
00000
30000
01000
00000
00000
00000
00100
00000
00000
00000
20000
00000
00000
00000
00000
00000
00000
30000
01000
00000
00000
00000
00100
00000
00000
00000
,
01000
00000
10000
00000
00100
01000
10000
01000
00100
00000
10000
00000
01000
00000
00100
00000
,
01000
10000
00100
01000
10000
00000
00100
00000
10000
01000
00100
10000
01000
00000
00100
00000
,
00010
00000
01000
00000
00100
00000
00010
00000
00001
00000
00100
00010
00001
00000
00010
00000
,
00200
00000
00000
00000
00000
00000
00000
00300
00001
00000
00000
00000
00010
00000
00000
00000
00200
00000
00000
00000
00000
00000
00000
00300
01000
00000
00000
00000
00010
00000
00000
00000
,
00100
01000
00100
00010
01000
00100
00010
00001
,
00010
00001
00100
00010
00001
00000
00100
00000
00001
00010
00100
00001
00010
00000
00100
00000
,
02000
00000
03010
00000
01000
00100
01000
00000
00010
00100
00010
00000
01000
00100
10000
00100
,
02000
00000
00000
00000
00000
00000
00000
03000
10000
00000
00000
00000
00100
00000
00000
00000
00002
00000
00000
00000
00000
00000
00000
00003
00100
00000
00000
00000
10000
00000
00000
00000
,
01000
00100
10000
00010
10000
00100
01000
00001
,
00100
00010
00000
00000
01100
00000
00000
00000
00100
01000
00000
00000
00110
00000
00000
00000
,
00010
00100
00001
00000
00010
00000
00100
00000
01100
00000
00100
00000
10000
00000
00001
00000
,
00200
00000
00000
00000
00000
00000
00000
00000
00000
00000
00000
00000
00000
00000
00000
00300
00001
00000
00000
00000
00010
00000
00000
00000
00100
00000
00000
00000
01000
00000
00000
00000
,
10000
00100
00001
00010
00100
01000
00010
00000
,
00200
00000
00000
00000
00000
00000
00000
00000
00000
00000
00000
00000
00000
00000
00000
00300
01000
00000
00000
00000
10000
00000
00000
00000
00100
00000
00000
00000
00001
00000
00000
00000
,
00010
00100
01000
10000
00100
01000
10000
01000
,
00020
00000
00000
00000
00000
00000
00000
00000
00000
00000
00000
00000
00000
00030
00000
00000
01000
00000
00100
00000
01000
00000
00100
00000
01000
00000
00100
00000
01000
00000
00100
00000
,
01000
00001
01000
00001
01000
00001
01000
00001
00100
00000
00000
00000
01010
00000
00000
00000
,
20020
00000
00000
00000
30030
00000
00000
00000
00100
10000
00100
10000
00100
10000
00100
10000
,
00010
10000
00010
10000
00010
10000
00010
10000
00010
00100
00010
00100
00010
00100
00010
00100
,
00002
00000
00000
00003
00000
00000
01000
00000
00001
00000
00100
00000
00010
00000
10000
00000
,
00100
01000
00010
00100
00001
10000
00100
00000
,
02000
00000
00100
00000
00000
00000
00000
00000
03001
00000
00000
00000
00000
00000
00000
00000
00020
00000
00100
00000
00000
00000
00000
00030
10000
00000
00000
00000
00100
00000
01000
00000
,
00100
00000
10000
00000
00100
01000
00100
00000
10000
00100
01000
00100
20000
00000
30001
00000
,
10000
00100
10000
00000
00100
10000
00100
00000
10000
00100
10000
00000
00100
10000
00001
00000
,
00100
00001
00100
00000
00001
00100
00001
00000
00100
00001
00100
00000
00001
10000
00100
00000
,
01000
00100
01000
00000
00100
01000
00100
00000
01000
00100
01000
00000
00100
01000
00010
00000
,
00100
00001
10000
00000
00100
01000
00000
00010
,
00100
00010
00100
00000
00010
00100
00010
00000
00100
00010
00100
00000
00010
01000
00100
00000
,
20000
00000
31000
00000
00100
00010
00100
00000
00002
00000
00013
00000
00100
01000
00100
00000
,
20000
00000
00000
30000
00002
00000
00000
00003
02000
03000
00200
00300
20000
00000
30000
00000
,
01000
00000
10000
00100
01000
00100
10000
00000
01000
10000
00100
01000
00010
00100
00001
00000
,
20000
00000
32000
00000
,
03200
00000
00000
00000
00000
00000
00000
00000
00000
00000
00000
00000
00000
00000
00000
00000
00320
00000
00000
00000
00000
00000
00000
00030
01000
00000
00000
00000
00100
00000
00000
00000
,
00020
00000
00032
00000
,
00203
00000
00000
00000
00000
00000
00000
00300
00010
00000
00000
00000
01000
00000
00000
00000
00100
00000
10000
00000
00010
00000
01000
00000
00100
00000
10000
00000
00010
00000
00000
00000
,
02000
00000
23000
00000
,
30200
00000
00000
00000
00000
00000
00000
00000
00000
00000
00000
00000
00000
00000
00000
00300
00001
00000
00000
00000
01000
00000
00000
00000
00100
00000
10000
00000
00010
00000
00100
00000
,
00002
00003
00020
00030
00200
00300
02000
03000
00020
00030
00200
00300
02000
03000
20000
30000
,
00002
00003
00200
00300
20000
30000
02000
03000
00020
00030
00002
00003
00200
00300
20000
30000
,
00001
00100
00001
00100
00010
00000
01000
00000
00001
00100
00001
00100
00010
00000
01000
00000
,
00001
00100
00001
00100
00010
01000
00100
10000
00010
01000
00100
01000
00001
10000
00100
01000
,
00010
00100
00001
00100
00010
10000
00010
00100
00001
01000
00001
00100
00010
01000
00100
10000
,
00001
00100
00001
10000
00100
01000
00010
00100
00010
01000
00001
00100
00001
10000
00100
01000
,
00010
00100
00001
01000
00100
10000
00100
01000
00001
00100
00010
10000
00001
00100
00010
01000
,
00100
10000
00010
10000
00100
01000
00001
00100
00010
10000
00100
01000
00010
01000
00100
10000
,
00001
00100
00001
10000
00100
01000
00010
00100
00001
10000
00100
01000
00010
00100
00010
01000
,
00100
10000
00010
10000
00100
01000
00100
01000
00010
00100
00010
00100
00001
00100
00010
01000
,
00200
00000
00000
00000
00000
00000
00000
00300
10000
00000
00000
00000
01000
00000
00000
00000
00200
00000
00000
00000
00000
00000
00000
00300
00010
00000
00000
00000
00001
00000
00000
00000
,
00100
10000
00001
00000
00100
00000
10000
00000
00100
00000
10000
01000
00100
00000
10000
00000
,
01000
00100
00010
01000
00100
00000
00000
00000
00010
00100
01000
00010
00100
00000
01000
00000
,
00100
00010
01000
00000
00100
00000
00010
00000
00001
00000
00100
00010
00001
00000
00010
00000
,
00200
00000
00000
00300
00001
10000
00100
01000
,
00010
10000
00100
01000
00001
00100
00010
00000
,
00001
00010
00100
00010
01000
00000
00000
00000
10000
01000
00100
01000
00010
00000
00001
00000
,
00010
00100
00001
10000
00100
01000
00010
00100
,
02000
00000
00000
03000
00100
00000
00010
00000
02000
00000
00000
03000
10000
00000
00100
00000
,
00002
00003
00020
00030
00200
00300
02000
03000
00020
00030
00002
00003
00200
00300
20000
30000
,
00002
00003
00020
00030
00200
00300
02000
03000
00020
00030
00002
00003
00200
00300
20000
30000
,
00001
00000
00010
00000
00001
00000
00100
00000
00010
00001
00010
00100
01000
10000
01000
00100
,
00010
00001
00100
00001
00010
00100
00010
01000
00100
01000
10000
00100
10000
01000
00100
00010
,
00001
00000
00000
00000