00000
00000
00000
00000
,
00000
00000
00000
00000
,
00000
00000
00000
00000
,
00000
00000
00100
00100
,
00010
00100
00010
01000
00001
00000
00000
00000
,
10000
00001
10000
00000
,
00001
10000
00001
00000
,
01000
00010
01000
00010
,
01000
00100
01000
00010
20000
00000
30010
00100
,
00002
00000
01003
00100
02000
00000
03010
00100
,
00020
00000
00130
00001
00020
00000
00130
01000
,
00002
00000
10003
01000
00200
00000
00301
00000
,
00010
00100
01000
00010
01000
00001
00001
10000
,
00010
01000
01000
00010
00100
00001
00001
01000
,
00100
10000
10000
01000
00100
00010
01000
00010
,
10000
01000
10000
00001
00010
00001
01000
00010
,
00100
00100
00200
00000
,
00000
00000
00000
00000
00000
00000
00000
00000
00000
00000
00000
00000
00000
00000
00000
00000
00000
00000
00000
00000
00000
00000
00000
00000
00000
00300
00000
00000
00000
00000
00000
00000
,
00100
00001
00010
00100
10000
01000
00100
00010
,
00100
00100
00001
10000
00010
00010
01000
00100
,
10000
00100
10000
00100
10000
00000
00001
00000
01000
00100
01000
00100
01000
00000
00010
00000
,
00100
00001
00100
00000
00001
00000
10000
00000
00100
00000
00100
00000
01000
00000
00010
00000
,
00100
00000
00001
00000
00010
00000
00100
00000
01000
00000
00010
00000
10000
01000
00100
00000
,
00010
00000
01000
00000
00001
00000
00100
00000
00001
00000
10000
00000
00010
00100
00010
00000
,
01000
00100
01000
00010
00100
00000
00001
00000
10000
00000
00110
00000
10000
00000
00110
00000
,
01000
00000
01000
00000
00001
00000
00100
00000
00010
00100
00010
01000
00001
01000
00100
10000
,
00001
01000
00001
01000
00200
00000
10300
00010
,
00100
00000
00001
00000
10000
00000
10000
00000
00001
00100
00001
01000
00100
00000
10000
00000
,
00002
00000
00103
00010
02000
00000
03100
00100
,
10000
00100
10000
00010
00100
00010
00100
00001
00100
00001
01000
00100
01000
00000
00010
00000
,
01010
00000
01000
00010
00100
00000
00100
00000
,
00001
01000
00001
00010
00100
01000
00010
10000
,
01000
00100
00010
01000
00100
00000
01000
00100
,
10000
00100
10000
00000
00001
00100
00001
00000
10000
00100
10000
00100
10000
00100
10000
00100
,
01000
00010
00001
00001
00010
01000
10000
10000
,
01000
00010
01000
01000
00001
10000
00001
00001
,
00100
00100
00010
01000
00100
00100
01000
00010
,
01000
00100
01000
00100
01000
00000
00010
00000
10000
00100
10000
00100
10000
00001
00100
00000
,
00001
01000
00001
01000
00001
00010
00001
00010
,
10000
01000
10000
01000
00010
10000
00010
10000
,
00001
00100
00001
00001
01000
00100
01000
01000
,
00001
00010
00100
01000
00010
00100
00001
10000
01000
00100
00010
01000
00010
00100
00010
01000
,
00100
01100
00110
01010
,
00100
10001
00101
10100
,
10010
00000
01001
00000
01000
00001
00100
00010
,
10010
00000
01001
00000
10000
00010
00100
00001
,
01000
00100
10000
10000
00010
00100
00001
00001
,
00100
00010
01000
01000
00100
01000
00010
00010
,
00100
00001
00100
00000
01000
00100
01000
00000
00100
10000
00100
00000
00010
00100
00010
00000
,
01000
00100
10000
00010
00100
00001
01000
00100
01000
00010
00100
00010
10000
00100
01000
00010
,
00100
00000
00000
00000
00000
00000
00000
00000
00001
00100
00001
00100
00001
00100
00001
10000
,
00100
10000
00100
10000
00100
10000
00100
01000
00010
00100
00010
00100
00010
00100
00010
01000
,
00100
01000
00100
01000
00100
01000
00100
01000
00010
00100
00001
01000
00100
10000
00010
00100
,
00001
01000
00100
10000
00010
00100
00001
01000
00100
10000
00100
10000
00001
00100
00001
00100
,
00010
00100
00010
01000
00100
01000
00010
00100
00001
00100
00001
01000
00001
00100
00001
01000
,
00010
10000
00010
00100
00010
10000
00010
00100
00010
01000
00001
00100
00001
01000
00100
10000
,
00010
00100
00010
10000
00010
00100
00010
10000
00001
10000
00001
10000
00010
01000
00010
01000
,
00001
10000
00001
10000
00010
01000
00010
01000
00100
01000
00010
00100
00001
00010
00100
01000
,
00010
01000
00100
10000
01000
00100
00010
01000
00010
00000
00100
00000
00010
00000
00100
00000
,
00001
00100
00001
00100
00001
01000
00001
01000
,
10000
01000
00010
00001
00010
01000
00010
01000
,
00100
00000
10000
00000
00001
00000
00100
00000
00001
00100
00001
00000
10000
00100
10000
00000
,
00001
00100
00001
00100
00001
00100
00001
00000
01000
00100
01000
00010
00100
00000
00010
00000
,
01000
01000
00010
00100
00001
00010
00001
00001
,
10000
00000
01000
00000
10000
00000
10000
00000
00001
00000
01000
00000
00010
10000
00100
00000
,
01000
00000
00001
00000
01000
00001
00100
00000
00001
00000
01000
00000
00010
00000
10000
00000
,
00100
00000
00100
00000
00100
00100
00100
00100
00100
00000
00100
00010
01000
00000
00100
00000
,
00100
00000
10000
00001
00100
00000
00100
00000
00001
00100
00001
00100
00001
00000
10000
00000
,
00010
00100
00010
00100
00010
00000
01000
00000
00001
00010
00100
00000
01000
00000
10000
00000
,
01000
10000
00100
00000
00010
00000
00001
00000
01000
00001
01000
00001
00010
00001
00010
00001
,
00010
10000
00010
10000
01000
10000
01000
10000
00100
00000
10000
00000
00001
00000
00010
00000
,
00001
10000
01000
10000
00100
00100
01000
00010
,
00100
00100
00001
10000
00001
00100
00001
01000
,
00100
00000
10000
00000
00010
00000
00100
00000
00010
00100
00000
00000
00010
00100
00000
00000
,
01000
00100
01000
00100
10000
00100
10000
00100
10000
00010
00100
00000
00001
00000
10000
00000
,
00001
01000
00100
00000
01000
00000
00010
00000
01000
00100
01000
00010
00100
00001
10000
00100
,
10000
00100
10000
00010
00100
00000
01100
00000
00001
00100
00010
00000
01000
00000
00010
00000
,
10000
00100
01000
00000
00010
00000
01000
00000
00001
00100
00001
01000
00100
01000
00001
00010
,
00100
01000
10000
01000
10000
01000
00100
00010
00001
00010
00001
00100
00001
00100
00010
00100
,
00010
01000
00010
01000
00100
10000
00100
10000
01000
10000
01000
10000
01000
00100
01000
00100
,
00010
00100
00010
00100
00001
00100
00001
00100
10000
00100
10000
00100
10000
01000
10000
01000
,
00010
00001
00010
00001
00010
00100
00010
01000
00100
01000
00100
00000
00010
00100
00010
00000
,
10000
00100
10000
00001
00100
00001
10000
00000
00002
00000
00023
00000
00230
00000
02300
00000
,
03020
00230
00320
00032
00023
00230
02300
23000
,
30002
02003
03200
00320
00032
20003
30200
02300
,
03020
00032
00023
02030
23000
32000
03020
02030
,
03110
00000
01000
00000
00010
00000
01010
00000
00001
00010
00100
01000
00010
00100
01000
10000
,
01000
00100
00010
01000
00001
10000
00100
02000
00020
00000
00000
00000
00000
00000
00000
00000
,
00000
00000
00000
00000
,
00000
00000
00000
00000
,
00000
03030
00000
00000
00000
00000
00000
00000
00000
00000
00000
00000
00000
00000
00000
00000
00000
00000
00000
00000
00000
00000
00000
00000
00000
00000
00000
00000
00000
00000
00000
00000