0000000000
0000000000
0000000000
0000000000
,
0000000000
0000000000
0000000000
0000000000
,
0000000000
0000000000
0000000000
0000000000
,
0000000000
0000000000
0000000000
0000000000
,
0000000000
0000000000
0000010000
0000000000
,
0000010000
0000000000
0001000000
0000000000
,
0000010000
0000000000
0000100000
0000000000
,
0000001000
0000000000
0000200000
0000000000
,
0000000000
0000300000
0000000000
0000000000
0000001000
0000000000
0000001000
0000000000
,
0000010000
0000000100
0000010000
0000010000
,
0000000001
0000000100
0000000010
0000000001
,
0000000010
0000000100
0000000010
0000001000
,
0000000100
0000000100
0000010000
0000001000
,
0001000000
0001000000
0000100000
0010000000
,
0000100000
0000100000
0100000000
0001000000
,
0010000000
0000100000
1000000000
0000000000
,
0000100000
0000000000
2000200000
0000000000
,
0000000000
0000000000
0000000000
3000300000
,
0010000000
0000000000
1000100000
0000000000
0000100000
0010000000
0000100000
0000000000
,
0100000000
0010000000
1000000000
0001000000
0010000000
0000100000
1000000000
0000100000
,
1000000000
0010000000
1000000000
0000000000
0000100000
0010000000
0000100000
0000000000
,
0011000000
0011000000
0010100000
0010100000
,
0001000000
0000001000
0000010000
0000000100
0000010000
0000000000
0000010100
0000000000
,
0000000001
0000000100
0000000001
0000000100
0000000010
0000000000
0000001010
0000000000
,
0000001000
0000000000
0000000010
0000000000
0000001000
0000000100
0000001000
0000000100
,
0000010000
0000001000
0001000000
0000100000
0010000000
0001000000
0100000000
0010000000
,
1000000000
0000000000
0001000000
0010000000
0000100000
0000000000
0100000000
0010000000
,
1000000000
1000000000
0010000000
0100000000
0001000000
0001000000
0010000000
0000010000
,
0000100000
0000000000
0000000100
0000010000
0000000100
0000000000
0000010000
0000000010
,
0000000100
0000000100
0000000001
0000001000
0000000100
0000000100
0000001000
0000000010
,
0000000100
0000000000
0000000001
0000000100
0000000001
0000000000
0000010000
0000000100
,
0000100000
0000100000
0000010000
0000100000
0000001000
0000001000
0001000000
0000001000
,
0001000000
0000000000
0000100000
0001000000
0010000000
0000000000
0100000000
0001000000
,
0010000000
0000100000
0010000000
0000100000
1000000000
0010000000
0100000000
0010000000
,
1000000000
1010000000
0010100000
1000100000
,
0000100000
0010000000
0000100000
0000000000
0100000000
0000000000
0110000000
0000000000
,
0001000000
0010000000
0001000000
0000000000
0000010000
0000100000
0000010000
0000000000
,
0001000000
0000001000
0000100000
0000010000
0000001000
0000000100
0000010000
0000000000
,
0000000100
0000010100
0000000101
0000010100
,
0000000001
0000000100
0000000001
0000001000
0000000100
0000010000
0000000010
0000000100
,
0000000001
0000000010
0000000100
0000001000
0000000010
0000000100
0000001000
0000010000
,
0000001000
0000001000
0001000000
0001000000
0000100000
0010000000
0000100000
1000000000
,
0020000000
0000000000
0000000000
0030000000
0010000000
0000000000
0010000000
0000000000
,
1000000000
0010000000
1000000000
0000000000
1000000000
0100000000
1000000000
0000000000
,
1000000000
0010000000
0100000000
0001000000
0010000000
0000100000
0010000000
0000000000
,
0000100000
0010000000
0000100000
0000000000
0000100000
0001000000
0000100000
0000000000
,
0001000000
0000000000
0001000000
0000000000
0000001000
0000010000
0000001000
0000010000
,
0000000100
0000000000
0000000100
0000000000
0000010000
0000000100
0000010000
0000000100
,
0000001000
0000000100
0000010000
0000000010
0000000100
0000000001
0000001000
0000000100
,
0000001000
0000000100
0000001000
0000010000
0000100000
0001000000
0000100000
0000010000
,
0000000000
0000000000
0000000000
0000000000
0000100000
0000001000
0000100000
0000001000
,
0001000000
0000001000
0001000000
0000010000
0001000000
0000010000
0001000000
0000010000
,
0000100000
0000010000
0000100000
0000010000
0001000000
0000100000
0010000000
0001000000
,
0000100000
0000010000
0000001000
0000010000
0000100000
0000010000
0000100000
0000000100
,
0000001000
0000000100
0000010000
0000001000
0000100000
0000001000
0000100000
0000001000
,
0001000000
0000001000
0001000000
0000010000
0001000000
0000010000
0001000000
0000010000
,
0000100000
0000010000
0000100000
0000010000
0001000000
0000100000
0010000000
0001000000
,
0000100000
0000010000
0000001000
0000010000
0000100000
0000010000
0000100000
0000000100
,
0000001000
0000000100
0000010000
0000001000
0001000000
0000000000
0001000000
0000000000
,
0000001000
0000001000
0000100000
0000100000
,
0000010000
0000010000
0001000000
0000100000
,
0010000000
0000100000
0010000000
0000000000
0001000000
0100000000
0001000000
0100000000
,
0010000000
0010000000
0101000000
0110000000
,
0011000000
0101000000
0010000000
1000100000
,
1010000000
0000000000
0010100000
0000000000
1000000000
0010000000
1000000000
0010000000
,
0000100000
0010000000
0000100000
0000010000
0000100000
0000010000
0000100000
0000000100
,
0000010000
0000000100
0000001000
0000000010
0000000100
0000000000
0000000001
0000001000
,
0000000100
0000000000
0000010000
0000000010
0000000100
0000000100
0000000001
0000001000
,
0000000100
0000000100
0000010000
0000000001
0000000100
0000000000
0000000010
0000010000
,
0000000100
0000000000
0000001000
0000000001
0000000100
0000000100
0000000010
0000010000
,
0000000100
0000000100
0000001000
0000010000
0000100000
0000000000
0000010000
0000100000
,
0000010000
0000000000
0001000000
0000001000
0001000000
0001000000
0000100000
0010000000
,
0000100000
0000100000
0100000000
0010000000
1000000000
0000000000
1000000000
0010000000
,
0000100000
0000000000
0000100000
0010000000
1000000000
0100000000
1000000000
0000100000
,
0001000000
0000100000
0001000000
0000100000
0010000000
0000000000
0010000000
0000000000
,
0000100000
0000100000
0110000000
0110000000
,
0001000000
0010000000
0001000000
0000000000
0010000000
0000001000
0001000000
0000000000
,
0000000100
0000100000
0000010000
0000000000
0000110000
0000000000
0001001000
0000000000
,
0000101000
0000000000
0001010000
0000000000
0001000000
0000010000
0001000000
0000010000
,
0000100000
0000001000
0000100000
0000001000
0000100000
0000000000
0000100000
0000000000
,
0000000100
0000001000
0000000100
0000010000
0000000001
0000000000
0000000001
0000000000
,
0000001000
0000000100
0000010000
0000000000
0000000110
0000000000
0000001100
0000000000
,
0000000101
0000010100
0000000002
0000010000
,
0000010000
0000000000
0000010003
0000000000
0000000001
0000010000
0000000001
0000010000
,
0000001000
0001000000
0000001000
0001000000
0000100000
1000000000
0000100000
1000000000
,
0010000000
1000000000
0001000000
0010000000
0000100000
0001000000
0000001000
0000010000
,
0000000100
0000010000
0000000100
0000001000
0000000010
0000000100
0000000001
0000000010
,
0000000100
0000001000
0000000010
0000001000
0000000200
0000000000
0000000000
0000000000
,
0000000000
0000000000
0000000000
0000000000
,
0000000000
0000000000
0000000000
0000000000
,
0000000000
0000000300
0000000000
0000000000
0000000000
0000000000
0000000000
0000000000