0000000000
0000000000
0000000000
0000000000
,
0000000000
0000000000
0000000000
0000000000
,
0000000000
0000000000
0000000000
0000000000
0000000000
0000000000
0000000000
0000000000
2000000000
0000000000
0000000000
0000000000
0000000000
0000000000
0000000000
3000000000
,
0000200000
0000000000
0000000000
0000000000
0000000000
0000000000
0000000000
0000000000
0000000000
0000000000
0000000000
0000000000
0000000000
0000000000
0000000000
0000000000
0000000000
0000000000
0000000000
0000000000
0000000000
0000300000
0000000000
0000000000
0010000000
0000000000
0000010000
0000000000
0001000000
0000000000
0000100000
0000000000
0010000000
0000000000
0001000000
0000000000
0000100000
0000000000
0000000000
0000000000
0000010000
0000000000
0000000000
0000000000
0000001000
0000000000
0000000000
0000000000
,
0000000200
0000000000
0000000000
0000000000
0000000020
0000000000
0000000000
0000000030
,
0000002000
0000000000
0000000000
0000003000
0002000000
0000000000
0000000000
0003000000
,
0020000000
0000000000
0000000000
0030000000
0000200000
0000000000
0000000000
0000300000
,
0000020000
0000000000
0000000000
0000030000
0000000002
0000000000
0000000000
0000000303
,
0000000100
0000000001
0000000010
0000000100
0000000001
0000000010
0000000100
0000001000
0000020000
0000000000
0000000000
0000030000
0000100000
0000000000
0010000000
0000000000
,
2000000000
0000000000
0000000000
3000000000
0100000000
0000000000
0010000000
0000000000
0002000000
0000000000
0000000000
0003000000
1000000000
0000000000
0010000000
0000000000
,
0000200000
0000000000
0000000000
0000300000
0000010000
0000000000
0000000100
0000000000
0000000002
0000000000
0000000000
0000000003
0000000010
0000000000
0000000100
0000000000
,
0000002000
0000000000
0000000000
0000003000
0000000001
0000000000
0000000100
0000000000
0000020000
0000000000
0000000000
0000030000
0000100000
0000000000
0010000000
0000000000
,
2000000000
0000000000
0000000000
3000000000
0100000000
0000000000
0010000000
0000000000
0002000000
0000000000
0000000000
0003000000
1000000000
0010000000
0100000000
0000000000
,
0000200000
0000000000
0000000000
0000300000
0100000000
0001000000
0010000000
0000000000
0000020000
0000000000
0000000000
0000030000
0010000000
0000100000
0001000000
0000000000
,
0000002000
0000000000
0000000000
0000003000
0001000000
0000010000
0000100000
0000000000
0000000200
0000000000
0000000000
0000000300
0000100000
0000001000
0000010000
0000000000
,
0000000020
0000000000
0000000000
0000000030
0000010000
0000000100
0000001000
0000000000
0000000002
0000000000
0000000000
0000000003
0000001000
0000000010
0000000100
0000000000
,
0000000001
0000000100
0000000010
0000010000
0000000100
0000001000
0000000010
0000000100
0000020002
0000000000
0000000000
0000000000
0000000000
0000000000
0000000000
0000000000
,
0000000000
0000000000
0000000000
0000000000
0000000000
0000000000
0000000000
0000030003
,
0000000001
0000000000
0000000101
0000000000
0000000001
0000000100
0000000101
0000000000
,
0000001000
0000000100
0000010000
0000000100
0000001000
0000000000
0000000100
0000000000
0000010000
0000000100
0000001000
0000000100
0000010000
0000000000
0000000100
0000000000
,
0001000000
0000001000
0001000000
0000001000
0001000000
0000000000
0000000000
0000000000
0100000000
0010000000
0100000000
0010000000
0100000000
0000000000
0001000000
0000000000
,
1000000000
0000000000
0010000000
0000000000
0100000000
0000000000
0001000000
0000000000
0010000000
0000000000
0000010000
0000100000
0000010000
0000100000
0000010000
0000000000
,
0010000000
0000000000
0000010000
0000100000
0000000100
0000000000
0000100000
0000010000
,
0010000000
0000100000
1000000000
0010000000
0100000000
0001000000
0010000000
0000100000
,
1000000000
0010000000
1000000000
0010000000
0100000000
0010000000
0100000000
0001000000
0010000000
0000000000
0000100000
0000000000
0010000000
0000000000
0000100000
0000000000
,
0100000000
0000000000
0010000000
0000000000
0001000000
0000000000
0000100000
0000000000
0000001000
0000000000
0000010000
0001000000
0000010000
0001000000
0000010000
0000000000
,
0000200000
0000000000
0000000000
0000300000
0000010000
0000100000
0000010000
0000000000
0000200000
0000000000
0000000000
0000300000
0000010000
0000100000
0000010000
0000000000
,
0010000000
0000100000
0010000000
0001000000
0100000000
0000100000
0100000000
0010000000
1000000000
0001000000
1000000000
0000100000
0100000000
0010000000
0100000000
0000100000
,
0010000000
0001000000
0010000000
0001000000
0010000000
0000000000
0000000000
0000000000
0000000100
0000001000
0000000100
0000001000
0000000100
0000000000
0000010000
0000000000
,
0000000002
0000000003
0000000020
0000000030
0000000200
0000000300
0000002000
0000003000
0000020000
0000030000
0000100000
0000001000
0000100000
0000001000
0000100000
0000000000
,
0000020000
0000000000
0000000000
0000030000
0000100000
0000010000
0000100000
0000000000
0000020000
0000000000
0000000000
0000030000
0000100000
0000010000
0000100000
0000000000
,
0000001000
0001000000
0000001000
0000100000
0000000100
0000010000
0000000100
0000001000
0000000010
0000000100
0000000010
0000010000
0000000001
0000001000
0000000001
0000000100
,
0000020000
0000000000
0000000000
0000030000
0000100000
0000010000
0000100000
0000000000
0000010000
0000000000
0000100000
0000000000
0000010000
0000100000
0000010000
0000000000
,
0002000000
0000000000
0000000000
0003000000
0000010000
0000100000
0000010000
0001000000
0000001000
0000100000
0000001000
0001000000
0000000100
0000100000
0000000100
0000010000
,
0000000002
0000000000
0000000000
0000000003
0000001000
0000000000
0000000100
0000000000
0000010000
0000000000
0000010000
0000000000
0000000010
0000000000
0000000100
0000000000
,
0000000001
0000000000
0000010000
0000000000
0000000100
0000001000
0000000100
0000000000
0000100000
0000000000
0000010000
0000000000
0010000000
0001000000
0010000000
0000000000
,
0000001000
0001000000
0000001000
0001000000
0000001000
0000000000
0000000000
0000000000
0000000010
0000000100
0000000010
0000000100
0000000010
0000000000
0000000000
0000000000
,
0000001000
0000000100
0000001000
0000000100
0000001000
0000000000
0000000010
0000000000
0000000100
0000000000
0000000010
0000000000
0000001000
0000000100
0000010000
0000000100
,
0000001000
0000000000
0000010000
0000000000
0000100000
0000000000
0001000000
0000000000
0010000000
0001000000
0100000000
0000000000
0010000000
0100000000
0001000000
0000000000
,
1000000000
0010000000
0000100000
0000010000
0001000000
0000001000
0000000100
0000000010
,
0000010000
0000000100
0000001000
0000000010
0000000100
0000000100
0000000010
0000001000
,
0000010000
0000000000
0000100000
0000000000
0000001000
0000000000
0001000000
0000000000
0000010000
0000000000
0000100000
0000000000
0000001000
0001000000
0000001000
0000000000
,
0000200000
0000000000
0000000000
0000000000
0000010000
0000000000
0000000000
0000300000
0000001000
0000010000
0000000100
0000010000
0000000010
0000000100
0000000010
0000001000
,
0000000100
0000010000
0000000100
0000001000
0000000010
0000000100
0000000010
0000001000
0000000200
0000000000
0000000000
0000000000
0000010000
0000000000
0000000000
0000000300
,
0000200000
0000000000
0000000000
0000000000
0000000000
0000000000
0000000000
0000000000
0000010000
0000000000
0000000000
0000000000
0000000000
0000300000
0000000000
0000000000
0000001000
0000000000
0000010000
0000000000
0000000100
0000000000
0000010000
0000000000
0000000010
0000000000
0000000100
0000000000
0000000010
0000000000
0000001000
0000000000
,
0000000100
0000010000
0000001000
0000010000
0000000100
0000001000
0000000010
0000001000
0000000100
0000010000
0000001000
0000100000
0000001000
0001000000
0000010000
0000100000
,
0001000000
0000000000
0010000000
0000000000
0000010000
0000000000
0000100000
0000000000
0000000100
0000000000
0000010000
0000000000
0000001000
0001000000
0000001000
0000000000
,
0000100000
0000000000
0001000000
0010000000
0000100000
0010000000
0001000000
0000000000
0100000000
0000000000
0010000000
0000000000
1000000000
0000000000
1000000000
0000000000
,
0001000000
0010000000
0000000000
0000000000
0001000000
0010000000
0000000000
0000000000
0001000000
0010000000
0000000000
0000000000
0000100000
0000000000
0010000000
0000000000
,
0000010000
0000000000
0001000000
0000100000
0010000000
0001000000
0100000000
0000000000
0010000000
0000000000
1000000000
0010000000
0100000000
0010000000
1000000000
0000000000
,
0000100000
0000000000
0000000000
0000000000
0000000000
0000000000
0000000000
0000000000
0010000000
0000000000
0010000000
0000100000
0010000000
0000000000
0010000000
0000100000
,
0010000000
0000000000
0010000000
0000100000
0010000000
0000000000
0010000000
0000100000
0010000000
0000000000
0010000000
0000100000
0010000000
0000000000
0010000000
0000100000
,
0010000000
0000000000
0010000000
0000100000
0010000000
0000000000
0010000000
0000100000
0010000000
0000000000
0010000000
0000100000
0010000000
0000000000
0010000000
0000100000
,
0010000000
0000000000
0010000000
0000100000
0010000000
0000000000
0010000000
0000100000
0010000000
0000000000
0001000000
0000100000
0000010000
0000001000
0000000100
0000000010
,
0000000001
0000000100
0000000010
0000001000
0000000100
0000010000
0000001000
0000100000
0000010000
0000000000
0000010000
0000000100
0000010000
0000000000
0000010000
0000000100
,
0000010000
0000000000
0000010000
0000000100
0000010000
0000000000
0000010000
0000000100
0000010000
0000000000
0000010000
0000000100
0000010000
0000000000
0000010000
0000000100
,
0000010000
0000000000
0000010000
0000000100
0000010000
0000000000
0000010000
0000000100
0000010000
0000000000
0000100000
0000000000
0010000000
0000000000
0000100000
0000000000
,
0000010000
0000000000
0000000100
0000000000
0000010000
0000000000
0000100000
0000000000
0001000000
0010000000
0000001000
0000100000
0000000100
0000010000
0000000010
0000000100
,
0000000001
0000001000
0000000100
0001000000
0000010000
0010000000
0000100000
0100000000
0020000000
0000000000
0000000000
0000000000
0000000000
0000000000
0000000000
0030000000
,
2000000000
0000000000
0000000000
0000000000
0000000000
0000000000
0000000000
3000000000
0000200000
0000000000
0000000000
0000000000
0000000000
0000000000
0000000000
0000300000
,
0020000000
0000000000
0000000000
0030000000
0000100000
0000000000
1000000000
0000000000
0010000000
0000000000
0100000000
0000000000
0001000000
0000000000
0100000000
0000000000
,
0010000000
0000000000
0100000000
0000000000
0001000000
0000000000
0000100000
0000000000
0000010000
0000001000
0000000100
0000000000
0000001000
0000010000
0001000000
0000000000
,
0000100000
0000000000
0000001000
0000010000
0000000100
0000000001
0000000010
0000000000
0000000100
0000000000
0000001000
0000000100
0000001000
0000000000
0000000000
0000000000
,
0000000010
0000000000
0000010000
0000000100
0000010000
0000000000
0000000000
0000000000
0000000001
0000000000
0000010000
0000000100
0000010000
0000000100
0000010000
0000000000
,
0000000010
0000000000
0000001000
0000000100
0000001000
0000000100
0000001000
0000000100
0000001000
0000000000
0000000000
0000000000
0000010000
0000100000
0000000000
0000000000
,
0000001000
0001000000
0000000000
0000000000
0000010000
0000100000
0000000000
0000000000
0001000000
0010000000
0000100000
0010000000
0001000000
0010000000
0000100000
0010000000
,
0001000000
0000100000
0000010000
0001000000
0000001000
0001000000
0000010000
0000100000
0001000000
0010000000
0001000000
0010000000
0000100000
0100000000
0010000000
1000000000
,
0001000000
0010000000
0001000000
0010000000
0000100000
0100000000
0010000000
1000000000
0001000000
0010000000
0001000000
0010000000
0000100000
0010000000
0000100000
0010000000
,
0001000000
0100000000
0010000000
1000000000
0000100000
0100000000
0010000000
1000000000
0001000000
0010000000
0001000000
0010000000
0000100000
0010000000
0001000000
0100000000
,
0010000000
1000000000
0010000000
1000000000
0001000000
0010000000
0000100000
0010000000
0001000000
0100000000
0001000000
0010000000
0000100000
0001000000
0000010000
0001000000
,
0000001000
0000100000
0000001000
0000010000
0000000100
0000010000
0000000100
0000001000
0000010000
0001000000
0000010000
0001000000
0000001000
0000100000
0000001000
0001000000
,
0000010000
0000100000
0000010000
0000100000
0000001000
0000100000
0000001000
0001000000
0000010000
0001000000
0000100000
0010000000
0000100000
0001000000
0000010000
0000100000
,
0000010000
0001000000
0000001000
0000010000
0000000100
0000001000
0000000010
0000000100
0000000001
0000000100
0000000001
0000001000
0000000010
0000010000
0000000100
0000001000
,
0000000001
0000000100
0000000010
0000010000
0000000100
0000001000
0000000010
0000000100
0000000001
0000000010
0000000100
0000001000
0000010000
0001000000
0000010000
0001000000
,
0000001000
0000100000
0000001000
0000100000
0001000000
0010000000
0100000000
1000000000
0020000000
0000000000
0000000000
0030000000
0000100000
0000000000
0000010000
0000000000
,
0010000000
0000000000
0000001000
0000000000
0000100000
0000010000
0000100000
0000000000
0000000100
0000000000
0001000000
0000000000
0000001000
0000100000
0000001000
0000100000
,
0000010000
0000100000
0000010000
0000100000
0000010000
0001000000
0000010000
0001000000
0000001000
0001000000
0000001000
0001000000
0000001000
0000000000
0000000000
0000000000
,
0000000010
0000000100
0000000010
0000000100
0000000010
0000000000
0000001000
0000000000
0000000001
0000000100
0000000010
0000000100
0000000001
0000000000
0000000100
0000000000
,
0000000010
0000000000
0000001000
0000000000
0000000100
0000010000
0000001000
0000000000
0001000000
0000000000
0000100000
0000000000
0010000000
0001000000
0100000000
0000000000
,
0010000000
0000000000
1000000000
0000000000
0010000000
0100000000
0001000000
0000000000
0010000000
0000000000
0000100000
0000000000
0001000000
0000000000
0000100000
0000000000
,
0010000000
0000000000
0001000000
0000000000
0000100000
0000000000
0000010000
0000000000
0010000000
0001000000
0010000000
0001000000
0010000000
0000000000
0000000000
0000000000
,
0000000100
0000001000
0000000100
0000001000
0000000100
0000000000
0000000000
0000000000
0000010000
0000000000
0000000100
0000000000
0001000000
0000000000
0000010000
0000000000
,
0000100000
0000001000
0010000000
0000100000
0002000000
0000000000
0000000000
0000000000
,
0000000000
0000000000
0000000000
0000000000
0003000000
0000000000
0000001000
0000100000
0000010000
0000000000
0001000000
0000100000
0010000000
0000000000
0000001000
0000010000
,
0000000100
0000000000
0001000000
0000010000
0000100000
0000000000
0000001000
0000100000
0000000100
0000000000
0000001000
0000010000
0000100000
0000000000
0001000000
0000100000
,
0000010000
0000000000
0001000000
0000010000
0010000000
0000000000
0001000000
0000100000
0000010000
0000000000
0000001000
0000000000
0000000100
0000000000
0000000010
0000000000
,
0000000001
0000000100
0000000010
0000001000
0000000100
0000010000
0000001000
0001000000
0000200000
0000000000
0000000000
0000000000
0000000000
0000000000
0000000000
0000000000
,
0000000000
0000000000
1000300000
0000000000