// measure 0
0000000000
0000000000
0000000000
0000000000
0000000000
0000000000
0000000000
0000000000
0000000000
0000000000
0000000000
0000000000
0000000000
0000000000
0000010000
0000100000
,  // measure 1
0000110000
0000000000
0000000000
0000000000
0000010000
0000000000
0000001000
0000000000
0000000200
0000000000
0000000000
0000000000
0000000000
0000000300
0000000000
0000000000
0000020000
0000000000
0000000000
0000000000
0000000000
0000030000
0000000000
0000000000
0000002000
0000000000
0000000000
0000000000
0000000000
0000003000
0000000000
0000000000
0000100000
0000000000
0001000000
0000000000
0010000000
0000000000
0000100000
0000000000
0200000000
0000000000
0000000000
0000000000
0000000000
0300000000
0000000000
0000000000
0002000000
0000000000
0000000000
0000000000
0000000000
0003000000
0000000000
0000000000
0000100000
0000000000
0000010000
0000000000
0000001000
0000000000
0000000100
0000000000
,  // measure 2
0000100000
0000010000
0000001000
0000000100
0000000010
0000000000
0000000011
0000000000
0000000001
0000000000
0000001001
0000000000
0000001000
0000000000
0000001010
0000000000
0000000010
0000000000
0000010010
0000000000
0000010000
0000000000
0000011000
0000000000
0000001000
0000000000
0001001000
0000000000
0001000000
0000000000
0001100000
0000000000
,  // measure 3
0000100000
0100100000
0200100000
0310000000
0102000000
0013000000
2001000000
3010000000
1000200000
0010300000
0020010000
0031000000
0002100000
0013000000
0020001000
0030100000
,  // measure 4
0000100000
0001000000
0000001000
0000200000
0000020000
0000000000
0000000000
0000000000
0000000000
0000000000
0000000000
0000000000
0000000000
0000000000
0000330000
0000000000
0000110000
0000000000
0000010000
0000000000
0001000000
0000001000
0001000000
0000000000
0000100000
0010000000
0001000000
0100000000
0010000000
1000000000
0000100000
0000000000
,  // measure 5
0010000000
0000010000
0000000000
0000000000
0000110000
0000000000
0000000000
0000000000
0010000000
0000010000
0000000000
0000000000
0000110000
0000000000
0000100000
0000000000
0000000200
0000000000
0000000000
0000000000
0000000000
0000000000
0000000000
0000000300
0000010000
0000000000
0000000010
0000000000
0000001000
0000000000
0000000000
0000000000
0000000002
0000000000
0000000000
0000000003
0000002000
0000003000
0000000200
0000000300
0000020000
0000000000
0000000000
0000000000
0000000000
0000030000
0000002000
0000003000
0002000000
0000000000
0000000000
0000000000
0000000000
0003000000
0000200000
0000000000
0100300000
0000000000
0000000000
0000000000
0100100000
0000000000
0000000000
0000000000
,  // measure 6
0010000000
0000010000
0000000000
0000000000
0000110000
0000000000
0000000000
0000000000
0001000000
0000000000
0000001000
0000000000
0000010000
0000000000
0000000000
0000000000
0000000001
0000000000
0000000100
0000000000
0000000010
0000000000
0000001000
0000000000
0000000100
0000000000
0000010000
0000000000
0000001000
0000000000
0000010000
0000000000
0000000200
0000000000
0000000000
0000000300
0001000000
0000000000
0000010000
0000000000
0000000200
0000000000
0000000000
0000000300
0000010000
0000000000
0000001000
0000000000
0000000100
0000000000
0000010000
0000000000
0000001000
0000000000
0001000000
0000000000
0000100000
0000000000
0001000000
0000000000
0000010000
0000000000
0000001000
0000000000
,  // measure 7
0000000200
0000000000
0000000000
0000000300
0000100000
0000000000
0000001000
0000000000
0000000200
0000000000
0000000000
0000000300
0000001000
0000000000
0000010000
0000000000
0000000100
0000000000
0000000100
0000000000
0000001000
0000000000
0000010000
0000000000
0001000000
0000000000
0000100000
0000000000
0001000000
0000000000
0000100000
0000000000
0020000000
0000000000
0000000000
0030000000
0000001000
0000000000
0000100000
0000000000
0020000000
0000000000
0000000000
0030000000
0000100000
0000000000
0001000000
0000000000
0010000000
0000100000
0000000000
0000000000
0001100000
0000000000
0000000000
0000000000
0001000000
0000000000
0000001000
0000000000
0000100000
0000000000
0001000000
0000000000
,  // measure 8
0020000000
0000000000
0000000000
0030000000
0000010000
0000000000
0001000000
0000000000
0020000000
0000000000
0000000000
0030000000
0001000000
0000000000
0000100000
0000000000
0010000000
0001000000
0000000000
0000000000
0001100000
0000000000
0000000000
0000000000
0001000000
0000000000
0000010000
0000000000
0000001000
0000000000
0000010000
0000000000
0000000200
0000000000
0000000000
0000000300
0001000000
0000000000
0000010000
0000000000
0000000200
0000000000
0000000000
0000000300
0000010000
0000000000
0000001000
0000000000
0000000100
0000000000
0000100000
0000000000
0000000100
0000000000
0001000000
0000000000
0000001000
0000000000
0010000000
0000000000
0000010000
0000000000
0010000000
0000000000
,  // measure 9
0000100000
0001000000
0000000000
0000000000
0001001000
0000000000
0000000000
0000000000
0000001000
0000010000
0000000000
0000000000
0000010100
0000000000
0000000000
0000000000
0000000100
0000001000
0000000000
0000000000
0000000010
0000000100
0000000000
0000000000
0000000001
0000000000
0000010000
0000000000
0000010001
0000000000
0000000000
0000000000
0000200000
0000000000
0000000000
0000000000
0000000000
0000000000
0000000000
0000300000
0000001000
0000000000
0001000000
0000000000
0000100000
0000000000
0010000000
0000000000
0001000000
0000000000
0100000000
0000000000
0010000000
0000000000
1000000000
0000000000
0100000000
0000000000
0010000000
0000000000
0001000000
0000000000
0000000000
0000000000
,  // measure 10
0000200000
0000000000
0000000000
0000000000
0000000000
0000000000
0000000000
0000300000
0000010000
0000000000
0000001000
0000000000
0000000100
0000000000
0000010000
0000000000
0000001000
0000000000
0000000100
0000000000
0000000010
0000000000
0000001000
0000000000
0000000100
0000000000
0000000010
0000000000
0000000001
0000000000
0000000100
0000000000
0000000020
0000000000
0000000000
0000000000
0000000000
0000000000
0000000000
0000000030
0000000001
0000000000
0000000100
0000000000
0000010000
0000000000
0000000001
0000000000
0000000100
0000000000
0000010000
0000000000
0000001000
0000000000
0000000100
0000000000
0000010000
0000000000
0000000000
0000000000
0000101000
0000000000
0000000000
0000000000
,  // measure 11
0002020000
0000000000
0003030000
0000000000
0010000000
0001000000
0000100000
0010000000
1000000000
0010000000
0000100000
0001000000
0010000000
0000100000
0001000000
0010000000
0200000000
0300000000
0000000000
0002000000
0013000000
0001000000
0000100000
0000000000
0000010000
0000001000
0000000100
0000010000
0001000000
0000010000
0001000000
0010000000
,  // measure 12
0000200000
0000000000
0001300000
0000000000
0000002000
0000000000
0000013000
0001000000
0010000000
0000100000
0001000000
0010000000
0100000000
0010000000
1000000000
1000000000
0000000000
0000000000
0000000000
0000000000
0000010000
0000010000
0010000000
0000100000
0010000000
0001000000
0010000000
0000001000
0000100000
0000100000
0000000100
0000010000
,  // measure 13
0000000100
0000001000
0000000100
0001000000
0000001000
0000001000
0010000000
0001000000
0010000000
0000100000
0010000000
0000010000
0001000000
0001000000
0000000100
0000001000
0000000100
0000010000
0000000100
0000100000
0000001000
0000001000
0001000000
0001000000
0000010000
0000010000
0000100000
0000100000
0001000000
0001000000
0010000000
0000100000
,  // measure 14
0000001000
0000000000
0000001000
0000000000
0000000100
0000000000
0000010000
0000000000
0002000000
0000000000
0000000000
0003000000
0020000000
0000000000
0000000000
0030000000
0000200000
0000300000
0000002000
0000003000
0000000200
0000000000
0000000300
0000000000
0000010000
0000000001
0000000000
0000000000
0000000001
0000000100
0000000000
0000000000
0000000100
0000000010
0000000000
0000000000
0000000010
0000001000
0000000000
0000000000
0000000102
0000000000
0000000000
0000000000
0000000000
0000000000
0000000000
0000000003
0000000020
0000000000
0000000000
0000000000
0000000000
0000000000
0000000000
0000000030
0000000200
0000000000
0000000000
0000000000
0000000000
0000000000
0000000000
0000000300
,  // measure 15
0000002000
0000000000
0000000000
0000003000
0000010000
0000000000
0000100000
0000000000
0002100000
0000000000
0000000000
0000000000
0000000000
0000000000
0000000000
0003000000
0020000000
0000000000
0000000000
0000000000
0000000000
0000000000
0000000000
0030000000
0000200000
0000000000
0000000000
0000300000
0001000000
0000000000
0010000000
0000000000
0100000000
0000000000
0001000000
0000000000
0010000000
0000000000
0100000000
0000000000
2010000000
0000000000
0000000000
0000000000
0000000000
0000000000
0000000000
3000000000
0200000000
0000000000
0000000000
0000000000
0000000000
0000000000
0000000000
0300000000
0020000000
0000000000
0000000000
0000000000
0000000000
0000000000
0000000000
0030000000
,  // measure 16
0001000000
0000000000
0000100000
0000000000
0000010000
0000000000
0000001000
0000000000
0000000001
0000000000
0000000010
0000000000
0000000100
0000000000
0000001000
0000000000
0000000010
0000000000
0000000100
0000000000
0000001000
0000000000
0000010000
0000000000
0000000100
0000000000
0000001000
0000000000
0000010000
0000000000
0000100000
0000000000
0001000000
0000000000
0000100000
0000000000
0000001000
0000000000
0000010000
0000000000
0000000200
0000000000
0000000000
0000000300
0001000000
0000000000
0000010000
0000000000
0000000200
0000000000
0000000000
0000000300
0000010000
0000000000
0000001000
0000000000
0000000100
0000010000
0000000000
0000000000
0000010100
0000000000
0000010000
0000000000
,  // measure 17
0000001000
0000000000
0001000000
0000000000
0000100000
0000000000
0000001000
0000000000
0000000100
0000100000
0000000000
0000000000
0000110000
0000000000
0000000000
0000000000
0000000100
0000100000
0000000000
0000000000
0000110000
0000000000
0000010000
0000000000
0020000000
0000000000
0000000000
0000000000
0000100000
0000000000
0000000000
0030000000
0000100000
0000000000
0001000000
0000000000
0000010000
0000000000
0000001000
0000000000
0000000200
0000000000
0000000000
0000000300
0000100000
0000000000
0000001000
0000000000
0000000200
0000000000
0000000000
0000000300
0000001000
0000000000
0000010000
0000000000
0000000100
0000001000
0000000000
0000000000
0000001100
0000000000
0000000000
0000000000
,  // measure 18
0000001000
0000000000
0000010000
0000000000
0000100000
0000000000
0001000000
0000000000
0010000000
0000001000
0000000000
0000000000
0001001000
0000000000
0000000000
0000000000
0010000000
0000001000
0000000000
0000000000
0001001000
0000000000
0000000000
0000000000
0001000000
0000000000
0000010000
0000000000
0000001000
0000000000
0000000100
0000000000
0000001000
0000000000
0000010000
0000000000
0001000000
0000000000
0000100000
0000000000
0020000000
0000000000
0000000000
0030000000
0000001000
0000000000
0000100000
0000000000
0020000000
0000000000
0000000000
0030000000
0000100000
0000000000
0001000000
0000000000
0010000000
0000100000
0000000000
0000000000
0001000000
0000010000
0000000000
0000000000
,  // measure 19
0000100000
0000001000
0000000000
0000000000
0000010000
0000000100
0000000000
0000000000
0000000100
0001000000
0000000000
0000000000
0001001000
0000000000
0000000000
0000000000
0000000100
0001000000
0000000000
0000000000
0001001000
0000000000
0000001000
0000000000
0000010000
0000000000
0000000100
0000000000
0000001000
0000000000
0000100000
0000000000
0000001000
0000000000
0000010000
0000000000
0000001000
0000000000
0000100000
0000000000
0020000000
0000000000
0000000000
0000000000
0000000000
0000000000
0000000000
0030000000
0001000000
0000000000
0000100000
0000000000
0000001000
0000000000
0000100000
0000000000
0001000000
0000000000
0010000000
0000000000
0000100000
0000000000
0000001000
0000000000
,  // measure 20
0000100000
0000000000
0001000000
0000000000
0001100000
0000000000
0000000000
0000000000
0010000000
0000010000
0000000000
0000000000
0000110000
0000000000
0000000000
0000000000
0010000000
0000010000
0000000000
0000000000
0000110000
0000000000
0000010000
0000000000
0000001000
0000000000
0000000100
0000000000
0000010000
0000000000
0001000000
0000000000
0000010000
0000000000
0001000000
0000000000
0010000000
0000000000
0000100000
0000000000
0000002000
0000000000
0000000000
0000003000
0000000100
0000000000
0000010000
0000000000
0002000000
0000000000
0000000000
0003000000
0010000000
0000000000
0000100000
0000000000
0000001000
0000000000
0000100000
0000000000
0010000000
0000000000
0001000000
0000000000
,  // measure 21
0000010000
0000000000
0001000000
0000000000
0010000000
0000000000
0000100000
0000000000
0000001000
0000000000
0000100000
0000000000
0010000000
0000000000
0001000000
0000000000
0000010000
0000000000
0001000000
0000000000
0010000000
0000000000
0000100000
0000000000
0000001000
0000000000
0000000100
0000000000
0000010000
0000000000
0000001000
0000000000
0001000000
0000000000
0000100000
0000000000
0010000000
0000000000
0100000000
0000000000
1000000000
0000000000
0100000000
0000000000
0010000000
0000000000
0001000000
0000000000
0000100000
0000000000
0000010000
0000000000
0000001000
0000000000
0000000100
0000000010
0000000001
0000000000
0000000000
0000000000
0000000000
0000000000
0000000000
0000000000