00000
00000
00000
00000
,
00000
00000
00000
00000
,
00000
00000
00000
00000
,
00000
00000
00000
00000
,
00000
00000
00000
00000
,
00000
00000
00000
00000
,
00000
00000
00000
00000
,
00000
00000
00000
00000
00000
00000
00000
00000
00000
00000
00000
00000
00000
00000
00000
10001
,
00000
00000
00000
00000
,
00000
00100
00000
01010
00000
00000
00000
00000
,
00000
00100
00000
10001
00000
00000
00000
00000
,
00000
00100
00000
10010
00000
00100
00000
01001
,
00000
00100
00000
02020
00000
00000
00000
03030
,
00000
00100
00000
11000
00000
00100
00000
00011
,
00000
00100
00000
01010
00000
00100
00000
10001
,
00000
00100
00000
01010
00000
00000
00000
00000
,
00000
00000
00000
00000
,
00000
00000
00000
00000
,
00000
00000
00000
00000
00000
00100
00000
10001
,
00000
00000
00000
00000
,
00000
00000
00000
00000
00000
00100
00000
01010
,
00000
00000
00000
00000
,
00000
00000
00000
00000
00000
00000
00000
20002
,
00000
00000
00000
00000
00000
00000
30003
00200
,
00000
00000
00000
00000
00000
00000
00300
01010
,
00000
00000
00000
00000
,
00000
00000
00000
00000
00000
00000
00000
01000
,
00000
00010
00000
10000
00100
10000
00000
00001
,
00000
00010
00000
00100
00000
01000
00000
00010
,
00000
01000
00000
00001
00100
00001
00000
10000
,
00000
01000
00000
00100
00000
00010
00000
01000
,
00000
00100
00000
10000
00001
00100
00000
00100
,
00010
01000
00100
01000
00010
00100
00000
01010
,
00000
00000
00000
00000
,
00000
00000
00000
00000
00000
00100
00000
01000
,
00010
00100
00010
01000
00100
01000
00000
00001
,
10000
00100
10000
00001
00100
00001
00000
01000
,
00100
10000
00100
01000
00010
10000
00100
01000
,
00001
02002
03003
00001
10000
20020
30030
10000
,
00100
01000
00010
00100
00010
01000
00001
00100
,
00010
00000
01000
00000
00010
00000
10000
00000
00001
00000
00100
00000
00000
00010
00000
00000
,
02000
00000
00100
00000
00001
00000
00100
00000
00001
00000
03100
00000
,
10000
00000
00000
00000
00000
00000
00000
00000
00001
00000
00000
00000
00000
00000
00000
00000
00100
00000
00000
00000
00000
00000
00000
00000
02020
00000
00000
00000
00000
00000
00000
00000
00000
00000
00000
00000
00000
00000
00000
03030
00000
00000
00000
00000
00000
00000
00000
00000
,
01000
00010
10000
00100
01000
00010
00100
00001
,
00001
00100
00010
10000
00010
00100
00010
00010
,
00100
00010
00100
00001
01000
00100
10000
00010
,
10000
00100
10000
00010
01000
00100
01000
00001
,
10001
00000
00100
00000
01010
00000
00010
01000
,
00100
10000
00001
00000
01010
00000
01000
00000
,
01001
00001
10001
10001
,
10100
00000
00000
00000
10001
00000
00000
00000
00101
00000
00000
00000
00001
10000
00001
00000
,
01000
00100
10000
00001
00100
00010
01000
00100
,
10000
00100
00001
00100
10000
00000
00110
00000
,
00100
00001
10000
00000
00010
00100
00010
00000
,
00100
00000
00001
00000
10000
00100
10000
00100
,
01010
00000
00100
00000
10001
00000
00001
10000
,
00100
01000
00001
00000
01001
00000
00100
00000
,
10010
00100
10010
10010
,
00010
01000
00100
00000
10000
00001
00100
00000
,
00010
01000
00010
01000
00001
00100
10000
00100
,
00001
00100
00010
01000
00100
01000
00010
00000
,
01000
00010
01000
00010
10000
00100
00001
00100
,
10000
00001
00010
00100
02000
03000
00020
00030
,
00100
00000
00000
00000
,
00001
00100
00010
01000
00100
10000
00001
00100
,
00010
00000
00000
00000
,
10000
00100
01000
00010
00100
00001
10000
00100
,
01000
01010
00100
10001
,
00100
00011
00100
11000
,
10000
00001
10000
00001
01000
00010
01000
00010
,
10000
00000
00100
00000
00001
00000
00010
00000
00100
00000
00001
00000
10000
00100
10000
00000
,
00002
00000
00000
00000
00000
00000
00000
00003
,
00000
00000
10001
00000