// measure 0
00000
00000
00000
00000
,  // measure 1
00000
00000
00000
02000
00000
00000
00000
00000
00000
00000
00000
00000
00000
00000
00000
00000
,  // measure 2
00000
00000
00000
00000
00000
03020
00000
00000
00000
00000
00000
00000
00000
00000
00000
20030
,  // measure 3
00000
00000
30002
00000
,  // measure 4
00000
02003
00000
00000
00000
00000
00000
00000
00000
00000
00000
00000
00000
00000
00000
00000
,  // measure 5
00000
00000
00000
00000
00000
03020
00000
00000
00000
20030
00000
00000
00000
00000
00000
00000
,  // measure 6
00000
00000
00000
00000
,  // measure 7
00000
00002
00000
00000
00000
00000
00000
00000
00000
00000
00000
00000
00000
30003
00000
10101
,  // measure 8
00000
00000
00000
00000
,  // measure 9
00000
00000
00000
10000
00000
00000
00010
00000
00000
00000
00000
00000
10000
00000
00000
00000
00002
00000
00000
00000
00000
00000
00000
00000
00000
00000
00000
00000
00000
00000
00000
00000
00000
00000
00000
00000
00000
00000
00000
00000
00000
00000
00000
00000
00000
00000
00000
00000
,  // measure 10
00003
01000
00001
01000
00020
00000
00000
00000
00000
00000
00000
00000
,  // measure 11
00030
10000
00010
10000
00002
00000
00003
01000
00001
01000
00020
00000
,  // measure 12
00030
10000
00010
10000
00002
00000
00000
00000
00000
00000
00000
00003
,  // measure 13
00000
00001
01000
00001
20000
00000
30000
00010
10000
00010
02000
00000
,  // measure 14
03000
00001
01000
00001
20000
00000
30000
00010
10000
00010
02000
00000
,  // measure 15
03000
00001
01000
00001
10000
00000
00100
00000
01000
00000
00010
00000
,  // measure 16
00100
00000
00000
00000
00000
00000
00000
00000
00001
00000
00000
00000
00000
00000
00000
10000
00000
00000
00100
00000
00000
01000
00000
00000
00010
00000
00000
00100
00000
00000
00000
00000
00000
00000
00000
00000
00000
00000
00000
00110
00000
00000
00000
00000
00000
00000
00000
00000
,  // measure 17
00010
01000
00100
10000
00100
01000
00010
00100
00000
00101
00000
00001
00100
00010
00100
00001
,  // measure 18
01000
00000
00000
00001
00000
00000
00100
00000
00000
00010
00000
00000
01000
00000
00000
00100
00000
00000
10000
00000
00000
00010
00000
00000
10000
00000
00000
00200
00000
00000
00000
00000
00000
00000
00000
00000
00300
00000
00000
01000
00000
00000
00000
00100
00000
00000
00000
01000
,  // measure 19
00000
00000
00000
00010
00000
00000
00000
00100
00000
00000
00000
00010
00000
00000
00000
10000
00000
00000
00000
00100
00000
00000
00000
10000
00000
00000
00000
00001
00000
00000
00000
00100
00000
00000
00000
00001
00000
00000
00000
01000
00000
00000
00000
00100
00000
00000
00000
10000
,  // measure 20
00000
00000
00000
00010
00000
00000
00000
00100
00000
00000
00000
00001
00000
00000
00000
01000
00000
00000
00010
00000
00000
00100
00000
00000
00001
00000
00000
20000
00000
00000
00000
00000
00000
00000
00000
00000
30000
00000
00000
00010
00000
00000
00000
00100
00000
00000
00000
00010
,  // measure 21
00000
00000
00000
01000
00000
00000
00000
00100
00000
00000
00000
01000
00000
00000
00000
00001
00000
00000
00000
00100
00000
00000
00000
00001
00000
00000
00000
10000
00000
00000
00000
00100
00000
00000
00000
10000
00000
00000
00000
00010
00000
00000
00000
00100
00000
00000
00000
00001
,  // measure 22
00000
00000
00000
01000
00000
00000
00000
00100
00000
00000
00000
10000
00000
00000
00000
00010
00000
00000
01000
00000
00000
00100
00000
00000
10000
00000
00000
00002
00000
00000
00000
00000
00000
00000
00000
00000
00003
00000
00000
10000
00000
00000
00001
00000
00000
00100
00000
00000
,  // measure 23
00001
10000
00100
01000
00010
00100
00001
00100
00010
01000
00100
10000
00001
00200
00000
00000
,  // measure 24
00000
00000
00000
00000
00000
00000
00000
00000
00000
00000
00000
00000
00000
00000
00000
00000
00000
00000
00000
00000
00000
00300
00000
00000
00000
00000
00000
10001
00000
00000
00000
00000
00000
00000
00000
00000
00000
00000
00000
10000
00000
00000
00000
00100
00000
00000
00000
10000
,  // measure 25
00000
00000
00000
00001
00000
00000
00000
00100
00000
00000
00000
00001
00000
00000
00000
01000
00000
00000
00000
00100
00000
00000
00000
01000
00000
00000
00000
00010
00000
00000
00000
00100
00000
00000
00000
00010
00000
00000
00000
10000
00000
00000
00000
00100
00000
00000
00000
01000
,  // measure 26
00000
00000
00000
00001
00000
00000
00000
00100
00000
00000
00000
00010
00000
00000
00000
10000
00000
00000
00001
00000
00000
00100
00000
00000
00010
00000
00000
01000
00000
00000
00100
00000
00000
10000
00000
00000
00100
00000
00000
01000
00000
00000
00000
00000
00000
01000
00000
00000
,  // measure 27
00000
00100
10000
01000
00000
00100
00000
00100
00000
00010
01000
00100
00000
00010
00000
00010
,  // measure 28
00000
00001
00100
00010
00000
00001
00000
00001
00000
00100
10000
00001
00000
00100
00000
00100
,  // measure 29
00000
10000
01000
00100
00000
10000
00000
10000
00000
01000
00100
00010
00000
01000
00000
01000
,  // measure 30
00000
00100
00010
00001
00100
00010
00100
00001
01000
00010
00100
00001
10000
00010
00000
00010
,  // measure 31
00000
00100
00001
00010
00000
00100
00000
01000
00010
00100
01000
10000
00100
01000
00010
00100
,  // measure 32
00001
00000
00000
01000
00000
00000
00100
00000
00000
01000
00000
00000
00001
00000
00000
01000
00000
00000
00100
00000
00000
10000
00000
00000
00010
00000
00000
00200
00000
00000
00000
00000
00000
00300
00000
00000
00000
00000
00000
00001
00000
00100
00000
00001
00000
00000
00000
00000
,  // measure 33
00000
00000
00000
01000
00000
00100
00000
01000
00000
00000
00000
00000
00000
00000
00000
00010
00000
00100
00000
00010
00000
00000
00000
00000
00000
00000
00000
10000
00000
00100
00000
10000
00000
00000
00000
00000
00000
00000
00000
00001
00000
00100
00000
00001
00000
00100
00000
00000
,  // measure 34
00000
00000
00000
00010
00000
01000
00000
00010
00000
01000
00000
00000
00000
00000
00000
00100
00000
00000
10001
00000
00000
00000
00000
00000
00000
00000
00000
00000
00000
00000
00010
00000
00000
00000
00000
00000
00000
00000
00000
00000
00000
00000
00110
00000
00000
00000
00000
00000
,  // measure 35
00000
01000
00100
10000
00001
10000
00100
01000
,  // measure 36
00010
00000
00100
00000
00001
00000
10000
00000
00010
00000
01000
00000
00100
10000
00000
00001
,  // measure 37
00100
00000
00010
01000
00000
00100
10000
00000
00001
00000
10000
01000
00100
00000
00020
00000
,  // measure 38
00030
00000
01000
10000
00100
00000
00002
00000
00003
00000
10000
01000
00100
00000
00010
01000
,  // measure 39
00100
00000
00010
00001
00100
00000
00010
00001
00100
00000
10000
00001
10000
00100
01000
00010
,  // measure 40
01000
00000
00000
00100
00000
00000
10000
00000
00000
00010
00000
00000
10000
00000
00000
00100
00000
00000
01000
00000
00000
00001
00000
00000
01000
00000
00000
00100
00000
00000
10000
00000
00000
00000
00010
00000
00000
00000
01000
00000
00000
00000
00001
00000
00000
00000
00100
00000
,  // measure 41
00000
00010
00000
10000
00000
00001
00000
00100
00000
02020
00000
00000
00000
00000
00000
00000
00000
00000
03030
00000
00000
01000
00000
00000
,  // measure 42
00100
10000
01000
00100
01000
10000
00100
01000
,  // measure 43
10000
00100
10000
01000
00100
10000
01000
00100
,  // measure 44
00010
00100
01000
10000
00100
01000
10000
00100
,  // measure 45
00001
00000
00100
00000
10000
00000
01000
00000
00100
00000
10000
00000
00001
00000
01000
00100
,  // measure 46
10000
00010
00100
00001
01000
00001
00100
00010
10000
00010
00100
00001
01000
00100
10000
00010
,  // measure 47
10000
00100
01000
00001
01000
00100
10000
00001
00100
00010
01000
00100
10000
00100
01000
00010
,  // measure 48
00100
00001
10000
00100
01000
00001
01000
00100
10000
00010
10000
00100
01000
00010
00200
00000
,  // measure 49
00000
00000
00000
00000
00000
00000
00300
00010
,  // measure 50
00100
00001
00010
00100
00010
00001
00100
00010
,  // measure 51
00001
00100
00001
00010
00100
00001
00010
00100
,  // measure 52
01000
00100
00010
00001
00100
00010
00001
00100
,  // measure 53
10000
00000
00100
00000
00001
00000
00010
00000
00100
00000
00001
00000
10000
00000
00010
00100
,  // measure 54
00001
01000
00100
10000
00010
10000
00100
01000
00001
01000
00100
10000
00010
00100
00001
01000
,  // measure 55
00001
00100
00010
10000
00010
00100
00001
10000
00100
01000
00010
00100
00001
00100
00010
01000
,  // measure 56
00100
10000
00001
00100
00010
10000
00010
00100
00001
01000
00001
00100
00010
01000
00200
00000
,  // measure 57
00000
00000
00000
00000
00000
00000
00000
00000
00000
00000
00000
00000
00300
00000
01000
00100
,  // measure 58
01000
00100
10000
01000
00100
01000
10000
00100
10000
00100
01000
10000
00100
10000
01000
00100
,  // measure 59
01000
00100
10000
01000
00100
01000
10000
00100
10000
00100
01000
10000
00100
10000
02000
00000
,  // measure 60
00000
03000
00200
00000
00000
00300
20000
00000
00000
30000
00002
00000
00000
00003
01000
00000
,  // measure 61
00010
00000
00100
00000
00001
00000
01000
00010
00100
00001
01000
00010
00100
00001
02000
00000
,  // measure 62
00000
00000
00000
00000
03000
00000
00001
00010
00100
01000
00010
00100
01000
00000
10000
01000
,  // measure 63
00100
00010
01000
00100
00010
00000
00002
00000
00000
00000
00000
00000
00003
00000
01000
10000
,  // measure 64
00100
00001
10000
00100
00001
00000
00010
00001
00100
10000
00001
00100
10000
00000
01000
00100
,  // measure 65
01000
00010
20000
00000
00000
30000
00010
00100
00010
01000
00002
00000
00000
00003
10000
00100
,  // measure 66
10000
00001
02000
00000
00000
03000
00001
00100
00001
10000
00020
00000
00000
00030
01000
00100
,  // measure 67
00010
00100
02000
00000
00000
03000
00010
00100
01000
00100
00020
00000
00000
00030
01000
00100
,  // measure 68
00010
00001
00200
00000
00000
00300
00010
00100
01000
10000
00100
01000
10000
00000
22000
00000
,  // measure 69
00000
00000
00000
00000
,  // measure 70
00000
00000
00000
00000
00000
00000
00000
00000
00000
00000
00000
33000
11000
00000
00000
00000
00000
00000
00000
00000
00000
00000
00000
00000
00000
00000
00000
00000
00000
00000
00000
00000