0000000000
0000000000
0000000000
0000000000
,
0000000000
0000000000
0000000000
0000000002
0000000000
0000000000
0000000000
0000000000
0000000000
0000000000
0000000000
0000000000
0000000000
0000000000
0000000000
0000000000
,
0000000000
0000000000
0000000000
0000000000
0000000000
0000000023
0000000000
0000000000
0000000000
0000000000
0000000000
0000000000
0000000000
0000000000
0000000000
0000000230
,
0000000000
0000000000
0000002300
0000000000
,
0000000000
0000023000
0000000000
0000000000
0000000000
0000000000
0000000000
0000000000
0000000000
0000000000
0000000000
0000000000
0000000000
0000000000
0000000000
0000000000
,
0000000000
0000000000
0000000000
0000000000
0000000000
0000230000
0000000000
0000000000
0000000000
0002300000
0000000000
0000000000
0000000000
0000000000
0000000000
0000000000
,
0000000000
0000000000
0000000000
0000000000
,
0000000000
0200000000
0000000000
0000000000
0000000000
0000000000
0000000000
0000000000
0000000000
0000000000
0000000000
0000000000
0000000000
0303000000
0000000000
0111000000
,
0000000000
0000000000
0000000000
0000000000
,
0000000000
0000000000
0000000000
0000010000
0000000000
0000000000
0000000000
0000000000
0000100000
0000000000
0000000000
0000000000
0000000000
0000000000
0000010000
0000000000
0000000000
0000000000
0020000000
0000000000
0000000000
0000000000
0000000000
0000000000
0000000000
0000000000
0000000000
0000000000
0000000000
0000000000
0000000000
0000000000
0000000000
0000000000
0000000000
0000000000
0000000000
0000000000
0000000000
0000000000
0000000000
0000000000
0000000000
0000000000
0000000000
0000000000
0000000000
0000000000
,
0030000000
0000000000
0000000000
0000100000
0000000000
1000000000
0000000000
0000100000
0000000000
0020000000
0000000000
0000000000
0000000000
0000000000
0000000000
0000000000
0000000000
0030000000
0000000000
0000000000
0000000000
0000000000
0000000000
0000000000
,
0000000000
0000000000
0000000000
0000001000
0000000000
0001000000
0000000000
0000001000
0000000000
0000200000
0000000000
0000000000
0000000000
0000300000
0000000000
0000010000
0000000000
0001000000
0000000000
0000001000
0000000000
0000020000
0000000000
0000000000
,
0000000000
0000030000
0000000000
0000001000
0000000000
0000100000
0000000000
0000010000
0000000000
0002000000
0000000000
0000000000
0000000000
0003000000
0000000000
0000000000
0000000000
0000000000
0000000000
0000000000
0000000000
0000000000
0000000000
0000000000
,
0000000000
0000000000
0000000000
0000010000
0000000000
0001000000
0000000000
0000010000
0000000000
0000002000
0000000000
0000000000
0000000000
0000003000
0000000000
0000000100
0000000000
0000010000
0000000000
0000000010
0000000000
0000000200
0000000000
0000000000
,
0000000000
0000000300
0000000000
0000000010
0000000000
0000010000
0000000000
0000000100
0000000000
0000002000
0000000000
0000000000
0000000000
0000003000
0000000000
0000010000
0000000000
0000100000
0000000000
0000010000
0000000000
0002000000
0000000000
0000000000
,
0000000000
0003000000
0000000000
0000100000
0000000000
1000000000
0000000000
0001000000
0000000000
0000200000
0000000000
0000000000
0000000000
0000000100
0000000000
0000000000
0000000000
0000000100
0000000000
0000000000
0000000000
0000000100
0000000000
0000000000
,
0000000000
0000000000
0000000100
0000000000
0000000000
0000000000
0000000000
0000000000
0000000000
0000000000
0000300100
0000000000
0000000000
0000000000
0000000000
0000000000
0000000000
0000000000
0000001000
0000000000
0000000000
0000010000
0000000000
0000000000
0000001000
0000000000
0000000000
0000010000
0000000000
0000000000
0000001000
0000000000
0000000000
0000000000
0000000000
0000000000
0000000000
0000000000
0000000000
0000000000
0000000000
0000000000
0000110000
0000000000
0000000000
0000000000
0000000000
0000000000
,
0000000000
0000100000
0001000000
0000100000
0001000000
0000100000
0001000000
0000100000
0000010000
0000000000
0000100000
0000000000
0000010000
0000100000
0000010000
0000100000
,
0000001000
0001000000
0000001000
0001000000
0000010000
0000100000
0000010000
0000100000
0000020000
0000030000
0200000000
0000000000
0000000000
0000000000
0300100000
0000000000
,
0000000000
0000100000
0010000000
0000000000
0000000000
0010000000
0001000000
0000000000
0000000000
0001000000
0100000000
0000000000
0000000000
0100000000
0010000000
0000000000
,
0000000000
0010000000
1000000000
0000000000
0000000000
1000000000
0000100000
0010000000
0001000000
0000100000
0000010000
0000100000
0000010000
0000001000
0000000001
0000000000
,
0000000000
0000000001
0000000100
0000000000
0000000000
0000000100
0000000010
0000000000
0000000000
0000000010
0000001000
0000000000
0000000000
0000001000
0000000100
0000000000
,
0000000000
0000000100
0000010000
0000000000
0000000000
0000010000
0000001000
0000100000
0000010000
0000100000
0001000000
0010000000
0001000000
0000100000
0000002000
0000000000
,
0000000000
0000000000
0000000000
0000000000
0000000000
0000000000
0000000000
0000200000
,
0000000000
0000000000
0000000000
0000000000
0000000000
0000010000
0000000000
0000313100
,
0000000000
0000000000
0000000000
0000000000
,
0000100000
0000000000
0000001000
0000000000
0000000000
0000000000
0000010000
0000000100
0000010000
0000000000
0000000001
0000000100
0000000001
0000000100
0000000010
0000000000
,
0000001000
0000000000
0000000100
0000000000
0000010000
0000000000
0000001000
0001000000
0000010000
0000100000
0001000000
0000000000
0010000000
0000000000
0000100000
0000000000
,
1000000000
0000000000
0001000000
0000000000
0100000000
0000000000
0000100000
0010000000
0001000000
0000100000
0000010000
0000000000
0000001000
0000000000
0000000010
0000000000
,
0000000100
0000000000
0000000001
0000000000
0000010000
0000000000
0000000100
0000001000
0000010000
0000100000
0001000000
0000000000
0010000000
0000000000
0000100000
0000000000
,
0100000000
0000000000
0001000000
0000000000
0000100000
0000000000
0000010000
0000100000
0000010000
0000000000
0001000000
0000001000
0000100000
0000010000
0000001000
0000000000
,
0000001000
0000000000
0000010000
0000000000
0000000100
0000000000
0000000001
0000000010
0000000100
0000001000
0000010000
0000000000
0000001000
0000000000
0000000010
0000000000
,
0000000100
0000000000
0000000001
0000010000
0000000100
0000000000
0000001000
0000010000
0000100000
0001000000
0010000000
0000100000
0100000000
0001000000
2000000000
0000000000
,
0000000000
0000000000
0000000000
0000000000
,
0000000000
0000000000
0000000000
0000000000
0000000000
0000000000
0000000000
0000000000
0000000000
0000000000
3010100000
0000000000
0000000000
0000000000
0000100000
0010000000
,
0001000000
0000000000
0000100000
0000010000
0001000000
0000000000
0000001000
0000010000
0000000100
0000000000
0000001000
0000010000
0000000100
0000000000
0000000001
0000000010
,
0000000100
0000000000
0000001000
0000000010
0000000100
0000000000
0000001000
0000010000
0000000100
0000000000
0000001000
0000010000
0000100000
0000000000
0000010000
0001000000
,
0000100000
0010000000
0001000000
0100000000
0010000000
1000000000
0001000000
0010000000
0000100000
0001000000
0000001000
0000010000
0000000100
0000001000
0000000010
0000000100
,
0000000001
0000000000
0000000202
0000000000
0000000000
0000000303
0000001000
0000000100
0000010000
0000000000
0000020200
0000000000
0000000300
0000030000
0000000100
0000010000
,
0000001000
0000100000
0000010000
0001000000
0000100000
0010000000
0001000000
0100000000
0001000000
0010000000
0000100000
0100000000
0010000000
1000000000
0001000000
0010000000
,
0001000000
0000100000
0000010000
0000100000
0000010000
0000001000
0000000100
0000001000
0000010000
0000100000
0000010000
0000100000
0001000000
0010000000
0000100000
0000000000
,
0000000000
0001000000
0000000000
0000000000
0000000000
0000001000
0000000000
0000000000
0000000000
0000010000
0000000000
0000000000
0000000000
0000000100
0000000000
0000000000
0000000000
0000001000
0000000000
0000000000
0000000000
0000000001
0000000000
0000000000
,
0000000000
0000010000
0000000000
0000000000
0000000000
0000000100
0000000000
0000000000
0000000000
0000001010
0000000000
0000000000
0000000000
0000000000
0000000000
0000000000
0000000000
0000000000
0000000000
0000000000
0000000000
0000000100
0000000000
0000000000
,
0000000001
0000000000
0000010000
0000000100
0000001000
0000000000
0000010000
0000100000
0000010000
0000100000
0001000000
0000000000
0010000000
0000000000
0000100000
0000000000
,
1000000000
0000000000
0010000000
0000000000
0100000000
0000000000
0001000000
0010000000
0000100000
0001000000
0000001000
0000000000
0000010000
0000000000
0000000101
0000000000
,
0000000000
0000000000
0000001100
0000000000
0000000000
0000000000
0001010000
0000000000
0010000000
0000000000
0010100000
0000000000
0000000000
0000000000
0001000000
0010000000
,
0000100000
0010000000
0001000000
0000100000
0000010000
0000001000
0000000100
0000001000
0000010000
0000001000
0000000100
0000000010
0000000001
0000000100
0000000001
0000000000
,
0000000100
0000000000
0000011000
0000000000
0000001000
0000000100
0000010000
0000001000
0001000000
0000000000
0001001000
0000000000
0000001000
0000000000
0000100000
0000000000
,
0001000000
0000000000
0000000000
0000000000
0101000000
0000000000
0000000000
0000000000
0011000000
0000000000
0000000000
0000000000
0010000000
0001000000
0000100000
0000000000
0000010000
0000001000
0000000100
0000000000
0000010000
0000000100
0000010000
0000000100
0000001000
0000010000
0000100000
0000000000
0010000000
0000000000
0000000000
0000000000
,
1000000000
0000000000
0000100000
0010000000
0001000000
0000000000
0000100000
0000010000
0000100000
0000010000
0000001000
0000000000
0000000100
0000000000
0000010000
0000000000
,
0000000001
0000000000
0000000100
0000000000
0000000010
0000000000
0000001000
0000000100
0000010000
0000001000
0001000000
0000000000
0000100000
0000000000
1010000000
0000000000
,
0000000000
0000000000
0011000000
0000000000
0000000000
0000000000
0000101000
0000000000
0000000000
0000000000
0000010100
0000000000
0000000100
0000000000
0000001000
0000000100
,
0000010000
0000000100
0000001000
0000010000
0000100000
0001000000
0010000000
0001000000
0000100000
0001000000
0010000000
0100000000
1000000000
0010000000
1000000000
0000000000
,
0010000000
0000000000
0001100000
0000000000
0001000000
0010000000
0000100000
0001000000
0000001000
0000000000
0001001000
0000000000
0001000000
0000000000
0000010000
0000000000
,
0000001000
0000000000
0000000000
0000000000
0000001010
0000000000
0000000000
0000000000
0000001100
0000000000
0000000000
0000000000
0000000100
0000001000
0000010000
0000000000
0000100000
0001000000
0010000000
0000000000
0000100000
0010000000
0000100000
0010000000
0001000000
0000100000
0000010000
0000000000
0010000000
0000000000
0000100000
0000000000
,
0010000000
0000100000
0001000000
0000001000
0001000000
0000001000
0000010000
0000000100
0000010000
0000000100
0000001000
0000000010
0000001000
0000000010
0000000100
0000000001
,
0000000100
0000000001
0000001000
0000000010
0000001000
0000000010
0000010000
0000000100
0000010000
0000000100
0001000000
0000001000
0001000000
0000001000
0010000000
0000100000
,
0010000000
0000100000
0100000000
0001000000
0100000000
0001000000
1000000000
0010000000
1000000000
0010000000
0100000000
0001000000
0100000000
0001000000
0010000000
0001000000
,
0000100000
0000010000
0000001000
0000000100
0000001000
0000010000
0000100000
0001000000
0010000000
0100000000
1000000000
0010000000
0100000000
0001000000
0010000000
0000000000
,
0000000000
0000000001
0000000010
0000000100
0000001000
0000010000
0000100000
0001000000
0010000000
0100000000
1000000000
0100000000
0010000000
0001000000
0000100000
0000010000
,
0000001000
0000000100
0000000000
0000000000
1000000000
0100000000
0010000000
0001000000
0000100000
0000010000
0000001000
0000000100
0000000010
0000000001
0000000010
0000000100
,
0000001000
0000000000
0000010000
0000000000
0000100000
0000000000
0001000000
0000000000
1000000000
0000000000
0100000000
0000000000
0010000000
0000000000
0001000000
0000000000
0000200000
0000000000
0000000000
0000000000
0000000000
0000300000
0000000000
0000000000
0000010000
0000000000
0000001000
0000000000
0000000100
0000000000
0000000010
0000000000
,
0000000002
0000000000
0000000000
0000000000
0000000000
0000000003
0000000000
0000000000
0000000010
0000000000
0000000100
0000000000
0000001000
0000000000
0000010000
0000000000
0000200000
0000000000
0000000000
0000000000
0000000000
0000300000
0000000000
0000000000
0001000000
0000000000
0010000000
0000000000
0100000000
0000000000
1000000000
0000000000
,
0200000000
0000000000
0000000000
0000000000
0000000000
0300000000
0000000000
0000000000
0010000000
0000000000
0001000000
0000000000
0000200000
0000000000
0000300000
0000000000
0000010000
0000000000
0000001000
0000000000
0000000200
0000000000
0000000300
0000000000
0000000010
0000000000
0000000001
0000000000
0000000020
0000000000
0000000030
0000000000
,
0000000100
0000001000
0000020000
0000030000
0001000000
0000010000
0000100000
0000001000
0000100000
0000010000
0000100000
0000010000
0001000000
0000010000
0000100000
0000001000
,
0000100000
0000010000
0000100000
0000010000
0020000000
0000000000
0000000000
0000000000
0000000000
0000000000
0000000000
0000000000
0000000000
0000000000
0000000000
0000000000
,
0000000000
0000000000
0000000000
0030110000