0000000000
0000000000
0000000000
0000000000
,
0000000000
0000000000
0000000000
2000000000
0000000000
0000000000
0000000000
0000000000
0000000000
0000000000
0000000000
0000000000
0000000000
0000000000
0000000000
0000000000
,
0000000000
0000000000
0000000000
0000000000
0000000000
3210000000
0000000000
0000000000
0000000000
0000000000
0000000000
0000000000
0000000000
0000000000
0000000000
1320000000
,
0000000000
0000000000
0000000000
0000000000
0000000000
0000000000
0000000000
0000000000
0000000000
0000000000
0000000000
0000000000
0000000000
0000000000
0000000000
0000000000
0000000000
0032001000
0000000000
0000000000
0000000000
0000000000
0000000000
0000000000
0000000000
0000000000
0000000000
0000000000
0000000000
0000000000
0000000000
0000000000
,
0000000000
0013200000
0000000000
0000000000
0000000000
0000000000
0000000000
0000000000
0000000000
0000000000
0000000000
0000000000
0000000000
0000000000
0000000000
0000000000
,
0000000000
0000000000
0000000000
0000000000
0000000000
0000320100
0000000000
0000000000
0000000000
0001032000
0000000000
0000000000
0000000000
0000000000
0000000000
0000000000
,
0000000000
0000000000
0000000000
0000000000
,
0000000000
0000000220
0000000000
0000000000
0000000000
0000000000
0000000000
0000000000
0000000000
0000000000
0000000000
0000000000
0000000000
0000003330
0000000000
0000001110
,
0000000000
0000000000
0000000000
0000000000
,
0000000000
0000000000
0000000000
0001000000
0000000000
0000000000
0000000000
0000000000
0000010000
0000000000
0000000000
0000000000
0000000000
0000000000
0000200000
0000000000
0000000000
0000000000
0000000200
0000000000
0000000000
0000000000
0000000000
0000000000
0000000000
0000000000
0000000000
0000000000
0000000000
0000000000
0000000000
0000000000
0000000000
0000000000
0000000000
0000000000
0000000000
0000000000
0000000000
0000000000
0000000000
0000000000
0000000000
0000000000
0000000000
0000000000
0000300000
0000000000
,
0000000000
0000000300
0000000000
0000100000
0000000000
0000001000
0000000000
0020000000
0000000000
0000020000
0000000000
0000000000
0000000000
0000000000
0000000000
0000000000
0000000000
0000000000
0000000000
0000000000
0000000000
0000000000
0000000000
0030000000
,
0000000000
0000030000
0000000000
0001000000
0000000000
0000010000
0000000000
0000200000
0000000000
0000000200
0000000000
0000300000
0000000000
0000000300
0000000000
0000100000
0000000000
0000001000
0000000000
0020000000
0000000000
0000020000
0000000000
0030000000
,
0000000000
0000030000
0000000000
0001000000
0000000000
0000010000
0000000000
0000200000
0000000000
0000000200
0000000000
0000000000
0000000000
0000000000
0000000000
0000000000
0000000000
0000000000
0000000000
0000000000
0000000000
0000000000
0000000000
0000000300
,
0000000000
0000300000
0000000000
0000001000
0000000000
0000100000
0000000000
0000020000
0000000000
0020000000
0000000000
0000030000
0000000000
0030000000
0000000000
0000010000
0000000000
0001000000
0000000000
0000000200
0000000000
0000200000
0000000000
0000000300
,
0000000000
0000300000
0000000000
0000001000
0000000000
0000100000
0000000000
0000020000
0000000000
0020000000
0000000000
0000030000
0000000000
0030000000
0000000000
0000010000
0000000000
0001000000
0000000000
0000000200
0000000000
0000200000
0000000000
0000000300
,
0000000000
0000300000
0000000000
0000001000
0000000000
0000100000
0000000000
0000010000
0000000000
0010000000
0000000000
0000000000
0000000000
0000100000
0000000000
0000000000
0000000000
0001000000
0000000000
0000000000
0000000000
0000001000
0000000000
0000000000
,
0000000000
0000000000
0000010000
0000000000
0000000000
0000000000
0000000000
0000000000
0000000000
0000000000
0000000100
0000000000
0000000000
0000000000
0000000000
0000000000
0000000000
0000000000
0000001000
0000000000
0000000000
0000010000
0000000000
0000000000
0000100000
0000000000
0000000000
0001000000
0000000000
0000000000
0010000000
0000000000
0000000000
0000000000
0000000000
0000000000
0000000000
0000000000
0000000000
0000000000
0000000000
0000000000
1000100000
0000000000
0000000000
0000000000
0000000000
0000000000
,
0000000000
0000100000
1000000000
0010000000
0100000000
0001000000
0010000000
0000100000
0001000000
0000000000
0001001000
0000000000
0000001000
0000010000
0000000100
0000001000
,
0000000001
0000000000
0000000000
0000001000
0000000000
0000000000
0000000100
0000000000
0000000000
0000010000
0000000000
0000000000
0000000010
0000000000
0000000000
0000010000
0000000000
0000000000
0000000100
0000000000
0000000000
0000001000
0000000000
0000000000
0000010000
0000000000
0000000000
0000100000
0000000000
0000000000
0002000000
0000000000
0000000000
0000000000
0000000000
0000000000
0000000000
0000000000
0000000000
0003000000
0000000000
0000000000
0000100000
0000000000
0000000000
0000000000
0001000000
0000000000
,
0000000000
0010000000
0000000000
0000100000
0000000000
0001000000
0000000000
0010000000
0000000000
0001000000
0000000000
0000100000
0000000000
0010000000
0000000000
0001000000
0000000000
0000100000
0000000000
0010000000
0000000000
0000100000
0000000000
0001000000
,
0000000000
0000000000
0010000000
0000000000
0000000000
0000000000
0000100000
0000000000
0000000000
0000000000
0001000000
0000000000
0000000000
0000000000
0010000000
0000000000
0000000000
0000000000
0001000000
0000000000
0000000000
0000100000
0000000000
0000000000
0010000000
0000000000
0000000000
0001000000
0000000000
0000000000
0000200000
0000000000
0000000000
0000000000
0000000000
0000000000
0000000000
0000000000
0000000000
0000300000
0000000000
0000000000
0000010000
0000000000
0000000000
0000000000
0000001000
0000000000
,
0000000000
0000000100
0000000000
0000010000
0000000000
0000001000
0000000000
0000000100
0000000000
0000001000
0000000000
0000010000
0000000000
0000000100
0000000000
0000001000
0000000000
0000010000
0000000000
0000000100
0000000000
0000010000
0000000000
0000001000
,
0000000000
0000000000
0000000100
0000000000
0000000000
0000000000
0000010000
0000000000
0000000000
0000000000
0000001000
0000000000
0000000000
0000000000
0000000100
0000000000
0000000000
0000000000
0000001000
0000000000
0000000000
0000010000
0000000000
0000000000
0000000100
0000000000
0000000000
0000001000
0000000000
0000000000
0000020000
0000000000
0000000000
0000000000
0000000000
0000000000
0000000000
0000000000
0000000000
0000030000
0000000000
0000000000
0001000000
0000000000
0000001000
0000000000
0000100000
0000000000
,
0000010000
0010000000
0001000000
0000100000
0000010000
0001000000
0000001000
0000010000
0000000100
0001000000
0000001000
0000100000
0000010000
0010000000
0001000000
0000100000
0000010000
0001000000
0000001000
0000010000
0000000100
0000002000
0000000000
0000000000
,
0000000000
0000000000
0000000000
0000000000
,
0000000000
0000000000
0000000000
0000003000
0000000000
0000000000
0000000000
0000000000
0000000000
0000011100
0000000000
0000000000
0000000000
0000000000
0000000000
0000000000
0000000000
0000000000
0000000000
0000000000
0000000000
0000000100
0000000000
0000001000
,
0000000000
0000010000
0000000000
0001000000
0000000000
0000100000
0000000000
0010000000
0000000000
0001000000
0000000000
0000100000
0000000000
0000010000
0000000000
0000001000
0000000000
0000000100
0000000000
0000010000
0000000000
0000001000
0000000000
0001000000
,
0000000000
0000000000
0000100000
0000000000
0000000000
0000000000
0010000000
0000000000
0000000000
0000000000
0001000000
0000000000
0000000000
0000000000
0000100000
0000000000
0000000000
0000000000
0000010000
0000000000
0000000000
0000001000
0000000000
0000000000
0000000100
0000000000
0000000000
0000000010
0000000000
0000000000
0000000001
0000000000
0000000000
0000000100
0000000000
0000000000
0000000001
0000000000
0000000000
0000010000
0000000000
0000000000
0000000100
0000000000
0000000000
0000000000
0000000000
0000000000
,
0000000100
0000000000
0000001000
0000010000
0000100000
0000000000
0001000000
0000000000
0001000000
0000000000
0010000000
0000100000
0001000000
0000000000
0000001000
0000000000
,
0000001000
0000000000
0000010000
0000000100
0000001000
0000000000
0000010000
0000000000
0000010000
0000000000
0000100000
0001000000
0010000000
0000000000
0000100000
0000000000
,
0000100000
0000000000
0001000000
0010000000
0100000000
0000000000
0001000000
0000000000
0001000000
0000000000
0010000000
0100000000
1000000000
0000000000
0010000000
0000000000
,
0010000000
0000000000
0100000000
1000000000
0010000000
0000100000
0100000000
0010000000
0100000000
0000100000
0100000000
0010000000
0001000000
0000100000
0010000000
0000000000
,
0010000000
0000000000
0001000000
0000100000
0000010000
0000000000
0000001000
0000000000
0000001000
0000000100
0000010000
0000001000
0001000000
0000100000
0010000000
0001000000
,
0000100000
0000000000
0000000000
0000010000
0000000000
0000000000
0000001000
0000000000
0000000000
0000000100
0000000000
0000000000
0000001000
0000000000
0000000000
0000100000
0000000000
0000000000
0000001000
0000000000
0000000000
0000000100
0000000000
0000000000
0000010000
0000000000
0000000000
0000001000
0000000000
0000000000
0002000000
0000000000
0000000000
0000000000
0000000000
0000000000
0003000000
0000000000
0000000000
0000000000
0000000000
0000000000
0000010000
0000000000
0000100000
0000000000
0001000000
0000000000
,
0010000000
0000010000
0000100000
0000001000
0001000000
0000000100
0000010000
0000001000
0001000000
0000010000
0000100000
0001000000
0010000000
0000010000
0000100000
0000001000
0001000000
0000000100
0000010000
0000001000
0001000000
0000010000
0000100000
0001000000
,
0010000000
0000000000
0000010000
0000000000
0000100000
0000000000
0000001000
0000000000
0001000000
0000000000
0000000100
0000000000
0000010000
0000000000
0000001000
0000000000
0001000000
0000000000
0000200000
0000000000
0000000000
0000000000
0000000000
0000000000
0000300000
0000000000
0000000000
0000000000
0000000000
0000000000
0011100000
0000000000
0000000000
0000000000
0000000000
0000000000
0000000000
0000000000
0000000000
0000000000
0000000000
0000000000
0000100000
0000000000
0000000000
0010000000
0000000000
0000000000
,
0000000000
0000000000
1001000000
0000000000
0000000000
0000000000
0001000000
0000000000
1000000000
0010000000
0000000000
0100000000
0000100000
0000000000
0010000000
0001000000
,
0000000000
0000100000
0000001000
0000000000
0001000000
0000000000
0000010000
0000001000
0000000100
0000010000
0000001000
0000000000
0000011000
0000000000
0000001000
0000000000
,
0001000000
0000100000
0000000000
0010000000
0001000000
0000000000
0000100000
0000010000
0000000000
0001000000
0000001000
0000000000
0000010000
0000000100
0000001000
0000010000
,
0000100000
0000000000
0002000000
0000000000
0003000000
0000000000
0000010000
0000001000
0001000000
0000000000
0000200000
0000000000
0000300000
0000000000
0000001000
0000010000
,
0000100000
0000000000
0001000000
0010000000
0000100000
0000000000
0001000000
0000001000
0000010000
0000000000
0000000100
0000001000
0000010000
0000000000
0000100000
0001000000
,
0010000000
0000100000
0100000000
0000100000
0010000000
0001000000
1000000000
0010000000
0100000000
0001000000
0010000000
0000100000
0001000000
0000000000
0000001000
0000000000
,
0000020000
0000030000
0002000000
0003000000
0020000000
0030000000
0000200000
0000300000
0000002000
0000003000
0000000200
0000000300
,
0000020000
0000000000
0000030000
0000000000
0000002000
0000000000
0000003000
0000000000
0002000000
0000000000
0003000000
0000000000
0002002000
0000000000
0000000000
0000000000
0000000000
0000000000
0000000000
0000000000
0000000000
0003003000
0000000000
0000000000
,
0010000000
0000000000
0001000000
0000000000
0000100000
0000000000
0000010000
0000000000
0000001000
0000000100
0000010000
0000001000
0000000100
0000000000
0000000010
0000000000
,
0000001000
0000000100
0000000010
0000000000
0000000001
0000000100
0000000010
0000000000
0000000001
0000000010
0000000100
0000000001
0000000010
0000000000
0000000100
0000000000
,
0000001000
0000010000
0000000100
0000000000
0000010000
0000001000
0000000100
0000000000
0000010000
0000001000
0000010000
0000000100
0000001000
0000010000
0000000100
0000010000
,
0000001000
0000000100
0000010000
0000000000
0000001000
0001000000
0000100000
0000000000
0010000000
0001000000
0000010000
0001000000
0000100000
0000010000
0001000000
0000100000
,
0010000000
0001000000
0000100000
0000010000
0001000000
0000001000
0000010000
0000000100
0010000000
0001000000
0000100000
0000010000
0001000000
0000001000
0000010000
0000000100
0010000000
0001000000
0000100000
0000010000
0001000000
0000001000
0000010000
0000000100
,
0010000000
0000100000
0001000000
0000001000
0000100000
0000010000
0000001000
0000000100
0010000000
0000100000
0001000000
0000001000
0000100000
0000010000
0000001000
0000000100
0010000000
0000100000
0001000000
0000001000
0000100000
0000010000
0000001000
0000000100
,
0010000000
0001000000
0000100000
0000010000
0001000000
0000001000
0000010000
0000000100
0010000000
0000100000
0001000000
0000001000
0000100000
0000010000
0000001000
0000000100
0010000000
0001000000
0000100000
0000010000
0001000000
0000001000
0000010000
0000000100
,
0020000000
0000000000
0000000000
0000000000
,
0000000000
0000000000
0000000000
0030000000
,
0000000100
0000000000
0000001000
0000000000
0000010000
0000000000
0000100000
0000000000
0001000000
0010000000
0000100000
0001000000
0010000000
0000000000
0100000000
0000000000
,
0001000000
0010000000
0100000000
0000000000
1000000000
0010000000
0100000000
0000000000
1000000000
0100000000
0010000000
1000000000
0100000000
0000000000
0010000000
0000000000
,
0001000000
0000100000
0010000000
0000000000
0000100000
0001000000
0010000000
0000000000
0000100000
0001000000
0000100000
0010000000
0001000000
0000100000
0010000000
0000100000
,
0001000000
0010000000
0000100000
0000000000
0001000000
0000001000
0000010000
0000000000
0000000100
0000001000
0000100000
0000001000
0000010000
0000100000
0000001000
0000010000
,
0000000100
0000001000
0000010000
0000100000
0000001000
0001000000
0000100000
0010000000
0000000100
0000001000
0000010000
0000100000
0000001000
0001000000
0000100000
0010000000
0000000100
0000001000
0000010000
0000100000
0000001000
0001000000
0000100000
0010000000
,
0000000100
0000010000
0000001000
0001000000
0000010000
0000100000
0001000000
0010000000
0000000100
0000010000
0000001000
0001000000
0000010000
0000100000
0001000000
0010000000
0000000100
0000010000
0000001000
0001000000
0000010000
0000100000
0001000000
0010000000
,
0000000100
0000001000
0000010000
0000100000
0000001000
0001000000
0000100000
0010000000
0000000100
0000010000
0000001000
0001000000
0000010000
0000100000
0001000000
0010000000
0000000100
0000001000
0000010000
0000100000
0000001000
0001000000
0000100000
0010000000
,
0000000200
0000000000
0000000000
0000000000
,
0000000000
0000000000
0000000000
0000000300
,
0001000000
0000001000
0001000000
0000001000
0000100000
0000010000
0000100000
0000010000
0001000000
0000001000
0001000000
0000001000
0000100000
0000010000
0000100000
0000010000
,
0001000000
0000100000
0001000000
0000001000
0000100000
0001000000
0000100000
0000010000
0001000000
0000100000
0001000000
0000001000
0000100000
0001000000
0000100000
0000010000
,
0001000000
0000100000
0001000000
0000100000
0000001000
0000010000
0000001000
0000010000
0000100000
0001000000
0000100000
0001000000
0000010000
0000001000
0000010000
0000001000
,
0001000000
0000100000
0010000000
0001000000
0100000000
0010000000
1000000000
0000100000
0010000000
0001000000
0000100000
0000010000
0000001000
0000000100
0000000010
0000000001
,
0000000200
0000000000
0000000000
0000000000
0000000000
0000000000
0000000300
0000000000
0000000001
0000000010
0000000100
0000001000
0000000010
0000000100
0000001000
0000010000
,
0000000100
0000001000
0000010000
0000100000
0001000000
0010000000
0100000000
1000000000
0020000000
0000000000
0000000000
0000000000
0000000000
0000000000
0030000000
0000000000
,
1000000000
0100000000
0010000000
0001000000
0100000000
0010000000
0001000000
0000100000
0010000000
0001000000
0000100000
0000010000
0000001000
0000000100
0000000010
0000000001
,
0000010000
0000000100
0000001000
0000000100
0000010000
0000001000
0002000000
0000000000
0000000000
0000000000
0000000000
0000000000
0000000000
0000000000
0000000000
0003000000
0000000000
0000000000
0000100000
0000000000
0010000000
0000000000
0001000000
0000000000
,
0010000000
0000000000
0000100000
0000000000
0001000000
0000000000
0000020000
0000000000
0000000000
0000000000
0000000000
0000000000
0000000000
0000000000
0000000000
0000030000
0000000000
0000000000
0000001000
0000000000
0000000100
0000000000
0000010000
0000000000
,
0000000100
0000000000
0000001000
0000000000
0000010000
0000000000
0000200000
0000000000
0000000000
0000000000
0000000000
0000000000
0000000000
0000000000
0000000000
0000300000
0000000000
0000000000
0001000000
0000000000
0010000000
0000000000
0000100000
0000000000
,
0010000000
0000000000
0001000000
0000000000
0000100000
0000000000
0000002000
0000000000
0000000000
0000000000
0000000000
0000000000
0000000000
0000000000
0000000000
0000003000
0000000000
0000000000
0001000000
0000000000
0000010000
0000000000
0000100000
0000000000
,
0000001000
0000000000
0000010000
0000000000
0000000100
0000000000
0000200000
0000000000
0000000000
0000000000
0000000000
0000000000
0000000000
0000000000
0000000000
0000300000
0000000000
0000000000
0000001000
0000000000
0000100000
0000000000
0000010000
0000000000
,
0001000000
0000000000
0000100000
0000000000
0010000000
0000000000
0000020000
0000000000
0000000000
0000000000
0000000000
0000000000
0000000000
0000000000
0000000000
0000030000
0000000000
0000000000
0010000000
0000000000
0001000000
0000000000
0000100000
0000000000
,
0000010000
0000000000
0000001000
0000000000
0000000100
0000000000
0000020000
0000000000
0000000000
0000000000
0000000000
0000000000
0000000000
0000000000
0000000000
0000030000
0000000000
0000000000
0000000100
0000001000
0000010000
0000100000
0001000000
0010000000
,
0000100000
1000000000
0010000000
0000000000
0222000000
0000000000
0000000000
0000000000
0000000000
0000000000
0000000000
0000000000
0000000000
0000000000
0000000000
0000000000
,
0000000000
0000000000
0000000000
0000000000
0000000000
0000000000
0000000000
0000000000
0000000000
0000000000
0000000000
0000000000
0000000000
0000000000
0000000000
0000000000
0000000000
0000000000
0000000000
0000000000
0000000000
0000000000
0000000000
0333000000
0111000000
0000000000
0000000000
0000000000
0000000000
0000000000
0000000000
0000000000