0000000000
0000000000
0000000000
0000000000
,
0000000000
0000000000
0000000000
0000000000
,
0000000000
0000000000
0000000000
0000000000
,
0000000000
0000000000
0000000000
0000000000
,
0000000000
0000000000
0000000000
0000000000
,
0000000000
0000000000
0000000000
0000000000
,
0000000000
0000000000
0000000000
0000000000
,
0000000000
0000000000
0000000000
0000000000
,
0000000000
0000000000
0000000000
0000000000
,
0000000000
0000000000
0000000000
0000100000
0000000000
0000000000
0000000000
0000000000
,
0000000000
0000000000
0000000000
0000100000
0000000000
0000000000
0000000000
0000000000
,
0000000000
0000000000
0000000000
0001000000
0000000000
0000000000
0000000000
0000000000
,
0000000000
0000000000
0000000000
0001000000
0000000000
0000000000
0000000000
0000000000
,
0000000000
0000000000
0000000000
0000100000
0000000000
0000000000
0000000000
0000000000
,
0000000000
0000000000
0000000000
0001000000
0000000000
0000000000
0000000000
0000000000
,
0000000000
0000000000
0000000000
0000100000
0000000000
0000000000
0000000000
0000000000
,
0000000000
0000000000
0000000000
0000000000
,
0000000000
0000000000
0000000000
0000000000
,
0000000000
0000000000
0000000000
0000000000
0000000000
0000000000
0000000000
0010000000
,
0000000000
0000000000
0000000000
0000000000
,
0000000000
0000000000
0000000000
0000000000
0000000000
0000000000
0000000000
0000000100
,
0000000000
0000000000
0000000000
0000000000
,
0000000000
0000000000
0000000000
0000000000
0000000000
0000000000
0000000000
0000000200
,
0000000000
0000000000
0000000000
0000000000
,
0000000000
0000000000
0000000000
0000000300
0000000000
0000000000
0000000000
0000010000
,
0000000000
0000000000
0000000000
0000000000
,
0000000000
0000000000
0000000000
0000000000
0000000000
0000000000
0000000000
0000000001
,
0000000000
0000000000
0000000000
0000000000
0000000000
0000000000
0000000000
0000000010
,
0000000000
0000000000
0000000000
0000000000
0000000000
0000000000
0000000000
0000001000
,
0000000000
0000000000
0000000000
0000000000
0000000000
0000000000
0000000000
0000010000
,
0000000000
0000000000
0000000000
0000000000
0000000000
0000000000
0000000000
0000000100
,
0000000000
0000000000
0000000000
0000000000
0000000000
0000000000
0000000000
0000001000
,
0000000000
0000000000
0000000000
0000000000
0000000000
0000000000
0000000000
0000010000
,
0000000000
0000000000
0000000000
0000000000
,
0000000000
0000000000
0000000000
0000000000
0000000000
0000000000
0000000000
0001000000
,
0000000000
0000000000
0000000000
0000000000
0000000000
0000000000
0000000000
0000100000
,
0000000000
0000000000
0000000000
0000000000
0000000000
0000000000
0000000000
0100000000
,
0000000000
0000000000
0000000000
0000000000
0000000000
0000000000
0000000000
1000000000
,
0000000000
0000000000
0000000000
0000000000
0000000000
0000000000
0000000000
0010000000
,
0000000000
0000000000
0000000000
0000000000
0000000000
0000000000
0000000000
0001000000
,
0000000000
0000000000
0000000000
0000000000
0000000000
0000000000
0000000000
0000001000
,
0000000000
0000000000
0000000000
0000000000
,
0000000000
0000000000
0000000000
0000000000
0000000000
0000000000
0000000000
0000000100
,
0000000000
0000000000
0000000000
0000000000
0000000000
0000000000
0000000000
0000000001
,
0000000000
0000000000
0000000000
0000000000
0000000000
0000000000
0000000000
0000001000
,
0000000000
0000000000
0000000000
0000000000
0000000000
0000000000
0000000000
0000010000
,
0000000000
0000000000
0000000000
0000000000
0000000000
0000000000
0000000000
0010000000
,
0000000000
0000000000
0000000000
0000000000
,
0000000000
0000000000
0000000000
0000000000
0000000000
0000000000
0000000000
0000001000
,
0000000000
0000000000
0000000000
0000000000
0000000000
0000000000
0000000000
0000000001
,
0000000000
0000000000
0000000000
0000000000
0000000000
0000000000
0000000000
0000000010
,
0000000000
0000000000
0000000000
0000000000
0000000000
0000000000
0000000000
0000010000
,
0000000000
0000000000
0000000000
0000000000
0000000000
0000000000
0000000000
0000000100
,
0000000000
0000000000
0000000000
0000000000
,
0000000000
0000000000
0000000000
0000000000
0000000000
0000000000
0000000000
0001000000
,
0000000000
0000000000
0000000000
0000000000
0000000000
0000000000
0000000000
1000000000
,
0000000000
0000000000
0000000000
0000000000
0000000000
0000000000
0000000000
0100000000
,
0000000000
0000000000
0000000000
0000000000
0000000000
0000000000
0000000000
0000100000
,
0000000000
0000000000
0000000000
0000000000
0000000000
0000000000
0000000000
0000001000
,
0000000000
0000000000
0000000000
0000000000
0000000000
0000000000
0000000000
0000020000
,
0000000000
0000030000
0000000000
0000000000
0000000000
0000000000
0000000000
0001000000
,
0000000000
0000000000
0000000000
0000000000
0000000000
0000000000
0000000000
0000200000
,
0000000000
0000300000
0000000000
0000000000
0000000000
0000000000
0000000000
0001000000
,
0000000000
0000000000
0000000000
0000100000
0000000000
0000000000
0000000000
0000001000
,
0000000000
0000000000
0000000000
0000010000
0000000000
0000000000
0000000000
0000000100
,
0000000000
0000000000
0000000000
0000001000
0000000000
0000000000
0000000000
0001000000
,
0000000000
0000000000
0000000000
0010000000
0000000000
0000000000
0000000000
0000200000
,
0000000000
0000300000
0000000000
0000000000
0000000000
0000000000
0000000000
0000000000