00000
00000
00000
10000
,
10000
00001
00001
10000
,
10000
00001
00001
01000
,
01000
00010
00010
01010
,
01010
01010
00100
00001
,
00001
10000
10000
00001
,
00001
10000
10000
00010
,
00010
01000
01000
01010
,
01010
01010
00000
00000
,
00000
10000
10000
00001
,
00001
10000
10000
00001
,
00001
01000
01000
00010
,
00010
01000
01000
00010
,
00010
10000
10000
00010
,
00010
10000
10000
00010
,
00010
01000
01000
00001
,
00001
01000
01000
00001
,
00001
10000
10000
00100
,
00100
01000
01000
00010
,
00010
00100
00100
00001
,
00001
10000
10000
00100
,
01000
00010
00100
00001
,
10000
00001
00100
00010
,
01000
00100
00100
10000
,
10000
00001
00001
10001
,
00000
10000
10000
00001
,
00001
00101
01100
00110
,
10100
10000
10000
00001
,
00001
10000
10000
00001
,
00001
01000
01000
00010
,
00010
10000
10000
00001
,
00001
01000
00100
10000
,
00001
00100
00010
01010
,
00000
01000
01000
00010
,
00010
00100
00100
00001
,
00001
10000
10000
00100
,
00100
01000
01000
01010
,
00000
00001
00001
10000
,
10000
10100
00110
01100
,
00101
00001
00001
10000
,
10000
00001
00001
10000
,
10000
00010
00010
01000
,
01000
00001
00001
10000
,
10000
00010
00100
00001
,
10000
00100
01000
01010
,
00000
00010
00010
01000
,
01000
00100
00100
10000
,
10000
00001
00001
00100
,
00100
00010
00010
01010
,
00000
01000
01000
00001
,
00001
01000
01000
00001
,
01001
00010
00010
10000
,
10000
00010
00010
10000
,
10000
10100
00110
01100
,
00101
01000
01000
00010
,
00010
10000
10000
00001
,
00001
01000
01000
01010
,
00000
00101
01100
00110
,
10100
00010
00010
01000
,
01000
00001
00001
10000
,
10000
00010
00010
01010
,
00000
00000
00010
01000
00010
01000
00100
10000
,
00100
10000
00001
00100
00010
01000
00200
00300