00000
00000
00000
00000
00000
00000
10000
00100
,
10000
00100
10000
00000
10100
00000
00001
00100
,
00001
00100
00001
00000
00101
00000
10100
00000
,
10000
00100
01000
00100
10000
00001
00101
00000
,
01100
00000
00110
00000
10100
00000
00001
00100
,
00001
00100
00001
00000
00101
00000
10000
00100
,
10000
00100
10000
00000
10100
00000
00101
00000
,
00001
00100
00010
00100
00001
10000
10100
00000
,
00101
10001
00000
00000
,
00000
00000
10001
00000
10000
00100
01000
00000
,
01000
00010
00100
00000
00100
00001
10000
00000
,
00001
00100
00001
00000
00001
00100
00010
00000
,
00010
01000
00100
00000
00100
10000
00001
00000
,
10000
00100
10000
00000
10000
00100
01000
00000
,
01000
00010
00100
00000
00100
00001
10000
00000
,
00001
00100
00001
00000
00001
00100
00010
00000
,
00010
01000
00100
00000
00100
10000
00001
00000
,
10001
00000
10000
00100
10000
00100
01000
00010
,
01000
00010
00100
00001
00100
00001
10000
00100
,
10000
00100
01000
00010
01000
00010
00100
00001
,
00100
00001
10000
00100
10000
00100
01000
00010
,
00100
00001
10000
00100
01000
00010
00100
00001
,
10000
00100
01000
00100
10000
00001
00100
00010
,
01000
00100
10000
00000
00100
10000
00010
00000
,
00100
00001
01000
00000
00100
10000
00001
00000
,
00000
00000
10001
00000
00000
10000
00010
00000
,
01000
00100
10100
00000
00110
00000
01100
00000
,
00101
00000
10000
00100
01000
00010
00100
00001
,
10000
00100
10000
00001
00100
00010
01000
00100
,
10000
00001
02000
03000
00100
10000
00020
00030
,
00100
00001
02000
00000
03000
00010
00100
00000
,
00100
00001
10000
00000
10000
00100
01000
00010
,
00100
00001
10000
00001
00100
00010
01000
00000
,
01010
00000
01000
00100
01000
00100
10000
00001
,
10000
00001
00100
00010
00100
00010
01000
00100
,
01000
00100
10000
00001
00100
00010
01000
00100
,
10000
00001
00010
00100
01000
00100
20000
00000
,
30000
00000
10001
00000
10000
00100
10000
00000
,
00010
00100
00101
00000
01100
00000
00110
00000
,
10100
00000
00002
00003
00100
00010
02000
03000
,
00100
10000
00001
10000
00100
01000
00010
00100
,
00001
10000
00020
00030
00100
00001
02000
03000
,
00100
10000
00020
00000
00030
01000
00100
00000
,
00100
10000
00001
00000
00001
00100
00010
01000
,
00100
10000
00001
10000
00100
01000
00010
00000
,
01010
00000
00010
00100
00010
00100
00001
10000
,
00001
10000
00100
01000
00100
01000
00010
00100
,
00010
00100
00001
10000
00100
01000
00010
00100
,
00001
10000
01000
00100
00010
00100
00002
00000
,
00003
00000
20000
30000
00010
00100
00002
00003
,
01000
00100
10000
00001
00100
00010
01000
00000
,
01010
00000
00002
00003
01000
00100
20000
30000
,
00010
00100
00001
10000
00100
01000
00010
00100
,
00001
10000
10100
00000
00110
00000
01100
00000
,
00101
01000
00100
10000
00001
00100
00010
00000
,
01010
00000
00000
00200
00300
10000
00020
00000
,
00030
01000
00100
10000
00001
00100
00010
00000
,
01010
00101
01100
00110
,
10100
00010
00100
00001
10000
00100
01000
00000
,
01010
00000
00000
00200
00300
00001
02000
00000
,
03000
00010
00100
00001
10000
00100
01000
00010
,
00100
00001
00010
00100
00010
00100
01000
00100
,
01000
00100
10000
00100
10000
00100
00002
00003