// measure 0
00000
00000
00000
00000
00000
00000
10000
00100
,  // measure 1
01000
00100
10000
00100
01000
00100
10000
00100
,  // measure 2
01000
00100
01100
01100
01100
00000
01000
00100
,  // measure 3
10000
00100
01000
00100
10000
00100
10100
00000
,  // measure 4
01100
00000
10100
00000
10001
00000
00001
00100
,  // measure 5
00010
00100
00001
00100
00010
00100
00001
00100
,  // measure 6
00010
00100
00110
00110
00110
00000
00010
00100
,  // measure 7
00001
00100
00010
00100
00001
00100
00101
00000
,  // measure 8
00110
01010
00000
00000
,  // measure 9
00000
00000
01000
00010
01000
00100
00010
00001
,  // measure 10
00010
00100
01000
00010
01000
00100
01100
01100
,  // measure 11
01100
00000
00010
01000
00010
00100
01000
10000
,  // measure 12
01000
00100
00010
01000
00010
00100
00110
00110
,  // measure 13
00110
00000
10000
00001
10000
00100
00001
00010
,  // measure 14
00001
00100
10000
00001
10000
00100
10100
10100
,  // measure 15
10100
00000
00001
10000
00001
00100
10000
01000
,  // measure 16
10000
00100
00001
10000
00001
00100
00101
00101
,  // measure 17
00101
00000
10000
00001
10000
00001
01000
00001
,  // measure 18
01000
00001
01000
00010
01000
00010
01010
01010
,  // measure 19
01010
00000
00010
01000
00010
01000
00010
10000
,  // measure 20
00010
10000
00001
10000
00001
10000
10001
10001
,  // measure 21
10001
00000
00001
01000
00001
01000
00001
10000
,  // measure 22
00001
10000
00010
10000
00010
10000
10010
10010
,  // measure 23
10010
00000
10000
00010
10000
00010
10000
00001
,  // measure 24
10000
00001
01000
00001
01000
00001
00000
00000
,  // measure 25
00000
00000
01000
10000
01000
00100
10000
01000
,  // measure 26
11000
11000
11000
00000
10100
00000
11000
00000
,  // measure 27
10100
00000
10000
01000
00100
01000
10000
00100
,  // measure 28
01000
10000
01000
00100
10000
01000
00100
01000
,  // measure 29
10000
00100
01000
10000
01000
00100
10000
01000
,  // measure 30
11000
11000
11000
01000
10000
00100
01000
10000
,  // measure 31
11000
00000
10000
01000
00100
10000
00100
10000
,  // measure 32
01000
00100
01000
00100
01000
10000
01000
10000
,  // measure 33
00100
00000
10000
00000
00100
10000
00100
10000
00100
10000
00100
10000
00100
01000
00100
01000
,  // measure 34
00100
01000
00100
01000
10000
01000
10000
01000
10000
01000
10000
01000
10000
00100
10000
00100
,  // measure 35
10000
00100
10000
00100
10000
01000
10000
01000
00100
01000
00100
01000
00100
10000
00100
10000
,  // measure 36
01000
10000
01000
10000
00100
01000
10000
01000
00100
10000
01000
10000
00100
10000
00100
10000
,  // measure 37
00100
10000
00100
10000
00001
00000
00100
00000
00001
00000
00010
00000
00001
00000
00100
00000
,  // measure 38
00101
00101
00101
00000
00011
00000
00101
00000
,  // measure 39
00011
00000
00001
00010
00100
00010
00001
00100
,  // measure 40
00010
00001
00010
00100
00001
00010
00100
00010
,  // measure 41
00001
00100
00010
00001
00010
00100
00001
00010
,  // measure 42
00011
00011
00010
00001
00100
00010
00001
00010
,  // measure 43
00011
00000
00001
00010
00100
00001
00100
00001
,  // measure 44
00010
00100
00010
00100
00010
00001
00010
00001
,  // measure 45
00100
00000
00001
00000
00100
00001
00100
00001
00100
00001
00100
00001
00100
00010
00100
00010
,  // measure 46
00100
00010
00100
00010
00001
00010
00001
00010
00001
00010
00001
00010
00001
00100
00001
00100
,  // measure 47
00001
00100
00001
00100
00001
00010
00001
00010
00100
00010
00100
00010
00100
00001
00100
00001
,  // measure 48
00010
00001
00010
00001
00100
00010
00001
00010
00100
00001
00010
00001
00100
00000
00000
00000
,  // measure 49
00000
00000
00010
00010
01000
01000
00010
00010
,  // measure 50
01000
01000
00100
00100
10000
10000
10100
10100
,  // measure 51
10100
00000
01000
01000
00010
00010
01000
01000
,  // measure 52
00010
00010
00100
00100
00001
00001
00101
00101
,  // measure 53
00101
10001
01001
01010
,  // measure 54
01100
01100
00100
10000
00001
00100
00110
00110
,  // measure 55
00110
00000
00100
00001
10000
00100
10100
10100
,  // measure 56
10100
00000
00000
00000
00100
00000
10000
00100
10000
00000
01000
00100
01000
00000
00100
00010
,  // measure 57
00100
00010
00100
00010
01000
00000
00000
00000
01010
00000
00000
00000
10010
00000
00000
00000
,  // measure 58
01001
01001
00001
01000
00100
01000
01100
01100
,  // measure 59
01100
00000
00100
10000
00010
00100
00110
00110
,  // measure 60
00110
00000
00000
00000
00100
00000
00001
00100
00001
00000
00010
00100
00010
00000
00100
01000
,  // measure 61
00100
01000
00100
01000
00100
00000
01000
00100
00010
00000
00100
01000
00010
00000
00100
01000
,  // measure 62
00100
00010
01000
00100
00010
00000
01000
00100
00010
00000
01000
00100
00010
00000
00000
00000