00000
00000
00000
00000
00000
00000
00000
00000
00000
00000
00000
00000
00002
00003
20000
30000
,
00200
00300
01000
00010
02000
00000
00000
03000
00002
00000
00000
00003
20000
30000
00200
00300
,
02000
03000
00200
00300
00020
00000
00000
00030
00002
00000
00000
00003
00200
00000
00000
00300
,
00020
00030
02000
03000
00200
00300
20000
30000
00002
00003
00200
00300
00010
00000
00000
00000
,
01010
00000
00000
00000
01001
00000
00000
00000
10001
00000
00000
00000
20000
30000
00002
00003
,
00200
00300
00010
01000
00020
00000
00000
00030
20000
00000
00000
30000
00002
00003
00200
00300
,
00020
00030
00200
00300
02000
00000
00000
03000
20000
00000
00000
30000
00200
00000
00000
00300
,
02000
03000
00020
00030
00200
00300
00002
00003
20000
30000
00200
00300
02000
00000
00000
03000
,
00020
00000
00000
00030
00200
00000
00000
00000
00000
00000
00000
00000
00000
00000
00000
00000
,
00300
00000
10001
00000
10100
10000
00010
00000
,
00110
00010
10000
00000
10100
10000
00010
00000
,
00110
00000
00010
00000
01000
00000
00000
00100
10000
00000
00001
00000
01000
00000
00000
00000
,
01100
01000
00001
00000
00101
00001
01000
00000
,
01100
01000
00010
00000
00110
00010
10000
00000
,
10100
10000
00010
00000
00110
00010
10000
00000
,
10100
00000
10000
00000
00001
00000
00000
00100
00010
00000
01000
00000
00001
00000
00000
00000
,
00101
00001
01000
00000
01100
01000
00001
00000
,
00101
00100
00210
00010
00010
00310
01020
01000
,
01000
01030
02100
00100
00100
03100
10200
10000
,
10000
10300
20001
30001
00102
00103
00210
00310
,
01020
00000
01030
00000
02100
00000
03100
00000
10200
00000
10300
00000
00100
01000
10000
01000
,
00100
01000
10000
01000
00100
00010
00001
00010
00100
00010
00001
00010
00100
00010
00001
00010
,
00100
00010
00001
00010
00100
01000
10000
01000
00100
01000
10000
01000
00100
01000
10000
01000
,
00100
10000
01000
00100
00010
00000
00000
00100
00010
00000
01000
00000
00001
00000
00000
00000
,
00101
00000
00001
00000
01000
00000
00000
00000
01100
00000
01000
00000
00002
00000
00000
00003
,
00000
00000
10001
00000
01000
00100
10000
00000
,
00001
00100
01010
00000
00110
00000
01001
00000
,
10100
00000
00100
00000
10000
00000
00010
10000
00100
10000
00010
00000
20000
30000
00002
00003
,
20000
30000
00002
00003
00100
00000
00010
00100
00010
01000
00010
00100
00001
00100
00001
00100
,
00001
10000
00001
10000
00200
00000
00300
00000
00000
00000
10001
00000
00200
00000
00300
00000
,
01000
00010
00200
00000
00300
00010
01000
00000
,
00001
00000
10000
00000
00200
00000
00300
00000
01000
00100
01000
00100
01000
00001
01000
00001
,
00100
00001
00100
00001
00010
00100
00010
00100
00010
00001
00010
00001
00200
00000
00000
00000
,
00310
00000
00000
00000
10000
01000
10000
01000
10000
01000
10000
01000
00100
00010
00100
00010
,
00100
00010
00100
00010
01000
00100
01000
00100
01000
00100
01000
00100
00010
00001
00010
00001
,
00010
00001
00010
00001
00100
00010
00100
00010
01000
00100
01000
00100
10000
01000
10000
01000
,
00100
00010
00100
00010
01000
00100
00010
00001
00100
00010
00001
00010
00200
00000
00000
00000
,
00300
00000
00000
00000
01010
00000
00010
00000
00100
00001
00100
00001
00020
00000
00000
00030
,
00001
00010
00001
00010
00200
00300
01000
00010
00200
00000
00000
00300
00002
00000
00000
00003
,
20000
30000
00020
00030
20000
00000
00000
30000
00100
10000
00100
10000
02000
00000
00000
03000
,
10000
01000
10000
01000
00100
00000
00010
01000
00100
10000
00100
01000
00010
00100
00001
00100
,
00010
01000
00010
01000
00200
00000
00000
00000
00000
00300
10000
00001
00200
00000
00000
00300
,
00010
00000
01000
00000
00100
00000
01000
00000
00010
00100
00010
00100
00001
00000
10000
00001
,
10000
00000
00001
10000
00001
00000
00100
00000
00010
00100
00010
00100
00010
10000
00010
10000
,
00100
10000
00100
10000
01000
00100
01000
00100
01000
10000
01000
10000
00200
00000
00000
00000
,
01300
00000
00000
00000
00001
00010
00001
00010
00001
00010
00001
00010
00100
01000
00100
01000
,
00100
01000
00100
01000
00010
00100
00010
00100
00010
00100
00010
00100
01000
10000
01000
10000
,
01000
10000
01000
10000
00100
01000
00100
01000
00010
00100
00010
00100
00001
00010
00001
00010
,
00100
01000
00100
01000
00010
00100
01000
10000
00100
01000
10000
01000
00200
00000
00000
00000
,
00000
00300
10000
00100
01000
00100
10000
00100
,
01000
00000
00100
00000
10000
00000
10000
00000
00100
01000
00100
10000
00200
00000
00000
00300
,
01010
00000
00001
00100
00010
00100
00001
00100
,
00010
00000
00100
00000
00001
00000
00001
00000
00100
00010
00100
00001
00100
00010
01000
00100
,
01000
00010
00100
00001
10000
00000
00000
00000
10010
00000
00000
00000
01001
00000
00000
00000
,
10001
10001
10000
00100
01000
00010
00200
00000
,
00301
00000
00000
00000
00000
00000
00002
00000
00000
00003
01000
00000
00020
00000
00000
00030
,
10000
00000
00010
00000
01000
00000
00100
10000
00100
01000
00010
00100
00002
00000
00000
00003
,
10000
00001
10000
00001
00100
00000
00010
01000
00100
00000
01000
00010
00100
00000
00001
00000
,
10001
00000
10001
00000
10000
00001
00100
00001
00010
00000
00100
00000
01000
00010
00100
00001
,
20000
00000
30000
00000
00000
00000
00020
00000
00000
00030
00100
00000
00002
00000
00000
00003
,
01000
00000
00001
00000
00100
00000
00010
00100
00001
00100
00010
00100
00001
10000
00100
10000
,
00001
00100
00010
01000
00100
10000
00100
10000
01000
00100
01000
00100
00010
00100
00010
00100
,
00001
00100
00001
00100
10000
01000
00100
10000
01000
00100
00010
00002
20000
00000
30003
00000