00000
00000
00000
00000
00000
00000
00001
10000
,
00001
00000
00100
00010
00200
00000
00000
00300
02000
00000
00000
03000
00100
00000
10000
00000
,
00100
00000
00001
00000
00100
00000
00010
00000
00020
00000
00000
00030
00200
00000
00000
00300
,
01000
00100
10000
00100
00001
00100
00220
00330
,
02002
03003
20020
30030
20002
30003
10000
00001
,
10000
00000
00100
01000
00200
00000
00000
00300
00020
00000
00000
00030
00100
00000
00001
00000
,
00100
00000
10000
00000
00100
00000
01000
00000
02000
00000
00000
03000
00200
00000
00000
00300
,
00010
00100
00001
00100
10000
00100
02200
03300
,
20020
30030
02002
00000
00000
00000
00000
00000
,
03003
00000
01010
00000
01000
00100
00020
00030
,
01000
00100
00020
00030
01000
00100
00020
00030
,
00001
00100
00020
00030
00001
00100
00020
00030
,
00001
00100
00020
00030
00001
00100
00020
00030
,
00001
00100
20000
30000
00001
00100
20000
30000
,
00001
00100
20000
30000
00001
00100
20000
30000
,
01000
00100
20000
30000
01000
00100
20000
30000
,
01000
00100
20000
30000
01000
00100
20000
30000
,
00001
00001
00102
00100
00103
00010
00120
00100
,
00130
01000
02100
00100
03100
10000
20100
00100
,
30100
00001
00102
00100
00103
00010
00120
00100
,
00130
00000
01000
00000
02100
00000
00100
00000
03100
00000
10000
00000
00100
00001
00100
00001
,
10000
00001
10000
00001
10000
00100
10000
00100
10000
01000
10000
01000
00100
01000
00100
01000
,
00010
01000
00010
01000
00010
00100
00010
00100
00010
00001
00010
00001
00100
00001
00100
00001
,
10000
00001
10000
00001
00200
00000
00000
00300
00010
00000
00100
00000
02000
00000
03000
00000
,
00010
00100
02000
03000
00010
00100
02000
00000
,
13000
00000
20002
00000
30003
00001
00100
00000
,
10000
00100
01000
00000
00100
00000
00010
00000
,
00100
00000
00001
00000
00100
00000
10000
00100
10000
00100
10000
00000
00100
00000
01000
00000
,
00100
00000
00010
00000
00100
00000
00001
00100
00001
00100
00001
00100
00001
00100
00001
00100
,
00001
00100
00001
00100
10000
00000
00100
00000
00000
00000
01000
00000
00100
00000
00000
00000
,
00010
00100
00001
00100
00000
10000
00100
00000
,
01000
00100
00010
00000
00100
00001
00100
10000
,
00100
01000
00100
00010
00100
00001
00100
00000
,
10001
00000
00010
00010
00100
00100
01000
01000
,
00100
00100
10000
10000
00100
00100
00001
00001
,
00100
00000
00100
00000
00010
00100
00010
00100
01000
00100
01000
00100
10000
00100
10000
00100
,
00001
00100
00001
00100
00010
00100
01000
00100
10000
00100
00001
00100
00010
00000
00000
00000
,
10010
00000
10000
00100
00000
00001
00100
00000
,
00010
00100
00010
00100
00010
00000
00100
01000
00100
00000
00000
00000
10000
00000
00100
00000
,
00001
00000
00100
00000
00010
00000
00100
00000
01000
00100
01000
00000
00100
00000
10000
00000
,
00100
00000
00001
00000
00100
00000
00010
00100
00010
00100
00010
00100
01000
00100
01000
00100
,
01000
00100
01000
00100
10000
00000
00100
00000
00000
00000
00001
00100
00001
00000
00000
00000
,
00100
00000
00010
00000
00100
00000
01000
00000
00100
00000
10000
00100
10000
00000
00100
00000
,
00001
00100
00010
00100
01000
00100
10000
00100
,
00001
00100
00010
00100
01000
00100
10000
00000
,
10001
00000
01000
01000
00100
00100
00010
00010
,
00100
00100
00001
00001
00100
00100
10000
10000
,
00100
00000
00100
00000
01000
00100
01000
00100
00010
00100
00010
00100
00001
00100
00001
00100
,
10000
00100
10000
00100
01000
00100
00010
00100
00001
00100
10000
00100
02000
00000
00000
00000
,
00000
03000
00001
00100
00001
00010
00100
00010
,
01000
00100
01000
10000
00100
10000
00002
00000
,
10003
00000
10000
00100
10000
01000
00100
01000
,
00010
00100
00010
00001
00100
00001
20000
00000
,
30001
10001
00011
01010
,
11000
10000
00001
00001
00010
00010
02000
00000
,
13000
00000
00000
10010
00000
00010
00001
00000
,
10000
00000
01000
00000
00010
00000
00001
00100
00001
00000
00100
10000
00100
00000
01000
00100
,
01000
00100
01000
00100
00010
00000
00100
00010
00100
00000
00001
00000
00100
00000
10000
00000
,
00100
00000
01000
00000
00100
00010
00100
00010
00100
00000
00001
00000
00100
10000
00100
10000
,
00100
00000
00000
01001
00000
01000
10000
00000
,
00001
00000
00010
00000
01000
00000
10000
00100
10000
00000
00100
00001
00100
00000
00010
00100
,
00010
00100
00010
00100
01000
00100
01000
00100
10000
00100
10000
00100
00001
00100
00001
00100
,
00010
00100
00010
00100
00001
00100
10000
00001
00100
10000
00001
00100
20000
00000
00000
00000
,
30000
00000
00000
00000