000000
000000
000000
000000
000000
000000
000010
001000
,
000100
000000
100000
001000
020000
000000
000000
000000
030010
000000
000000
000000
001000
000000
000001
000000
,
000010
000000
000001
000000
001000
000000
001010
000000
001010
000000
000000
000000
000101
000000
000001
000010
,
000100
000000
001000
000010
000100
000000
000001
000010
000100
000000
010000
000100
001000
000000
000000
000000
,
001010
000000
010100
000000
100010
000000
010000
000100
,
001000
000000
000001
000100
000020
000000
000000
000000
010030
000000
000000
000000
000100
000000
100000
000000
,
010000
000000
100000
000000
000100
000000
010100
000000
010100
000000
000000
000000
101000
000000
100000
010000
,
001000
000000
000100
010000
001000
000000
100000
010000
001000
000000
000010
001000
000100
000000
000000
000000
,
010100
200002
000000
000000
,
300003
000000
100001
000000
101000
000100
001000
000000
,
101000
000010
000100
000000
101000
000001
000010
000000
,
000001
000000
000100
000000
000020
000000
000030
000100
000001
000000
000010
000000
000100
000000
000000
000000
,
010000
000010
000100
000000
000010
010000
001000
000000
,
010100
000001
000100
000000
000101
001000
000100
000000
,
000101
010000
001000
000000
000101
100000
010000
000000
,
100000
000000
001000
000000
020000
000000
030000
001000
100000
000000
010000
000000
001000
000000
000000
000000
,
000010
010000
001000
000000
010000
000010
000100
000000
,
001100
100000
001000
001000
010000
010000
000100
000100
,
001000
001000
010000
010000
000100
000100
000001
000101
,
000101
001000
000100
000100
000010
000010
001000
001000
,
100000
000000
100000
000000
010000
000000
010000
000000
001000
000000
001000
000000
000100
001000
010000
001000
,
000100
001000
000010
000100
000001
000010
000001
000100
000010
001000
000100
010000
000100
001000
000001
000100
,
000001
001000
000100
000010
000100
001000
000100
010000
001000
100000
010000
100000
001000
010000
000100
001000
,
000100
000010
000001
000100
000020
000000
000030
001000
000100
000000
010000
000000
001000
000000
000000
000000
,
101000
000100
010000
000000
000101
001000
000020
000000
,
000030
000000
002000
003000
000100
010000
002000
003000
,
010000
000001
010001
000000
100010
000000
001001
000000
,
000001
000000
010000
000000
000100
000000
100000
001000
010000
000100
001000
000000
000010
000000
001000
000000
,
000100
000000
000010
000000
000001
000000
000100
000010
001000
010000
100000
001000
010000
000100
001000
000001
,
000100
000001
000010
000100
002000
000000
003000
000000
000001
000000
010000
000000
002000
000000
003000
000000
,
100000
000010
000200
000300
010000
001000
000002
000003
,
000010
000000
000100
000000
200000
000000
300000
000000
001000
100000
010000
001000
000100
010000
000100
001000
,
010000
100000
001000
010000
000100
000010
000001
000100
000010
001000
000010
010000
000200
000000
000000
000000
,
100300
000000
000000
000000
100000
001000
100000
001000
010000
000010
010000
000010
000100
010000
000100
010000
,
001000
000010
001000
000010
010000
000100
010000
000100
000010
000001
000010
000001
000100
000010
000100
000010
,
010000
000100
010000
000100
001000
000010
000100
000001
000100
000010
010000
001000
100000
010000
001000
000100
,
001000
000010
001000
000100
010000
000010
000100
000001
000010
000100
001000
000100
020000
000000
000000
000000
,
030000
000000
000000
000000
000200
000000
000300
000000
001000
000010
000100
000001
000010
000000
000100
000010
,
000001
000100
000001
000000
001001
000000
100000
000000
100100
000000
000001
000000
010001
000000
100000
000000
,
000100
010000
001000
100000
010000
000000
001000
000000
000100
001000
000100
001000
010000
000000
100000
000000
,
010000
001000
010000
001000
000100
000000
000010
000001
000100
000010
001000
000010
010000
000100
100000
000100
,
001000
010000
100000
001000
020000
000000
030000
000000
000100
001000
000010
010000
002000
000000
003000
000010
,
000100
000000
010000
000010
000200
000000
000000
000300
010000
001000
000100
010000
001000
000000
100000
010000
,
001000
000000
000010
000100
000002
000000
000003
000000
000100
000001
000010
000100
001000
000010
001000
000100
,
000010
000001
000100
000010
001000
010000
100000
001000
010000
000100
010000
000010
002000
000000
000000
000000
,
003001
000000
000000
000000
000001
000100
000001
000100
000010
010000
000010
010000
001000
000010
001000
000010
,
000100
010000
000100
010000
000010
001000
000010
001000
010000
100000
010000
100000
001000
010000
001000
010000
,
000010
001000
000010
001000
000100
010000
001000
100000
001000
010000
000010
000100
000001
000010
000100
001000
,
000100
010000
000100
001000
000010
010000
001000
100000
010000
001000
000100
001000
000020
000000
000000
000000
,
000030
000000
000000
000000
000110
000000
000010
000100
000010
000000
001000
000001
001000
000000
000010
000100
,
000010
000000
010000
001000
010000
000000
010100
000000
000100
001000
010000
001000
000200
000000
000000
000000
,
010300
000000
000000
000000
011000
000000
010000
001000
010000
000000
000100
100000
000100
000000
010000
001000
,
010000
000000
000010
000100
000010
000000
001010
000000
001000
000100
000010
000001
000100
000010
001000
000001
,
000100
000010
001000
000100
001100
000000
000000
000000
000011
000000
000000
000000
001100
000000
000000
000000
,
110000
010000
001000
000010
100000
001000
010000
000001
,
000020
000000
000030
002000
003000
100000
020000
030000
,
000100
000000
000001
000000
000011
000000
000010
000001
000100
000000
000001
000100
000010
000000
000100
000001
,
001000
000100
100000
001000
101000
000000
000000
000000
000011
000000
000000
000000
110000
000000
000000
000000
,
000101
000000
000100
000000
000010
000100
000001
000010
000200
000000
010300
000000
000010
001000
010000
100000
,
002000
000000
003000
000020
000030
000001
000200
000300
,
010000
000000
000100
000000
010100
000000
010000
001000
000100
000000
001000
000100
000010
000000
001000
010000
,
000010
000100
000001
000010
000100
000000
000010
000100
001000
000000
000100
001000
010000
000000
000100
000010
,
010000
001000
000010
000100
000001
000100
000010
001000
010000
000100
001000
010000
200000
000000
000000
000000
,
300000
000000
000000
000000