// measure 0
00000
00000
00000
00000
,  // measure 1
00000
00000
00000
00000
,  // measure 2
00010
00100
10000
00000
01000
00000
00001
00000
00010
00000
10000
00000
01000
00000
00001
00000
,  // measure 3
00010
00100
10000
00000
01000
00000
00001
00000
00010
00000
10000
00000
01000
00000
00001
00000
,  // measure 4
00010
00100
00010
00000
00100
00000
00001
00000
00100
00000
10000
00000
00100
00001
00100
00001
,  // measure 5
00010
00100
00010
00000
00001
00000
00100
00000
10000
00000
00100
00000
00001
00100
00001
00100
,  // measure 6
00010
00000
00100
00000
01000
00000
10000
00000
00010
00000
00100
00000
00100
10000
00100
10000
,  // measure 7
00010
00000
00100
00000
01000
00000
10000
00000
00010
00000
00100
00000
00100
10000
00100
10000
,  // measure 8
00010
00000
00100
00000
00001
00000
00100
00000
10000
00100
10000
00100
10000
00000
01000
00000
,  // measure 9
00010
00000
00100
00000
00001
00000
00100
00000
10000
00100
10000
00100
10000
00000
01000
00000
,  // measure 10
00100
01000
00100
01000
00100
01000
00100
01000
00001
00000
00000
00000
00000
00000
00000
00000
,  // measure 11
00100
01000
00100
01000
00100
01000
00100
01000
00001
00000
00000
00000
00000
00000
00000
00000
,  // measure 12
00100
01000
00100
01000
00001
00000
00000
00000
00100
01000
00100
01000
00010
00100
00010
00100
,  // measure 13
00001
00000
00000
00000
,  // measure 14
00100
00001
00100
00001
00100
00001
00100
00001
01000
00000
00000
00000
00000
00000
00000
00000
,  // measure 15
00100
00001
00100
00001
00100
00001
00100
00001
01000
00000
00000
00000
00000
00000
00000
00000
,  // measure 16
00100
00001
00100
00001
01000
00000
00000
00000
00100
00001
00100
00001
10000
00100
10000
00100
,  // measure 17
01000
00000
00000
00000
,  // measure 18
01010
00100
00000
00000
11000
00100
10001
00100
,  // measure 19
00011
00100
10100
00100
00011
00100
11000
00100
,  // measure 20
00010
00000
00000
00000
,  // measure 21
01000
00100
01000
00001
01000
00100
01000
00001
,  // measure 22
01000
00100
01000
00001
01000
00100
01000
00001
01000
00100
01000
00001
01000
00100
01000
00001
,  // measure 23
10000
00000
00000
00000
,  // measure 24
10000
10000
10000
10000
,  // measure 25
00001
00100
00001
00100
00001
00100
00001
10000
,  // measure 26
00100
10000
00100
10000
00100
10000
00100
10000
00100
10000
00100
10000
00100
10000
00100
10000
,  // measure 27
00010
00100
01000
00100
00010
01000
00100
10000
,  // measure 28
00010
00000
10000
00000
01000
00100
00001
00000
00010
00000
10000
00000
01000
00000
00001
00000
,  // measure 29
00010
00000
10000
00000
01000
00100
00001
00000
00010
00000
10000
00000
01000
00000
00001
00000
,  // measure 30
00010
00000
00100
00000
00001
00100
00001
00100
10000
00000
00100
00000
00001
00000
00100
00000
,  // measure 31
00010
00000
00100
00000
00001
00100
00001
00100
10000
00000
00100
00000
00001
00000
00100
00000
,  // measure 32
00010
00000
00100
00000
01000
10000
01000
10000
00010
00000
00100
00000
00100
00000
10000
00000
,  // measure 33
00010
00000
00100
00000
01000
10000
01000
10000
00010
00000
00100
00000
00100
00000
10000
00000
,  // measure 34
00010
00000
00100
00000
00001
00000
00100
00000
10000
00000
00100
00000
10000
01000
10000
01000
,  // measure 35
00010
00000
00100
00000
00001
00000
00100
00000
10000
00000
00100
00000
10000
01000
10000
01000
,  // measure 36
00010
00000
00100
00000
00001
01000
00001
01000
00001
00000
00100
00000
01000
00000
00100
00000
,  // measure 37
00010
00000
00100
00000
00001
01000
00001
01000
00001
00000
00100
00000
01000
00000
00100
00000
,  // measure 38
01010
00000
00100
00100
00100
00100
00100
00100
,  // measure 39
01101
00000
10110
00000
,  // measure 40
01010
00000
00100
00100
00100
00100
00100
00100
,  // measure 41
01101
00000
10110
00000
,  // measure 42
00010
00100
00001
01000
00010
00100
01000
00100
,  // measure 43
00010
00100
00010
00100
00010
00100
00010
00100
00010
00100
00010
00100
00010
00100
00010
00100
,  // measure 44
00010
00000
00001
01000
00100
10000
00010
00100
,  // measure 45
00001
00000
01000
00000
00100
00000
10000
00000
00010
00000
00000
00000
00010
10000
00010
10000
,  // measure 46
00010
00000
00001
00100
01000
00100
00001
00100
,  // measure 47
01001
00000
00000
00000
10000
00100
10000
00010
,  // measure 48
01000
00100
01000
00100
01000
00100
01000
00100
10000
00100
10000
00100
10000
00100
10000
00100
,  // measure 49
00001
00100
00001
00100
00001
00100
00001
00100
00010
00100
00010
00100
00010
00100
00010
00100
,  // measure 50
01000
01000
00010
00010
01000
00010
00100
00001
,  // measure 51
10000
10000
00100
00100
10000
00100
00100
00010
,  // measure 52
01010
00000
00000
00000
,  // measure 53
10000
00000
00001
00000
,  // measure 54
10000
00000
11010
00000
,  // measure 55
10000
00000
00000
00000