00000
00000
00000
00000
,
00010
00100
00010
00000
01000
00100
01000
00000
00001
00100
00001
00000
10000
00100
10000
00000
,
10001
00100
01010
00100
,
01001
00100
10010
00100
,
01000
00100
01000
00001
00100
00010
01000
00010
00100
00001
10000
00001
00100
00010
01000
00100
,
10000
00100
01000
00100
10000
00001
00100
00010
00100
01000
10000
00001
00100
00010
01000
00100
,
10000
00100
10000
00100
10000
00100
10000
00100
10000
00001
10000
00001
10000
00001
10000
00001
,
00100
00010
00100
00010
00100
00010
00100
00010
01000
00010
01000
00010
01000
00010
01000
00010
,
00100
00001
00100
00001
10000
00100
10000
00100
01000
00010
00100
00001
10000
00100
01000
00010
,
10000
00001
01000
00010
10000
00001
01000
00010
00100
00001
00100
00001
10000
00100
01000
00010
,
10000
00100
10000
00000
00010
00000
00010
00000
01000
00000
00100
00000
10010
00000
00000
00000
,
00001
00100
00001
00000
01000
00000
01000
00000
00010
00000
00100
00000
01001
00000
00000
00000
,
10000
00100
10000
00100
10000
00000
00010
00000
01000
00000
00010
00000
00110
00000
00010
00000
,
02000
00000
00000
00000
00000
00000
00000
03000
,
00001
00100
00001
00000
01000
00000
01000
00000
00010
00000
00100
00000
01001
00000
00000
00000
,
10000
00100
10000
00000
00010
00000
00010
00000
01000
00000
00100
00000
10010
00000
00000
00000
,
00001
00100
00001
00100
00001
00000
01000
00000
00010
00000
01000
00000
01100
00000
01000
00000
,
00020
00000
00000
00000
00000
00000
00000
00030
,
10000
00100
10000
00001
00100
00010
01000
00100
00010
00100
01000
00100
10000
00010
00100
00001
,
10000
00100
10000
00100
00001
00010
00100
01000
00100
00010
01000
00100
10000
00010
00100
00001
,
01000
00100
01000
00100
01000
00100
01000
00100
10000
00100
10000
00100
10000
00001
10000
00001
,
00100
00001
00000
00000
00001
10000
00000
00000
10000
00100
00000
00000
00100
01000
00000
00000
,
01000
00010
00000
00000
00010
00100
00000
00000
00100
00001
00000
00000
00001
10000
00000
00000
,
20002
00000
00000
00000
,
00000
00000
00000
00000
00000
00000
00000
30003
00000
00000
00001
10000
00000
00000
00001
10000
,
00000
00000
00001
10000
00000
00000
00001
10000
00001
00000
10000
00000
00001
00000
01000
00100
,
01000
00100
01000
00100
01000
00100
01000
00100
10000
00010
00100
00001
00100
10000
00100
00001
,
10000
01000
00100
00010
00100
00010
00001
00010
00100
00001
10000
00100
01000
00010
00100
00010
,
01000
00100
10000
00100
10000
00100
01000
00010
10000
00100
01000
00010
10000
00100
01000
00010
,
10000
00100
01000
00010
10000
00100
01000
00010
00100
00010
01000
00001
00100
00010
01000
00001
,
00100
00010
01000
00001
00100
00010
01000
00001
01000
00010
10000
00001
01000
00010
10000
00001
,
01000
00010
01000
00010
01000
00010
01000
00010
10000
00001
01000
00010
10000
00001
01000
00010
,
10000
00001
10000
00001
10000
00001
10000
00001
10000
00001
00100
00001
00100
10000
00100
10000
,
00100
00001
01000
00100
10000
00010
00100
00001
00100
00001
00100
10000
00100
10000
00100
00001
,
01000
00100
10000
00010
00100
00001
01000
00001
00100
00010
00100
00010
01000
00001
00100
00010
,
01000
00001
01000
00001
00100
00010
01000
00001
00100
00010
10000
00100
01000
00001
01000
00001
,
10000
00100
01000
00001
10000
00100
10000
00100
01010
00000
00000
00000
10001
00000
10001
00000
,
00100
00010
01000
00100
10000
00000
01001
00000
,
10110
00000
00000
00000
00010
01000
00010
01000
00100
00000
00000
00000
10001
00000
10001
00000
,
00100
01000
00010
00100
00001
00000
10010
00000
,
01101
00000
00000
00000
01000
00010
01000
00010
10000
00100
10000
00010
10000
00100
10000
00010
,
10000
00100
10000
00100
10000
00100
10000
00100
01000
00100
01000
00001
01000
00100
01000
00001
,
01000
00100
01000
00100
01000
00100
01000
00100
10001
00000
00000
00000
01001
00000
10010
00000
,
01010
00100
00001
10000
00010
01000
00100
00000
,
10110
00000
00000
00000
00010
01000
00100
10000
10001
00000
00000
00000
10010
00000
01001
00000
,
01010
00100
10000
00001
01000
00010
00100
00000
,
01101
00000
00000
00000
01000
00010
00100
00001
10000
00100
01000
00010
10000
01000
00100
00010
,
00001
00010
00100
01000
10000
01000
00100
00010
00001
00010
00100
01000
10000
01000
00100
00010
,
00001
00010
00100
01000
10000
01000
00100
00010
01000
01000
00000
00000
00010
00000
00000
00000
,
10000
10000
00001
00001
01000
01000
00010
00010
10000
10000
00000
00000
00010
00000
00000
00000
,
10000
10000
00001
00001
01000
01000
00010
00000
01010
00000
00000
00000
00000
00000
00000
00000
,
00000
00000
01001
00000
,
01010
00000
10010
00000
,
10000
01000
00100
00010
00001
00000
00000
00000
00000
00000
00000
00000
00000
00000
00000
00000
10101
00000
00000
00000
00000
00000
00000
00000
00000
00000
00000
00000
00000
00000
00000
00000