00000
00000
00000
00000
,
00000
00000
00000
00000
,
10000
01000
00100
00010
01000
00100
00010
00001
10000
00010
00100
00001
01000
00100
00010
00001
,
00001
00010
00100
01000
00010
00100
01000
10000
00001
01000
00100
10000
00010
00100
01000
10000
,
10000
00100
01000
00010
00100
00001
00010
00100
01000
00001
10000
00100
01000
00010
00100
00001
,
00001
00100
00010
01000
00100
10000
01000
00100
00010
10000
00001
00100
00010
01000
00100
10000
,
10000
01000
00100
00010
00001
01000
00100
00010
01000
00100
00010
00001
01000
10000
00100
00001
,
00001
00010
00100
01000
10000
00010
00100
01000
00010
00100
01000
10000
00010
00001
00100
10000
,
10000
01000
00100
00010
10000
00100
00001
00010
00100
00001
00010
00100
01000
00100
00010
00001
,
00001
00010
00100
01000
00001
00100
10000
01000
00100
10000
01000
00100
00010
00100
01000
10000
,
10000
00100
01000
00010
00100
00010
10000
00100
02000
00000
00100
00000
00002
00000
03003
00000
,
00001
01000
00010
01000
00100
01000
00001
01000
00020
00000
00100
00000
20000
00000
30030
00000
,
10000
00010
00100
00100
00010
01000
00001
00001
02000
03000
00020
00030
00200
00300
00002
00003
,
20000
00000
01000
00000
00010
00000
30001
00000
10000
00001
01000
00000
00100
00000
10000
00000
,
00010
00100
00001
10000
00100
10000
00010
00100
00002
00000
00100
00000
02000
00000
03003
00000
,
01000
00001
10000
00001
00100
00001
01000
00001
20000
00000
00100
00000
00020
00000
30030
00000
,
00010
10000
00100
00100
10000
00001
01000
01000
00002
00003
20000
30000
00200
00300
02000
03000
,
00020
00000
00001
00000
10000
00000
01030
00000
00010
01000
00001
00000
00100
00000
00010
00000
,
01000
00001
00010
00100
00010
10000
01000
00100
01000
10000
00010
00001
01000
00100
10000
01000
,
00001
00100
10000
00001
01000
00010
00100
00001
00010
00100
01000
00010
10000
00010
00100
00001
,
00010
00001
00100
00010
00001
01000
00001
00010
00100
00010
00001
01000
00001
00100
10000
00010
,
00200
00001
00001
00001
,
00302
00000
00000
00000
01000
00000
00000
00000
01000
00000
00000
00000
01000
00100
00010
00100
,
01003
00000
00002
00000
,
00000
00000
00000
00000
,
00000
00000
10100
01100
,
00110
00000
01103
00000
10000
01000
00001
00010
,
01000
00000
00100
00000
10000
00000
00001
00000
10000
01000
00100
00010
00001
01000
00100
00010
,
10000
01000
00100
00010
00001
00010
00100
01000
10000
01000
00100
00010
00001
01000
00100
00010
,
10000
01000
00100
00010
00001
00010
00100
01000
10000
01000
00100
00010
01000
00100
00010
00001
,
00100
00010
01000
00100
10000
01000
00100
00010
01000
00100
10000
00001
01000
10000
00100
00010
,
10000
01000
00100
00001
01000
00100
00010
00001
00001
00010
00100
01000
10000
00010
00100
01000
,
00001
00010
00100
01000
10000
01000
00100
00010
00001
00010
00100
01000
10000
00010
00100
01000
,
00001
00010
00100
01000
10000
01000
00100
00010
00001
00010
00100
01000
00010
00100
01000
10000
,
00100
01000
00010
00100
00001
00010
00100
01000
00010
00100
00001
10000
00010
00001
00100
01000
,
00001
00010
00100
10000
00010
00100
01000
10000
10000
01000
00100
00010
00001
00010
01000
00001
,
00100
00010
00001
00100
00001
00010
00001
00100
10000
01000
00100
00010
00001
00010
01000
00001
,
00100
00010
00001
00100
00001
00010
00100
00001
10000
00000
00000
00000
21000
00000
30100
00000
,
02100
03010
00210
00301
00011
00000
00000
00000
,
10000
00000
00000
00000
00001
00000
00012
00103
,
00120
01030
01200
10300
11000
00000
00000
00000
,
00001
00000
00000
00000
00000
00000
00000
00000
00001
00010
00100
01000
10000
01000
00010
10000
,
00100
01000
10000
00100
10000
01000
10000
00100
00001
00010
00100
01000
10000
01000
00010
10000
,
00100
01000
10000
00100
10000
01000
00100
10000
00001
00000
00000
00000
00102
00000
01003
00000
,
20001
30100
01020
10030
01001
00000
00000
00000
,
00001
00000
00000
00000
10000
00000
20100
30010
,
10002
00103
02010
03001
10010
00000
00000
00000
,
00001
10000
00001
10000
00001
10000
00001
10000
01000
00100
00010
00001
00010
00100
01000
10000
,
00010
00100
01000
10000
01000
00100
00010
00001
01000
00100
00010
00001
00010
00100
01000
10000
,
00010
00100
01000
10000
01000
00100
00010
00001
00020
00000
00000
00030
20000
00000
00000
30000
,
00010
00100
00000
00000
00100
00001
00000
00000
00001
01000
00000
00000
01000
00100
00000
00000
20000
00000
00000
00000
00000
00000
30000
00000
00002
00000
00000
00000
00000
00000
00003
00000
,
01000
00100
00000
00000
00100
10000
00000
00000
10000
00010
00000
00000
00010
00100
00000
00000
00001
00000
00000
00000
00000
00000
00000
00000
00000
00000
00000
00000
00000
00000
00000
00000
,
00000
00000
00000
00000
00000
00000
00000
00000
00000
00000
00000
00000
00000
00000
00000
00000
10000
00100
00001
00000
00000
00000
00000
00000
00000
00000
00000
00000
00000
00000
00000
00000
,
00001
00100
01000
00000
00000
00000
00000
00000
00000
00000
00000
00000
00000
00000
00000
00000
00110
10000
00110
00000
00000
00000
00000
00000
00000
00000
00000
00000
00000
00000
00000
00000
,
01000
00010
00100
00001
10000
00000
00000
00000
00000
00000
00000
00000
00000
00000
00000
00000
11111
00000
00000
00000
00000
00000
00000
00000
00000
00000
00000
00000
00000
00000
00000
00000