00100
00000
00200
00000
00000
00000
00000
00300
,
01200
10300
00210
00301
,
02001
03100
01020
00130
,
20010
00000
30100
00000
00000
10001
10001
00000
,
02001
00100
03001
00000
10020
00100
10030
00000
,
01100
00002
10000
00000
00100
00000
01003
00000
,
00110
20000
00001
00000
00100
00000
30010
00000
,
00201
10000
00301
10001
,
01000
00100
00000
00010
00100
00000
10001
00000
,
02000
00010
13000
00101
,
00020
01000
00031
10100
,
21000
00100
30010
00000
00012
00100
01003
00000
,
00100
01000
01020
00000
10000
00000
00031
00000
,
00100
00010
02010
00000
00001
00000
13000
00000
,
00210
00000
01300
00000
00100
10000
00100
00000
,
01200
00000
00310
00000
00100
00001
00100
00000
,
00210
01000
10000
00301
,
00100
00120
01000
10030
,
00100
02100
00010
03001
,
00010
10000
00100
00000
01000
00001
00100
00000
,
20002
00000
00000
30003
,
00100
00012
01000
10003
,
00100
21000
00010
30001
,
00001
00000
01100
00000
00010
00010
10000
00000
,
10000
00000
00110
00000
01000
01000
00001
00000
,
01000
00101
00010
10100
,
00001
00001
10000
10000
00100
00100
00200
00000
,
01000
00000
00010
00000
01000
00010
01000
00000
,
00010
01000
10000
00301
,
02010
00100
03001
10010
,
01020
00100
10030
01001
,
00001
01000
10000
00010
00100
01001
10010
00000
,
01000
01000
00101
00000
00010
00010
10100
00000
,
10000
00000
00101
00000
00110
10000
10010
00000
,
00001
00000
10100
00000
01100
00001
01001
00000
,
20010
30001
01002
10003
,
10000
00010
00001
01000
00100
10010
01001
00000
,
10000
10000
00110
00000
00001
00001
01100
00000
,
01000
11000
00010
00011
,
01001
00000
20001
00000
00100
00010
30001
00000
,
10010
00000
10002
00000
00100
01000
10003
00000
,
10020
02030
03002
10003
,
01010
00100
10001
00000
11000
00000
00011
00000
,
10101
00000
00000
00000