// measure 0
0000000000
0000000000
0000000000
0000000000
,  // measure 1
0001000000
0000010000
0001000000
0000001000
0000100000
0000001000
0000010000
0000000100
,  // measure 2
0000100000
0000000000
0000010000
0000000000
0000000000
0000110000
0000110000
0000000000
,  // measure 3
0000010000
0001000000
0000010000
0000100000
0000001000
0000100000
0000000100
0000000000
,  // measure 4
0000000000
0000110000
0000110000
0000000000
0000000000
0000110000
0000110000
0000000000
,  // measure 5
0000200000
0000300000
0000002000
0000003000
0002000000
0003000000
0000020000
0000030000
0000200000
0000300000
0000002000
0000000000
0001003000
0000000000
0000000000
0000000000
,  // measure 6
0001001000
0000000000
0001001000
0000000000
0000001000
0001000000
0000001000
0000000000
,  // measure 7
0000100000
0000010000
0010000000
0000100000
0010000000
0000000000
0010100000
0000000000
,  // measure 8
0000100000
0010000000
0000100000
0000000000
0001000000
0000001000
0001000000
0000000000
,  // measure 9
0000001000
0001000000
0000000100
0000001000
0000000100
0000000000
0000001100
0000000000
,  // measure 10
0001001000
0000000000
0000110000
0000110000
,  // measure 11
0010100000
0000000000
0000110000
0000110000
,  // measure 12
0000000100
0010000000
0000001000
0001000000
,  // measure 13
0000010000
0000000000
0000000000
0000000000
0000100000
0000000000
0000000000
0000000000
0000001000
0000000000
0000000000
0000000000
0001000000
0000000000
0000000000
0000000000
0000002000
0000003000
0002000000
0003000000
0000002000
0000003000
0002000000
0003000000
0000002000
0000003000
0002000000
0003000000
0000002000
0000003000
0002000000
0003000000
,  // measure 14
0000010000
0000000000
0000110000
0000000000
0000100000
0000001000
0000100000
0000000000
,  // measure 15
0000010000
0001000000
0000010000
0010000000
0000100000
0000000000
0010100000
0000000000
,  // measure 16
0000100000
0010000000
0000100000
0000000000
0001000000
0000001000
0001000000
0000000000
,  // measure 17
0000001000
0001000000
0000000100
0000001000
0000000100
0000000000
0000001100
0000000000
,  // measure 18
0001001000
0000000000
0000110000
0000110000
,  // measure 19
0000010100
0000000000
0000110000
0000110000
,  // measure 20
0010000000
0000100000
0010000000
0000000000
0000010000
0000100000
0000010000
0000000000
,  // measure 21
0001000000
0000001000
0001000000
0000001000
0002002000
0000000000
0003003000
0000000000
,  // measure 22
0001000000
0000010000
0001000000
0000010000
0000100000
0000001000
0000100000
0000001000
,  // measure 23
0010000000
0000010000
0010000000
0000010000
0000100000
0000000100
0000100000
0000000100
,  // measure 24
0001000000
0000010000
0001000000
0000010000
0000100000
0000001000
0000100000
0000001000
,  // measure 25
0010000000
0000100000
0001000000
0000010000
0000100000
0000001000
0000010000
0000000200
,  // measure 26
0020000000
0000000000
0000000000
0000000300
0030000000
0000000000
0000000100
0000100000
,  // measure 27
0000010000
0000000000
0000110000
0000000000
0000010000
0000100000
0000010000
0000000000
,  // measure 28
0010000000
0000100000
0010000000
0001000000
0010000000
0000000000
0011000000
0000000000
,  // measure 29
0001000000
0010000000
0000001000
0000000000
0001000000
0000000100
0000001000
0000000000
,  // measure 30
0000000100
0000010000
0000000100
0000100000
0000010000
0000000000
0000110000
0000000000
,  // measure 31
0000010000
0001000000
0000010000
0000000000
0000100000
0000000000
0000010000
0000000000
,  // measure 32
0000100000
0000001000
0000100000
0000000000
0000010000
0000000000
0000100000
0000000000
,  // measure 33
0000001000
0001000000
0000001000
0001000000
,  // measure 34
0000010000
0000100000
0000010000
0000100000
0000220000
0000000000
0000330000
0000000000
,  // measure 35
0000100000
0000000000
0000100100
0000000000
0000010000
0010000000
0000010000
0000000000
,  // measure 36
0001000000
0000001000
0000100000
0000010000
0010000000
0000000000
0010010000
0000000000
,  // measure 37
0000010000
0000100000
0000000100
0000000000
0000100000
0000010000
0010000000
0000000000
,  // measure 38
0000001000
0001000000
0000010000
0000100000
0000001000
0001000000
0000010000
0000100000
,  // measure 39
0000000100
0000000000
0000010100
0000000000
0000000100
0000100000
0000010000
0000000000
,  // measure 40
0000110000
0000000000
0010100000
0000000000
0000100000
0010000000
0000010000
0000000000
,  // measure 41
0001000000
0000001000
0001000000
0000001000
0000100000
0000010000
0000100000
0000010000
,  // measure 42
0010000000
0000000100
0001000000
0000002000
0000200000
0000000000
0000003000
0000300000
,  // measure 43
0000000100
0000000000
0000001100
0000000000
0000000100
0000100000
0000010000
0000000000
,  // measure 44
0010000000
0000010000
0000100000
0000010000
0010000000
0000000000
0010010000
0000000000
,  // measure 45
0000010000
0000100000
0000001000
0000000000
0000100000
0000010000
0001000000
0000000000
,  // measure 46
0000010000
0000100000
0000000100
0010000000
0000010000
0000100000
0000001000
0001000000
,  // measure 47
0000020000
0010030000
0020000000
0030010000
,  // measure 48
0000200000
0000300100
0000000200
0000100300
,  // measure 49
0000001000
0000001000
0001000000
0001000000
,  // measure 50
0001001000
0001001000
0000110000
0000110000
,  // measure 51
0020000200
0000000000
0000000000
0030000300
,  // measure 52
0010000000
0000100000
0010000000
0000010000
0000100000
0000010000
0001000000
0000001000
,  // measure 53
0000100000
0000001000
0001000000
0000010000
0000100000
0000000100
0000010000
0000000100
,  // measure 54
0000100000
0000001000
0001000000
0000010000
0000100000
0000010000
0010000000
0000100000
,  // measure 55
0001000000
0000001000
0001000000
0000001000
0000100000
0000010000
0000100000
0000010000
,  // measure 56
0010000000
0000001000
0001000000
0000001000
0000100000
0000010000
0000100000
0000000100
,  // measure 57
0000010000
0000000100
0000100000
0000001000
0001000000
0000010000
0000100000
0000010000
,  // measure 58
0010000000
0000000100
0010000100
0000000000
0010000000
0000000100
0010000100
0000000000
,  // measure 59
0000000100
0001000000
0000001000
0000100000
0000001000
0010000000
0000010000
0001000000
,  // measure 60
0020000200
0000000000
0000000000
0030000300
,  // measure 61
0000100000
0000000000
0000001000
0000000000
0001000000
0000000000
0000010000
0000000000
0000100000
0000001000
0001000000
0000010000
0001000000
0000000000
0000000000
0000000000
,  // measure 62
0002002000
0000000000
0003003000
0000000000