0000000000
0000000000
0000000000
0000000000
,
0000000000
0000000000
0000000000
0000000000
,
0000000100
0000100000
0000010000
0010000000
0010000000
0000100000
0000010000
0000000100
,
0000000100
0000100000
0000010000
0010000000
0010000000
0000100000
0000010000
0000000100
,
0000000100
0000001000
0000000010
0000000100
0000001000
0001000000
0010000000
0100000000
,
0010000000
0100000000
0010000000
0001000000
0000001000
0000000100
0000000010
0000000100
,
0000001000
0000001000
0000000001
0000000100
0000001000
0000001000
0000000100
0000000001
,
0000001000
0000001000
0000000001
0000000100
0000001000
0000001000
0000000100
0000000001
,
0000000100
0000001000
0000010000
0000001000
0000100000
0000001000
0000010000
0000001000
,
0000000100
0000010000
0000001000
0000010000
0001000000
0000010000
0000001000
0000010000
,
0000001000
0000100000
0000001000
0000100000
0000000001
0000000000
0000000010
0000000000
,
0000001000
0000100000
0000001000
0000100000
0000000001
0000000000
0000000010
0000000000
,
0000001000
0000100000
0000000100
0000000000
0000001000
0000000010
0000000100
0000010000
,
0010000000
0000000000
0011000000
0000000000
0001000000
0010000000
0000000100
0000000000
,
0001000000
0000010000
0001000000
0000010000
1000000000
0000000000
0100000000
0000000000
,
0001000000
0000010000
0001000000
0000010000
1000000000
0000000000
0100000000
0000000000
,
0001000000
0000010000
0010000000
0000000000
0001000000
0100000000
0010000000
0000100000
,
0000000100
0000000000
0000001100
0000000000
0000001000
0000000100
0010000000
0000000000
,
0010000100
0000000000
0010000100
0001000010
,
0010000100
1000010000
0010000000
0000000100
,
0001001000
0000000000
0000000000
0000000000
,
0100000000
0010000000
0000100000
0000010000
0000001000
0000010000
0000100000
0010000000
,
0100000000
0010000000
0000100000
0000010000
0000001000
0000010000
0000100000
0010000000
,
0100000000
0000000000
0000000000
0000000000
,
1000100000
1000000000
1000000000
1000000000
,
0010000000
0000100000
0010000000
0000100000
0010000000
0000100000
0010000000
0000100000
,
1000000000
0100000000
0010000000
0001000000
0000100000
0000010000
0001000000
0000001000
,
0000010000
0000001000
0000000100
0000000010
0000001000
0000000100
0000010100
0000000000
,
0000000100
0000100000
0000010000
0010000000
0010000000
0000100000
0000010000
0000000100
,
0000000100
0000100000
0000010000
0010000000
0010000000
0000100000
0000010000
0000000100
,
0000000100
0000001000
0000000010
0000000100
0000001000
0001000000
0010000000
0100000000
,
0010000000
0100000000
0010000000
0001000000
0000001000
0000000100
0000000010
0000000100
,
0000001000
0000001000
0000000001
0000000100
0000001000
0000001000
0000000100
0000000001
,
0000001000
0000001000
0000000001
0000000100
0000001000
0000001000
0000000100
0000000001
,
0000000100
0000001000
0000010000
0000001000
0000100000
0000001000
0000010000
0000001000
,
0000000100
0000010000
0000001000
0000010000
0001000000
0000010000
0000001000
0000010000
,
0000000100
0000001000
0000000100
0000100000
0000000100
0000001000
0000010000
0000100000
,
0001000000
0010000000
0001000000
1000000000
0010000000
0000100000
0000010000
0000000100
,
0000000010
0000000000
0000000010
0000010000
0000001000
0000100000
0000000100
0000001000
,
0000000010
0000000000
1000000000
0000000000
,
0100000000
0010000000
0100000000
0000100000
0001000000
0000010000
0010000000
0001000000
,
0100000000
0000000000
0000000001
0000000000
,
0000000100
0000001000
0000000100
0000100000
0000000100
0000001000
0000010000
0000100000
,
0001000000
0010000000
0001000000
1000000000
0010000000
0000100000
0000010000
0000000100
,
0000000010
0000000000
0000000010
0000010000
0000001000
0000100000
0000000100
0000001000
,
0000000010
0000000000
1000000000
0000000000
,
0100000000
0010000000
0100000000
0000100000
0001000000
0000010000
0010000000
0001000000
,
0100000000
0000000000
0000000000
0000000000
0000000001
0000000100
0000001000
0000000001
,
0000000010
0000000100
0000001000
0001000000
0010000000
0100000000
0001000000
1000000000
,
0100000000
0010000000
0001000000
0000100000
0000010000
0000000100
0000000001
0000001000
,
0000000001
0000000001
0000001000
0000001000
0000010000
0000100000
0001000000
0010000000
,
1000000000
1000000000
0001000000
0001000000
0000100000
0000010000
0000001000
0000000100
,
0000010010
0000000000
0000000000
0000000000
,
0000010000
0000000000
1000000000
0000000000
,
0000100000
0000000000
0000001001
0000000000
,
1000000000
0000000000
0000000000
0000000000