0000000000
0000000000
0000000000
0000000000
,
0000000000
0000000000
0000000000
0000000000
,
1000000000
0100000000
0010000000
0001000000
0100000000
0010000000
0001000000
0000100000
0010000000
0001000000
0000100000
0000010000
0000001000
0000000100
0000000010
0000000001
,
0000000001
0000000010
0000000100
0000001000
0000000010
0000000100
0000001000
0000010000
0000000100
0000001000
0000010000
0000100000
0001000000
0010000000
0100000000
1000000000
,
1000000000
0010000000
0100000000
0001000000
0010000000
0000100000
0001000000
0000010000
0000100000
0000001000
0000010000
0000000100
0000001000
0000000010
0000000100
0000000001
,
0000000001
0000000100
0000000010
0000001000
0000000100
0000010000
0000001000
0000100000
0000010000
0001000000
0000100000
0010000000
0001000000
0100000000
0010000000
1000000000
,
1000000000
0100000000
0010000000
0001000000
0000100000
0100000000
0010000000
0001000000
0100000000
0010000000
0001000000
0000100000
0000001000
0000010000
0000000100
0000000001
,
0000000001
0000000010
0000000100
0000001000
0000010000
0000000010
0000000100
0000001000
0000000010
0000000100
0000001000
0000010000
0001000000
0000100000
0010000000
1000000000
,
1000000000
0100000000
0010000000
0001000000
1000000000
0010000000
0000100000
0001000000
0010000000
0000100000
0001000000
0000010000
0000001000
0000000100
0000000010
0000000001
,
0000000001
0000000010
0000000100
0000001000
0000000001
0000000100
0000010000
0000001000
0000000100
0000010000
0000001000
0000100000
0001000000
0010000000
0100000000
1000000000
,
1000000000
0010000000
0100000000
0001000000
0010000000
0000001000
0000100000
0000000100
0000002000
0000000000
0000000100
0000000000
0000000002
0000000000
0000003003
0000000000
,
0000000001
0001000000
0000000010
0001000000
0000000100
0001000000
0000010000
0001000000
0000002000
0000000000
0010000000
0000000000
2000000000
0000000000
3000003000
0000000000
,
1000000000
0000001000
0000100000
0000100000
0000001000
0001000000
0000010000
0000010000
0002000000
0003000000
0000002000
0000003000
0020000000
0030000000
0000000200
0000000300
,
0000200000
0000000000
0000001000
0000000000
0000010000
0000000000
0000300100
0000000000
0000100000
0000010000
0001000000
0000000000
0000000100
0000000000
0000010000
0000000000
,
0000000010
0000000100
0000000001
0000010000
0000000100
0000100000
0000001000
0010000000
0000200000
0000000000
0010000000
0000000000
0200000000
0000000000
0300300000
0000000000
,
0100000000
0000010000
1000000000
0000010000
0010000000
0000010000
0001000000
0000010000
0000200000
0000000000
0000000100
0000000000
0000000020
0000000000
0000300030
0000000000
,
0000000010
0000100000
0000001000
0000001000
0000100000
0000010000
0001000000
0001000000
0000020000
0000030000
0000200000
0000300000
0000000200
0000000300
0020000000
0030000000
,
0000002000
0000000000
0000100000
0000000000
0001000000
0000000000
0010003000
0000000000
0000001000
0001000000
0000010000
0000000000
0010000000
0000000000
0001000000
0000000000
,
0100000000
0000100000
0001000000
0010000000
0000001000
0000100000
0001000000
0010000000
0001000000
0000100000
0000001000
0000010000
0001000000
0000000100
0000100000
0000001000
,
0000010000
0000000100
0000001000
0000010000
0001000000
0000001000
0000100000
0000000100
0010000000
0000010000
0001000000
0000001000
0000100000
0001000000
0010000000
0000100000
,
0001000000
0000010000
0010000000
0000001000
0000100000
0001000000
0000010000
0000001000
0000000100
0000001000
0000010000
0001000000
0000000100
0000001000
0000010000
0000000010
,
0000200000
0000000100
0000000100
0000000100
,
0000320000
0000000000
0000000000
0000000000
0010000000
0000000000
0000000000
0000000000
0010000000
0000000000
0000000000
0000000000
0010000000
0000100000
0010000000
0100000000
,
0010030000
0000000000
0000220000
0000000000
,
0000000000
0000000000
0000000000
0000000000
0000000000
0000000000
0000000000
0000000000
0000000000
0000000000
0000000000
0000000000
0000000000
0000000000
0000000000
0000300000
,
0010230000
0000320000
0000230000
0000320000
0001230000
0000320000
0000230000
0000320000
0000231000
0000320000
0000230000
0000320000
0000030100
0000000000
0000000000
0000000000
,
0000001000
0000010000
0000100000
0001000000
0000010000
0000001000
0001000000
0000100000
,
1000000000
0100000000
0010000000
0001000000
0000100000
0100000000
0010000000
0001000000
1000000000
0100000000
0010000000
0001000000
0000100000
0001000000
0010000000
0100000000
,
1000000000
0100000000
0010000000
0001000000
0000100000
0100000000
0010000000
0001000000
1000000000
0100000000
0010000000
0001000000
0000100000
0001000000
0010000000
0100000000
,
1000000000
0100000000
0010000000
0001000000
0100000000
0010000000
0001000000
0000100000
0010000000
0001000000
0000100000
0000010000
0000100000
0001000000
0000100000
0000010000
,
0010000000
0001000000
0000100000
0000010000
0001000000
0000100000
0000001000
0000010000
0001000000
0000010000
0000001000
0000000100
0000010000
0000000010
0000000100
0000000001
,
0000000001
0000000010
0000000100
0000001000
0000010000
0000000010
0000000100
0000001000
0000000001
0000000010
0000000100
0000001000
0000010000
0000001000
0000000100
0000000010
,
0000000001
0000000010
0000000100
0000001000
0000010000
0000000010
0000000100
0000001000
0000000001
0000000010
0000000100
0000001000
0000010000
0000001000
0000000100
0000000010
,
0000000001
0000000010
0000000100
0000001000
0000000010
0000000100
0000001000
0000010000
0000000100
0000001000
0000010000
0000100000
0000010000
0000001000
0000010000
0000100000
,
0000000100
0000001000
0000010000
0000100000
0000001000
0000010000
0001000000
0000100000
0000001000
0000100000
0001000000
0010000000
0000100000
0100000000
0010000000
1000000000
,
1000000000
0100000000
0010000000
0001000000
0000100000
0000001000
0001000000
0000100000
0010000000
0001000000
0000100000
0000001000
0000010000
0001000000
0000100000
0010000000
,
1000000000
0100000000
0010000000
0001000000
0000100000
0000001000
0001000000
0000010000
0010000000
0001000000
0000100000
0000010000
0000001000
0000010000
0000100000
0001000000
,
0010000000
0000000000
0000000000
0000000000
0000000000
0000000000
0000000000
0000000000
2100000000
0000000000
0000000000
3000000000
0000100000
0000000000
0000000000
0000000000
0002100000
0000000000
0000000000
0003000000
0000001000
0000000000
0000000000
0000000000
0000021000
0000000000
0000000000
0000030000
0000000001
0000000000
0000000000
0000000000
,
0000000011
0000000000
0010000000
0000000000
,
0000000100
0000000000
0000000000
0000000000
0000000000
0000000000
0000000000
0000000000
0000000012
0000000000
0000000000
0000000003
0000010000
0000000000
0000000000
0000000000
0000012000
0000000000
0000000000
0000003000
0001000000
0000000000
0000000000
0000000000
0001200000
0000000000
0000000000
0000300000
1000000000
0000000000
0000000000
0000000000
,
1100000000
0000000000
0000000100
0000000000
,
0000000001
0000000010
0000000100
0000001000
0000010000
0001000000
0000001000
0000010000
0000000100
0000001000
0000010000
0001000000
0000100000
0000001000
0000010000
0000000100
,
0000000001
0000000010
0000000100
0000001000
0000010000
0001000000
0000001000
0000100000
0000000100
0000001000
0000010000
0000100000
0001000000
0000100000
0000010000
0000001000
,
0000000100
0000000000
0000000102
0000001003
0002000001
0003000100
0010020000
0100030000
,
0100100000
0000000000
0000000100
0000000000
,
0010000000
0000000000
2010000000
3001000000
1000002000
0010003000
0000200100
0000300010
,
0000010010
0000000000
0000000000
0000000000
0000000000
0000000000
0000000000
0000000000
0010000000
1000000000
0010000000
1000000000
0010000000
0000100000
0010000000
0000100000
,
0000001000
0000000100
0000000010
0000000001
0000000010
0000000100
0000001000
0000010000
0001000000
0010000000
0100000000
1000000000
0100000000
0010000000
0001000000
0000100000
,
0000001000
0000000100
0000000010
0000000001
0000000010
0000000100
0000001000
0000010000
0001000000
0010000000
0100000000
1000000000
0100000000
0010000000
0001000000
0000100000
,
0000002000
0000000000
0000000000
0000000000
0000000000
0000000000
0000003000
0000000000
0000020000
0000000000
0000000000
0000000000
0000000000
0000000000
0000030000
0000000000
0000000010
0000100000
0000000000
0000000000
0000100000
0000000100
0000000000
0000000000
0000000100
0010000000
0000000000
0000000000
0010000000
0000100000
0000000000
0000000000
,
0002000000
0000000000
0000000000
0000000000
0000000000
0000000000
0003000000
0000000000
0000200000
0000000000
0000000000
0000000000
0000000000
0000000000
0000300000
0000000000
0100000000
0000010000
0000000000
0000000000
0000010000
0010000000
0000000000
0000000000
0010000000
0000000100
0000000000
0000000000
0000000100
0000010000
0000000000
0000000000
,
0000000001
0000000000
0000000000
0000000000
,
1000000000
0010000000
0000100000
0000000000
0000000000
0000000000
0000000000
0000000000
0000000000
0000000000
0000000000
0000000000
0000000000
0000000000
0000000000
0000000000
0000000001
0000000100
0000010000
0000000000
0000000000
0000000000
0000000000
0000000000
0000000000
0000000000
0000000000
0000000000
0000000000
0000000000
0000000000
0000000000
,
0001001000
0000110000
0001001000
0000000000
0000000000
0000000000
0000000000
0000000000
0000000000
0000000000
0000000000
0000000000
0000000000
0000000000
0000000000
0000000000
0010000000
0000100000
0000001000
0000000100
0000000000
0000000000
0000000000
0000000000
0000000000
0000000000
0000000000
0000000000
0000000000
0000000000
0000000000
0000000000
,
0110010100
0000000000
0000000000
0000000000