0000000000
0000000000
0000000000
0000000000
,
0101010101
1010101010
0101010101
0000000000
1010101010
0101010101
1010101010
0000000000
0101010101
1010101010
0101010101
0000000000
1010101010
0101010101
1010101010
0000000000
,
1111111111
1010101010
1111111111
0101010101
,
1111111111
1010101010
1111111111
0101010101
,
1000100000
1000100000
1000100000
0101000000
0010000000
0010000000
0010000000
0010000000
0000001110
0000010001
0000010001
0000010001
0000011111
0000010001
0000010001
0000010001
,
1000100000
1000100000
1000100000
1111100000
1000100000
1000100000
1000100000
1000100000
0000011110
0000010001
0000010001
0000010001
0000011110
0000010000
0000010000
0000010000
,
1111000000
1000100000
1000100000
1000100000
1111000000
1000000000
1000000000
1000000000
0000001010
0000010101
0000010101
0000010101
0000010101
0000010101
0000010101
0000010101
,
0111000000
1000100000
1000000000
1111000000
0000100000
0000100000
1000100000
0111000000
0000001110
0000010001
0000010000
0000010000
0000010111
0000010001
0000010001
0000001110
,
0111000000
1000100000
1000100000
1000100000
1000100000
1000100000
1000100000
0111000000
0000001110
0000010001
0000010001
0000010001
0000010001
0000010001
0000010001
0000001110
,
1000100000
1100100000
1100100000
1010100000
1010100000
1001100000
1001100000
1000100000
2222222222
0000000000
0000000000
0000000000
0000000000
0000000000
3333333333
0000000000
,
1010101010
0101010101
1010101010
0000000000
0101010101
0000000000
0101010101
0000000000
1010101010
0000000000
0101010101
0000000000
1111111111
0000000000
0000000000
0000000000
,
0101010101
1010101010
0101010101
0000000000
1010101010
0000000000
1010101010
0000000000
0101010101
0000000000
1010101010
0000000000
1111111111
0000000000
0000000000
0000000000
,
1010101010
0101010101
1010101010
0101010101
1010101010
0000000000
0101010101
0000000000
1010101010
0000000000
0101010101
0000000000
1111111111
0000000000
0101010101
0000000000
,
2020202020
0000000000
0000000000
0000000000
0000000000
0000000000
0000000000
3030303030
,
0101010101
1010101010
0101010101
0000000000
1010101010
0000000000
1010101010
0000000000
0101010101
0000000000
1010101010
0000000000
1111111111
0000000000
0000000000
0000000000
,
1010101010
0101010101
1010101010
0000000000
0101010101
0000000000
0101010101
0000000000
1010101010
0000000000
0101010101
0000000000
1111111111
0000000000
0000000000
0000000000
,
0101010101
1010101010
0101010101
1010101010
0101010101
0000000000
1010101010
0000000000
0101010101
0000000000
1010101010
0000000000
1111111111
0000000000
1010101010
0000000000
,
0202020202
0000000000
0000000000
0000000000
0000000000
0000000000
0000000000
0303030303
,
1111000000
1000100000
1000100000
1111000000
1000100000
1000100000
1000100000
1111000000
0000011110
0000010001
0000010001
0000010001
0000011110
0000010000
0000010000
0000010000
,
0101000000
1010100000
1010100000
1010100000
1010100000
1010100000
1010100000
1010100000
0000011111
0000000100
0000000100
0000000100
0000000100
0000010100
0000010100
0000001100
,
1000100000
1001100000
1010000000
1100000000
1100000000
1010000000
1001100000
1000100000
0000011110
0000010001
0000010001
0000010001
0000010001
0000010001
0000010001
0000011110
,
1010101010
0101010101
0000000000
0000000000
0101010101
1010101010
0000000000
0000000000
1010101010
0101010101
0000000000
0000000000
0101010101
1010101010
0000000000
0000000000
,
1010101010
0101010101
0000000000
0000000000
0101010101
1010101010
0000000000
0000000000
1010101010
0101010101
0000000000
0000000000
0101010101
1010101010
0000000000
0000000000
,
2222222222
0000000000
0000000000
0000000000
,
0000000000
0000000000
0000000000
0000000000
0000000000
0000000000
0000000000
3333333333
0000000000
0000000000
0101010101
1010101010
0000000000
0000000000
0101010101
1010101010
,
0000000000
0000000000
0101010101
1010101010
0000000000
0000000000
0101010101
1010101010
0101010101
0000000000
1010101010
0000000000
0101010101
0000000000
1010101010
0101010101
,
1010101010
0101010101
1010101010
0101010101
1010101010
0101010101
1010101010
0101010101
1111100000
1000000000
1000000000
1111100000
1000000000
1000000000
1000000000
1111100000
,
0000010001
0000010001
0000010001
0000011111
0000010001
0000010001
0000010001
0000010001
1000100000
1100100000
1100100000
1010100000
1010100000
1001100000
1001100000
1000100000
,
0000011111
0000010000
0000010000
0000011111
0000010000
0000010000
0000010000
0000011111
0111000000
1000100000
1000100000
1000100000
1111100000
1000100000
1000100000
1000100000
,
0000010001
0000010001
0000010001
0000011111
0000010001
0000010001
0000010001
0000010001
0111000000
1000100000
1000000000
1000000000
1011100000
1000100000
1000100000
0111000000
,
0000001110
0000010001
0000010001
0000010001
0000010001
0000010001
0000010001
0000001110
0111000000
1000100000
1000100000
1000100000
1000100000
1000100000
1000100000
0111000000
,
0000010001
0000010011
0000010100
0000011000
0000011000
0000010100
0000010011
0000010001
0111000000
1000100000
1000100000
1000100000
1111100000
1000100000
1000100000
1000100000
,
0000010001
0000011001
0000011001
0000010101
0000010101
0000010011
0000010011
0000010001
0111000000
1000100000
1000000000
1000000000
1011100000
1000100000
1000100000
0111000000
,
0000001111
0000010001
0000000010
0000000110
0000001100
0000011000
0000010001
0000011111
1010100000
1010100000
1010100000
1010100000
1010100000
1010100000
1010100000
0101000000
,
0000001110
0000000100
0000000100
0000000100
0000000100
0000000100
0000000100
0000001110
1000100000
1100100000
1100100000
1010100000
1010100000
1001100000
1001100000
1000100000
,
0000001110
0000010001
0000010000
0000010000
0000010111
0000010001
0000010001
0000001110
0111000000
1000100000
1000000000
1000000000
1000000000
1000000000
1000100000
0111000000
,
0000010001
0000010001
0000010001
0000011111
0000010001
0000010001
0000010001
0000010001
1111111111
0000000000
0000000000
0000000000
1111111111
0000000000
1111111111
0000000000
,
1010101010
0101010101
1010101010
0101010101
1010101010
0000000000
1111111111
0000000000
,
1111111111
0000000000
0000000000
0000000000
0101010101
1010101010
0101010101
1010101010
0101010101
0000000000
0000000000
0000000000
1111111111
0000000000
1111111111
0000000000
,
0101010101
1010101010
0101010101
1010101010
0101010101
0000000000
1111111111
0000000000
,
1111111111
0000000000
0000000000
0000000000
1010101010
0101010101
1010101010
0101010101
1111000000
1000100000
1000100000
1111000000
1100000000
1010000000
1001000000
1000100000
,
0000010001
0000010001
0000010001
0000010001
0000010001
0000010001
0000010001
0000001110
1000100000
1100100000
1100100000
1010100000
1010100000
1001100000
1001100000
1000100000
,
0000011111
0000010000
0000010000
0000011111
0000010000
0000010000
0000010000
0000011111
1111111111
0000000000
0000000000
0000000000
1111111111
0000000000
1111111111
0000000000
,
1111111111
1010101010
0101010101
1010101010
0101010101
1010101010
0101010101
0000000000
,
1111111111
0000000000
0000000000
0000000000
0101010101
1010101010
0101010101
1010101010
1111111111
0000000000
0000000000
0000000000
1111111111
0000000000
1111111111
0000000000
,
1111111111
0101010101
1010101010
0101010101
1010101010
0101010101
1010101010
0000000000
,
1111000000
1000100000
1000100000
1000100000
1000100000
1000100000
1000100000
1111000000
0000011111
0000010000
0000010000
0000011111
0000010000
0000010000
0000010000
0000011111
,
0111000000
1000100000
1000100000
1000100000
1111100000
1000100000
1000100000
1000100000
0000011111
0000000100
0000000100
0000000100
0000000100
0000000100
0000000100
0000000100
,
1000100000
1000100000
1000100000
1111100000
1000100000
1000100000
1000100000
1000100000
0101011111
0101010101
0000000000
0000000000
1010101010
0000000000
0000000000
0000000000
,
0101010101
0101010101
1010101010
1010101010
0101010101
0101010101
1010101010
1010101010
0101010101
0101010101
0000000000
0000000000
1010101010
0000000000
0000000000
0000000000
,
0101010101
0101010101
1010101010
1010101010
0101010101
0101010101
1010101010
0000000000
1111111111
0000000000
0000000000
0000000000
0000000000
0000000000
0000000000
0000000000
,
0000000000
0000000000
1111111111
0000000000
,
1111111111
0000000000
1111111111
0000000000
,
0101010101
1010101010
0101010101
1010101010
0101010101
0000000000
0000000000
0000000000
0000000000
0000000000
0000000000
0000000000
0000000000
0000000000
0000000000
0000000000
1111111111
0000000000
2000220002
0000000000
0200030003
0000000000
0300001010
0000000000
0020000200
0000000000
0030000300
0000000000
0002001010
0000000000
0003020002
0000000000
,
3000330003
0000000000
0000000000
0000000000