00000
00000
00000
00000
,
00000
00000
00000
00000
,
20000
30000
00002
00003
00200
00300
00020
00030
,
02000
03000
00020
00030
00200
00300
00002
00003
,
10000
00100
01000
00100
10000
00010
00100
00001
,
00010
00000
00100
00000
01000
00000
00010
00000
10000
00100
10000
00100
10000
00001
00100
00000
,
00001
00100
00010
00100
00001
01000
00100
10000
,
01000
00000
00100
00000
00010
00000
01000
00000
00001
00100
00001
00100
00001
10000
00100
00000
,
01000
00100
10000
00100
01000
00001
00100
00010
,
00001
00000
00100
00000
10000
00000
00001
00000
01000
00100
01000
00100
01000
00010
00100
00000
,
00010
00100
00001
00100
00010
10000
00100
01000
,
10000
00000
00100
00000
00001
00000
10000
00000
00010
00100
00010
00100
00010
01000
00100
00000
,
10000
00002
00003
00100
00001
20000
30000
00001
,
00100
00000
00010
01000
00000
01110
00000
00000
,
10001
10001
00000
01010
01010
00000
01010
00000
,
20002
00000
00000
00000
00000
00000
30003
00100
,
00001
20000
30000
00100
10000
00002
00003
10000
,
00100
00000
01000
00010
00000
01110
00000
00000
,
10001
10001
00000
01010
01010
00000
01010
00000
,
20002
00000
00000
30003
,
10100
11000
01100
01010
,
00110
00011
00101
01100
,
10000
00001
00100
00010
01000
00010
00100
00001
10000
00100
01000
00001
00100
00010
10000
01000
,
00100
00001
00010
00100
01000
00001
00100
00010
10000
00100
01000
00100
10000
00001
00100
00001
,
00101
00011
00110
01010
,
01100
11000
10100
00110
,
00001
10000
00100
01000
00010
01000
00100
10000
00001
00100
00010
10000
00100
01000
00001
00010
,
00100
10000
01000
00100
00010
10000
00100
01000
00001
00100
00010
00100
00001
10000
00100
10000
,
00001
00100
00001
00100
00001
00100
00001
00100
00001
00100
00001
00100
00001
00100
00001
00100
,
00001
00100
00001
00100
00001
00100
00002
00000
00000
00000
01103
00000
01000
00000
01000
00100
,
01000
00100
01000
00100
01000
00100
01000
00100
01000
00100
01000
00100
01000
00100
01000
00100
,
01000
00100
01000
00100
01000
00200
00000
00000
00000
00000
10300
00000
00000
00000
00000
00000
,
10000
00100
10000
00100
10000
00100
10000
00100
10000
00100
10000
00100
10000
00100
10000
00100
,
10000
00100
10000
00100
10000
00100
20000
00000
00000
00000
30110
00000
00100
00000
00010
00100
,
00010
00100
00010
00100
00010
00100
00010
00100
00010
00100
00010
00100
00010
00100
00010
00100
,
00110
00000
00000
00000
00000
00000
00000
00000
00000
00000
00000
00110
00000
00000
00000
00000
00000
00000
00000
00000
00000
00000
00110
00000
00000
00000
00000
00000
00000
00000
00000
00000
01010
00000
00000
00000
00000
00000
00000
00000
00000
00000
00000
00000
01010
00000
00000
00000
00000
00000
00000
00000
00000
00000
00000
01010
00000
00000
00000
00000
00000
00000
00000
00000
,
00000
00010
00100
00001
00100
00010
10000
00100
,
01000
00000
10000
00000
00100
00000
00001
00000
10000
00000
00010
00100
00010
00100
00010
01000
,
00100
01000
00100
10000
00100
01000
00001
00100
,
00010
00000
00001
00000
00100
00000
10000
00000
00001
00000
01000
00100
01000
00100
01000
00010
,
00100
00001
00100
00010
00100
00001
01000
00100
,
10000
00000
01000
00000
00100
00000
00010
00000
01000
00000
00001
00100
00001
00100
00001
10000
,
00100
10000
00100
01000
00100
10000
00010
00100
,
00001
00000
00010
00000
00100
00000
01000
00000
00010
00000
10000
00100
10000
00100
10000
00001
,
00100
00020
00030
00100
00010
02000
03000
00010
,
00100
00000
00001
10000
00000
10101
00000
00000
,
01010
01010
00000
10001
10001
00000
10001
00000
,
02020
00000
00000
00000
00000
00000
03030
00100
,
00010
02000
03000
00100
01000
00020
00030
01000
,
00100
00000
10000
00001
00000
10101
00000
00000
,
01010
01010
00000
10001
10001
00000
10001
00000
,
02020
00000
00000
03030
,
00110
00011
00101
10001
,
10100
11000
01100
00101
,
00010
01000
00100
10000
00001
10000
00100
01000
00010
00100
00001
01000
00100
10000
00010
00001
,
00100
01000
10000
00100
00001
01000
00100
10000
00010
00100
00001
00100
00010
01000
00100
01000
,
01100
11000
10100
10001
,
00101
00011
00110
10100
,
01000
00010
00100
00001
10000
00001
00100
00010
01000
00100
10000
00010
00100
00001
01000
10000
,
00100
00010
00001
00100
10000
00010
00100
00001
01000
00100
10000
00100
01000
00010
00100
00010
,
01000
00100
01000
00100
01000
00100
01000
00100
01000
00100
01000
00100
01000
00100
01000
00100
,
01000
00100
01000
00100
01000
00100
02000
00000
00000
00000
03101
00000
00001
00000
00001
00100
,
00001
00100
00001
00100
00001
00100
00001
00100
00001
00100
00001
00100
00001
00100
00001
00100
,
00001
00100
00001
00100
00001
00200
00000
00000
00000
00000
00310
00000
00000
00000
00000
00000
,
00010
00100
00010
00100
00010
00100
00010
00100
00010
00100
00010
00100
00010
00100
00010
00100
,
00010
00100
00010
00100
00010
00100
00020
00000
00000
00000
10130
00000
00100
00000
10000
00100
,
10000
00100
10000
00100
10000
00100
10000
00100
10000
00100
10000
00100
10000
00100
10000
00100
,
10100
00000
00000
00000
00000
00000
01010
00000
00000
00000
00000
00000
00101
00000
00000
00000
00000
01110
00000
00000
00000
00000
00000
00000
00000
00000
00000
00000
00000
00000
00000
00000