00000
00000
00000
00000
,
00000
00000
00000
00000
,
00020
00000
00000
00030
02000
00000
00000
03000
,
00002
00000
00000
00003
20000
00000
00000
30000
,
00010
00100
00010
10000
00100
10000
00010
00100
,
00001
00000
01000
00000
00010
00000
10000
00000
00001
00100
00001
00100
00001
00100
00001
00000
,
00000
01000
00100
10000
00100
01000
00001
00100
,
00010
00000
00100
00000
00001
00000
01000
00000
00010
00100
00010
00100
00010
00100
00010
00000
,
00000
10000
00010
00100
00001
00010
00001
01000
,
00100
00000
10000
00000
00010
00000
10000
00000
00001
00100
00010
00100
00001
00100
00010
00000
,
00000
01000
00010
00001
00100
10000
00010
01000
,
00100
00000
10000
00000
01000
00000
00100
00000
00010
10000
00100
10000
00010
10000
00100
01000
,
00001
00100
00010
01000
00100
10000
00010
00100
00010
01000
00100
10000
00010
00100
00001
01000
,
00100
10000
00010
01000
00001
00100
00001
00000
00000
00000
01000
00000
01000
00000
01000
00000
,
01000
00100
01000
00010
10000
00100
01000
00001
00100
00001
01000
00010
00100
00001
01000
00010
,
10000
00100
01000
00010
01000
00001
00100
00000
00000
00000
00001
00000
00000
00000
00000
00000
,
00001
10000
01000
10000
00100
01000
00010
00100
00001
00010
00001
01000
00100
10000
00010
01000
,
00100
10000
01000
10000
00010
01000
00100
00000
00000
00000
10000
00000
01000
00000
10000
00000
,
00100
01000
00010
00100
00001
00010
00100
01000
00100
10000
00010
00100
00010
01000
00100
10000
,
00010
00000
00000
00100
00000
01000
00000
00000
10000
00000
00000
00001
00000
00000
01000
00000
,
00110
10000
00110
10000
00110
10000
00110
10000
,
00101
10000
00101
10000
00101
10000
00101
10000
,
01100
10000
01100
10000
01100
10000
01100
10000
,
00110
10000
00110
10000
00110
10000
00110
10000
,
00101
01000
00101
01000
00101
01000
00101
01000
,
00101
10000
00101
10000
00101
10000
00101
10000
,
00101
00010
00101
00010
00101
00010
00101
00010
,
00101
00000
01000
00000
00101
00000
10000
00000
00101
00000
01000
00000
00101
00010
00001
10000
,
01000
00100
00010
01000
00100
00010
00001
10000
01000
00100
00010
01000
00100
00010
00001
10000
,
01000
00100
00010
01000
00100
00010
00001
00000
00000
00000
01100
00000
01100
00000
01100
00000
,
00001
00010
00100
01000
00010
00100
01000
10000
00001
00010
00100
01000
00010
00100
01000
10000
,
00001
00010
00100
01000
00010
00100
01000
00000
00000
00000
11000
00000
00000
00000
00000
00000
,
10000
00100
01000
00010
00100
00010
01000
00100
10000
00001
00100
00010
01000
00010
00100
00001
,
10000
00100
01000
00010
00100
00010
10000
00100
10000
00001
00100
00001
01000
00100
01000
00010
,
10000
01000
00100
00010
00001
00100
10000
01000
00100
00010
00001
00100
10000
01000
00100
00010
,
00001
00000
00000
00100
00000
10000
00000
00000
01000
00000
00000
00100
00000
00000
00010
00000
,
01000
00100
00010
00001
10000
01000
00100
00010
,
01000
00000
10000
00000
00010
00000
00001
00000
10000
00001
01000
00010
10000
00001
01000
00000
,
00000
10000
01000
00001
00010
00100
01000
00010
,
10000
00000
00100
00000
00001
00000
00010
00000
10000
01000
00100
01000
10000
00100
01000
00000
,
00000
00001
00010
00100
01000
10000
00010
00100
,
01000
00000
10000
00000
00100
00000
00001
00000
00100
10000
01000
00100
00010
00001
00100
00000
,
00000
00010
00001
00100
10000
01000
00100
00001
,
00010
00000
00100
00000
10000
00000
00010
00000
00001
00100
10000
01000
00100
00010
00001
00100
,
10000
00010
01000
00100
10000
01000
10000
00100
01000
00010
00100
00001
00010
00100
01000
00010
,
00100
00001
00010
00001
01000
00100
00010
00000
00000
00000
00001
00000
00001
00000
00001
00000
,
00001
00010
00100
01000
00100
10000
01000
10000
00100
01000
00010
00100
01000
10000
00010
01000
,
00100
10000
00010
00100
00001
01000
00100
00000
00000
00000
10000
00000
00000
00000
01000
00000
,
00100
00010
01000
00100
10000
00010
01000
00100
00010
00001
00100
00010
01000
00100
10000
01000
,
10000
00100
01000
00010
00100
01000
10000
00000
00000
00000
10000
00000
10000
00000
10000
00000
,
10000
01000
00100
01000
10000
00010
00100
00001
00010
00001
00100
00010
00001
00010
00100
01000
,
10000
00000
00000
01000
00000
00100
00000
00000
00010
00000
00000
00100
00000
00000
00001
00000
,
10001
00101
00011
00110
,
01100
11000
10100
00101
,
10001
10100
11000
01100
,
00110
00011
00101
10100
,
11000
01100
00110
01010
,
01100
00110
00011
00101
,
10100
10001
00101
10100
,
11000
01100
00110
00101
,
00001
00010
00001
00010
00001
00100
00001
00100
00001
10000
00001
10000
00100
10000
00100
10000
,
01000
10000
01000
10000
00100
10000
00100
10000
00001
10000
00001
10000
00001
00010
00001
00010
,
00001
01000
00100
01000
00010
00100
00010
10000
00100
10000
00001
00100
00001
01000
00100
10000
,
00010
00100
00001
01000
00100
01000
00010
00100
00010
10000
00100
01000
00010
00100
00001
01000
,
00100
10000
01000
00100
00010
00000
00000
00000
00001
00010
00100
01000
10000
00000
00000
00000
,
10000
01000
00100
00010
00100
00001
10000
00000
00000
00000
00010
00100
00010
00100
00010
00100
,
00010
10000
00100
10000
00010
00100
00001
01000
00010
10000
00100
01000
00001
00100
00010
01000
,
00100
00000
00000
10000
00000
00000
01000
00000
00100
00000
00000
00000
00000
00000
00000
00000