00000
00000
00000
00000
,
00000
00000
00000
00000
,
02000
00100
03100
00000
00020
00100
00130
00000
,
20000
00100
30100
00000
00002
00000
20000
30003
,
10000
00100
10000
00100
01000
00001
00100
00001
,
10000
00000
00010
00000
00100
00000
00010
00000
01000
00100
01000
00010
00100
01000
10000
00010
,
01000
00100
01000
00100
10000
00010
01000
00001
,
00100
00000
00010
00000
10000
00000
00001
00000
00010
00100
01000
00010
00100
00010
10000
00001
,
01000
00010
01000
00010
10000
00100
10000
00100
,
01000
00000
00010
00000
00100
00000
00001
00000
10000
01000
00100
00010
01000
00100
01000
00001
,
10000
00010
10000
00010
01000
00001
01000
00001
,
00101
01000
01100
00010
20020
00000
30030
10000
,
00001
01000
00001
00100
00001
00100
00001
00100
00001
01000
00001
00100
00001
00100
00001
00100
,
00001
01000
00001
00100
00001
00100
01101
00000
00000
00000
10010
00000
10010
00000
01001
00000
,
10000
00010
10000
00100
10000
00100
10000
00100
10000
00010
10000
00100
10000
00100
10000
00100
,
10000
00010
10000
00100
10000
00100
10110
00000
00000
00000
01001
00000
01001
00000
10010
00000
,
01000
00001
01000
00100
01000
00100
01000
00100
01000
00001
01000
00100
01000
00100
01000
00100
,
01000
00001
01000
00100
01000
00100
01101
00000
00000
00000
10010
00000
10010
00000
01001
00000
,
10000
00010
00100
00010
01000
00001
10000
00010
,
10010
00000
01001
00000
00110
00000
10001
00000
01100
00000
10010
00000
,
01000
00000
00100
00000
01000
00000
00100
00000
20000
30000
02000
03000
00200
00300
00020
00030
,
10000
00000
00100
00000
10000
00000
00100
00000
02000
03000
00200
00300
00020
00030
00002
00003
,
10000
00010
00100
00010
01000
00001
00010
00100
01000
00010
10000
00001
01000
00001
00100
00010
,
10000
01000
00100
00010
02000
00000
00000
00000
03100
00000
00000
00000
01001
00000
00000
00000
,
00001
00100
00001
01000
00010
10000
00100
10000
00010
01000
00001
00010
00100
01000
00010
00100
,
00010
10000
00100
10000
00010
01000
00001
10000
01000
00100
00010
01000
00100
10000
00010
01000
,
00001
00010
00100
01000
00010
00100
01000
10000
00010
00100
00010
01000
00001
10000
00010
00100
,
00020
00000
20000
30030
,
10000
00100
10000
00100
10000
00100
10000
00100
10000
00100
10000
00100
10000
00100
10000
00100
,
10000
00100
10000
00100
10000
00100
10110
00000
00000
00000
00020
00000
02030
00000
03000
00000
,
00001
00100
00001
00100
00001
00100
00001
00100
00001
00100
00001
00100
00001
00100
00001
00100
,
00001
00100
00001
00100
00001
00100
01101
00000
00000
00000
00020
00000
20030
00000
30000
00000
,
01000
00100
00010
10000
00001
00010
00100
01000
00010
10000
00100
00001
,
00010
01000
00001
00100
10000
01000
00010
00001
00100
10000
00010
00100
,
00001
00100
01000
00000
00001
00100
01000
00000
00001
00100
01000
00000
00001
00100
01000
00000
00001
00100
01000
00000
00001
00100
01000
00000
00001
00100
01000
00000
00001
00100
01000
00000
,
00010
00000
10000
00000
00001
00000
01000
00000
00100
00000
10000
00000
,
00010
00100
00010
00100
00001
01000
00100
01000
,
00010
00000
10000
00000
00100
00000
10000
00000
00001
00100
00001
10000
00100
00001
00010
10000
,
00001
00100
00001
00100
00010
10000
00001
01000
,
00100
00000
10000
00000
00010
00000
01000
00000
10000
00100
00001
10000
00100
10000
00010
01000
,
00001
10000
00001
10000
00010
00100
00010
00100
,
00001
00000
10000
00000
00100
00000
01000
00000
00010
00001
00100
10000
00001
00100
00001
01000
,
00010
10000
00010
10000
00001
01000
00001
01000
,
01100
00001
00101
10000
20020
00000
30030
00010
,
00100
00001
00100
00001
00100
00001
00100
00001
01100
00001
00100
00001
00100
00001
00100
00001
,
01100
00001
00100
00001
00100
00001
01101
00000
00000
00000
10010
00000
01001
00000
00100
00000
,
10000
01000
00100
00010
01000
00100
01000
00001
,
20000
00000
00020
30030
,
00100
01000
00100
01000
00100
01000
00100
01000
00101
01000
00100
01000
00100
01000
00100
01000
,
00101
01000
00100
01000
00100
01000
01101
00000
00000
00000
10010
00000
01001
00000
10000
00000
,
00010
00001
00100
10000
00001
00100
00001
01000
,
00020
00000
20000
30030
,
10000
00000
00100
00000
10000
00000
00100
00000
10000
01000
10000
01000
10000
01000
10000
01000
,
10000
00000
00100
00000
10000
00000
00100
00000
10000
00010
10000
00010
10000
00010
10000
00010
,
10000
00000
00001
00000
10000
00000
00001
00000
00100
00001
00100
00001
00100
00001
00100
00001
,
00010
00000
00001
00000
00010
00000
00001
00000
00100
00001
00100
00001
00100
00001
00100
00001
,
10000
10100
11000
01100
,
01010
00110
00011
00101
,
10001
01010
10010
01001
,
20102
00000
00200
30303
,
10000
00100
10000
00100
01000
00010
01000
00010
00100
00001
00100
00001
00100
00001
00100
00001
,
10000
00010
10000
00010
10000
00010
10110
00000
00000
00000
01010
00000
10001
00000
00000
00000
,
01000
00100
00010
00001
10000
01000
00100
00010
,
01000
00100
01000
01101
00000
10010
01001
00000
,
10000
00010
00100
00010
01000
00000
00000
00000
00001
00100
00001
01000
00010
00000
00000
00000
,
10000
01000
00100
00010
01000
00000
00000
00000
00001
00010
00100
01000
00010
00100
00010
10000
,
00002
00000
20000
30003
,
01001
00000
00000
10010
00000
00000
01110
00000
10101
00000
00000
00000
00000
00000
00000
00000