0000000000
0000000000
0000000000
0000000000
,
0000000000
0000000000
0000000000
0000000000
,
0000000200
0000000000
0000000000
0000000000
,
0000000000
0000000000
0000000000
0000000300
,
0000000100
0000000000
0000100000
0000010000
,
0010000000
0000001000
0002000000
0003000000
,
0000000000
0000001000
0001000000
0000010000
,
0000100000
0000000000
0000000100
0000000000
0020000000
0000000000
0000000000
0030000000
,
0000000000
0010000000
0000001000
0000100000
,
0000001000
0000000000
0000100000
0000000000
0000020000
0000000000
0000000000
0000030000
,
0000000000
0001000000
0000010000
0010000000
,
0000000100
0000100000
0000001000
0000000000
,
0000101000
0000000000
0000000100
0000000000
,
0001010000
0000000000
0000000000
0010000000
0000000000
0000000100
0010000000
0000000000
,
0001001000
0000000000
0000000100
0000000000
,
0000002200
0000000000
0000003300
0000000000
,
0001010000
0000000000
0000000100
0000000000
,
0000101000
0000000000
0000000000
0000000000
0000000000
0000001000
0001000000
0000000000
,
0000110000
0000000000
0001001000
0000000000
,
0020000200
0000000000
0000000000
0000000000
0000000000
0000000000
0000000000
0030000300
,
0000000000
0000001000
0000000000
0000000100
0000000000
0000010000
0000000000
0000110000
,
0000000000
0001000000
0000000000
0010000000
0000000000
0000100000
0000000000
0000110000
,
0000000000
0001000000
0000000000
0000001000
0000000000
0001000000
0000000000
0001001000
,
0000000000
0000000100
0000000000
0010000000
0000000000
0000000100
0010000000
0000000100
,
0010000000
0000010000
0000000000
0000100000
0000000000
0000010000
0000000000
0000110000
,
0000000000
0000100000
0000000000
0000010000
0000000000
0000100000
0000000000
0000110000
,
0000000000
0000100000
0000000000
0000001000
0000000000
0000100000
0000000000
0000101000
,
0000000000
0000001000
0000000000
0001000000
0000000000
0000010000
0000000000
0002000000
,
0000000000
0000000000
0000000000
0000000000
,
0000000000
0000000000
0000000000
0000000000
0003000000
0001000000
0001000000
0000000000
,
0000002000
0000000000
0000000000
0000000000
,
0000000000
0000000000
0000000000
0000003000
0000000000
0000001000
0000001000
0000000000
,
0010000100
0000000000
0000000000
0000000000
,
0000000000
0000000000
0000000000
0001001000
0000000000
0001000000
0000001000
0000000000
,
0000110000
0000000000
0000000000
0000000000
,
0000000100
0000000000
0000000000
0000000000
,
0000000000
0000000100
0000000000
0000100000
0000000000
0000001000
0000000000
0000100000
,
0000000000
0000010000
0000000000
0001000000
0000000000
0000010000
0000000000
0000000000
,
0000000000
0000010000
0000000000
0001000000
0000000000
0000001000
0000000000
0000100000
,
0000000000
0000000100
0000000000
0000000000
0020000000
0000000000
0000000000
0030000000
,
0000000000
0010000000
0000001000
0000100000
,
0000010000
0000000000
0001000000
0000000000
0000000200
0000000000
0000000000
0000000300
,
0000000000
0000100000
0000000100
0000010000
,
0000000100
0001000000
0000010000
0000000000
,
0000101000
0000000000
0001010000
0000000000
,
0010000100
0000000000
0000000000
0001000000
0000000000
0000001000
0001000000
0000000000
,
0000110000
0000000000
0010000100
0000000000
,
0002002000
0000000000
0003003000
0000000000
,
0001001000
0000000000
0010000100
0000000000
,
0000110000
0000000000
0000000000
0000000000
0000000000
0001000000
0000001000
0000000000
,
0010000100
0000000000
0000110000
0000000000
,
0002002000
0000000000
0000000000
0000000000
0000000000
0000000000
0000000000
0003003000
,
0000000000
0000001000
0000000000
0001000000
0000000000
0000001000
0000000000
0001001000
,
0000000000
0000010000
0000000000
0000100000
0000000000
0000010000
0000000000
0000110000
,
0000000000
0001000000
0000000000
0000001000
0000000000
0001000000
0000000000
0001001000
,
0000000000
0000010000
0000000000
0000100000
0000000000
0000010000
0000100000
0000010000
,
0000100000
0000001000
0000000000
0001000000
0000000000
0000001000
0000000000
0001001000
,
0000000000
0000100000
0000000000
0000010000
0000000000
0000100000
0000000000
0000110000
,
0000000000
0000000100
0000000000
0010000000
0000000000
0000000100
0000000000
0010000100
,
0000000000
0000100000
0000000000
0000001000
0000000000
0000100000
0000000000
0000002000
,
0000000000
0000000000
0000000000
0000000000
,
0000000000
0000000000
0000000000
0000003000
0000000000
0000001000
0000001000
0000000000
,
0002000000
0000000000
0000000000
0000000000
,
0000000000
0000000000
0000000000
0003000000
0000000000
0001000000
0001000000
0000000000
,
0000010000
0000000000
0000100000
0000000000
,
0000001000
0000000000
0000000000
0000000000
,
0002002000
0000000000
0000000000
0000000000
0000000000
0003003000
0000000000
0000000000
,
0000000100
0000000000
0000101000
0000000000