// measure 0
0000000000
0000000000
0000000000
0000000000
,  // measure 1
0000000000
0000000000
0000000000
0000000000
,  // measure 2
0000000000
0000000000
0000000000
0000000000
,  // measure 3
0000000000
0000000000
0000000000
0000000000
,  // measure 4
1000000000
0010000000
0000100000
0000010000
0000001000
0000010000
0000100000
0000010000
,  // measure 5
0000000100
0000000001
0000000100
0000001000
0000100000
0000010000
0000000100
0000010100
,  // measure 6
0000000000
0000010000
0000100000
0010000000
0000100000
0001000000
0010000000
0000100000
,  // measure 7
0000001000
0000000000
0000100000
0000000000
0001000000
0000000000
0000001000
0000000000
0000000100
0000000000
0001000000
0000000000
0000100000
0000000000
0000010000
0000000100
,  // measure 8
0000000001
0000000100
0000010000
0000100000
0001000000
0000100000
0000010000
0000100000
,  // measure 9
0010000000
1000000000
0010000000
0001000000
0000010000
0000100000
0010000000
0010100000
,  // measure 10
0000000000
0000100000
0000010000
0000000100
0000010000
0000001000
0000000100
0000010000
,  // measure 11
0001000000
0000000000
0000010000
0000000000
0000001000
0000000000
0001000000
0000000000
0010000000
1000000000
0000100000
0010000000
0000010000
0000100000
0000001000
0000010000
,  // measure 12
0000000001
0000000100
0000000001
0000000100
0000000001
0000000100
0000000001
0000000100
0000001000
0000000100
0000001000
0000000100
0000001000
0000000100
0000001000
0000000100
,  // measure 13
0000001000
0000100000
0000001000
0000100000
0000001000
0000100000
0000111000
0000000000
0000000000
0000000000
0000101000
0000000000
0001010000
0000000000
0010100000
0000000000
,  // measure 14
1000000000
0010000000
1000000000
0010000000
1000000000
0010000000
1000000000
0010000000
0001000000
0010000000
0001000000
0010000000
0001000000
0010000000
0001000000
0010000000
,  // measure 15
0001000000
0000010000
0001000000
0000010000
0001000000
0000010000
0001110000
0000000000
0000000000
0000000000
0010000100
0000000000
0000000000
0000000000
0000000000
0000000000
,  // measure 16
0000000010
0000000100
0000000010
0000000100
0000000010
0000000100
0000000010
0000000100
0000100000
0000000100
0000100000
0000000100
0000100000
0000000100
0000100000
0000000100
,  // measure 17
0000100000
0001000000
0000100000
0001000000
0000100000
0001000000
0001101000
0000000000
0000000000
0000000000
0001010000
0000000000
0000101000
0000000000
0011000000
0000000000
,  // measure 18
0100000000
0010000000
0100000000
0010000000
0100000000
0010000000
0100000000
0010000000
0000010000
0010000000
0000010000
0010000000
0000010000
0010000000
0000010000
0000000000
,  // measure 19
0000011000
0000000000
0001010000
0000000000
0011000000
0000000000
0001110000
0000000000
0000110100
0000000000
0000110010
0000000000
,  // measure 20
0000000001
0000000000
0000000100
0000000000
0000001000
0000100000
0000010000
0000000000
0010000000
0000000000
0000010000
0000000000
0000001000
0000000010
0000100000
0000000000
,  // measure 21
0000010000
0000000000
0010000000
0000000000
0100000000
1000000000
0010000000
0000000000
0000100000
0000000000
0000001000
0000000000
0001000000
0000100000
0010000000
0000000000
,  // measure 22
0000001000
0000000000
0000100000
0000000000
0000010000
0000000100
0000000001
0000000000
0000001000
0000000000
0000000100
0000000000
0000010000
0000000010
0000000100
0000000000
,  // measure 23
0000001000
0000000000
0000100000
0000000000
0001000000
0000010000
0000000100
0000000000
0000100000
0000000000
0000010000
0000000000
0000001000
0000000100
0000100000
0000000000
,  // measure 24
0000000010
0000001000
0000000100
0000100000
0001000000
0000010000
0000001000
0001000000
0010000000
0001000000
0000010000
0010000000
,  // measure 25
0001000000
0000100000
0000010000
0000000100
0000100000
0001000000
0000001000
0010000000
0001000000
0100000000
0010000000
1000000000
,  // measure 26
0100000000
0000100000
0001000000
0010000000
0000010000
0000001000
0000100000
0001000000
0000001000
0000010000
0000000100
0000000001
,  // measure 27
0000000010
0000000100
0000000010
0000000100
0000000010
0000000100
0000000010
0000000100
0000000001
0000000010
0000000100
0000001000
0000010000
0001000000
0000100000
0010000000
,  // measure 28
1000000000
0100000000
0010000000
0001000000
0000100000
0001000000
0010000000
0100000000
1000000000
0100000000
0010000000
0001000000
0000010000
0000001000
0000000100
0000000010
,  // measure 29
0000000001
0000000010
0000000100
0000001000
0000010000
0000001000
0000000100
0000000010
0000000001
0000000000
0000000011
0000000000
0000001100
0000000000
0000110000
0000000000
,  // measure 30
0001000000
0010000000
0001000000
0010000000
0000100000
0001000000
0000100000
0001000000
0000010000
0000100000
0000010000
0000100000
0000001000
0000010000
0000001000
0000010000
,  // measure 31
0000000200
0000000000
0000001000
0000000001
0000000000
0001010000
0000000300
0000000000
,  // measure 32
0000001000
0000010000
0000100000
0001000000
0000100000
0000010000
0000001000
0000010000
0000100000
0010000000
0000100000
0000010000
0000000100
0000010000
0000100000
0001000000
,  // measure 33
0010000000
0100000000
1000000000
0010000000
0000100000
0000010000
0000000100
0000000001
0000000010
0000000100
0000001000
0000000010
0000000100
0000001000
0000100000
0000010000
,  // measure 34
0001000000
0000000001
0001000000
0000000010
0001000000
0000000100
0001000000
0000001000
0001000000
0000010000
0001000000
0000100000
0001000000
0010000000
0001000000
0000000000
,  // measure 35
0011000000
0000000000
0001010000
0000000000
0000101000
0000000000
0010010100
0000000000
0101001000
0000000000
1000110000
0000000000
,  // measure 36
1000000000
0010000000
0001000000
0000001000
0000000100
0000000001
0000000100
0000010000
,  // measure 37
0000100000
0010000000
0000100000
0000010000
0000000100
0000000010
0000001000
0000101000
,  // measure 38
0000000000
0000100000
0000001000
0000000010
0000000100
0000001000
0000100000
0010000000
,  // measure 39
0100000000
0000000000
0001000000
0000000000
0000100000
0000000000
0000010000
0000000000
0000001000
0000000000
0000100000
0000000000
0001000000
0000000000
0000001000
0000010000
,  // measure 40
0000000001
0000000100
0000001000
0001000000
0010000000
1000000000
0010000000
0000100000
,  // measure 41
0000010000
0000000100
0000010000
0000100000
0010000000
0100000000
0001000000
0001010000
,  // measure 42
0000000000
0000010000
0001000000
0100000000
0010000000
0001000000
0000010000
0000000100
,  // measure 43
0000000010
0000000000
0000001000
0000000000
0000010000
0000000000
0000100000
0000000000
0001000000
0000010000
0000000100
0000001000
0000100000
0010000000
0001000000
0000010000
,  // measure 44
0000000100
0000100000
0000000100
0000100000
0000000100
0000100000
0000000100
0000100000
0000000100
0000000010
0000000100
0000000010
0000000100
0000000010
0000000100
0000000010
,  // measure 45
0000000100
0010000000
0000000100
0010000000
0000000100
0010000000
0010101000
0000000000
0000000000
0000000000
0001010000
0000000000
0010000100
0000000000
0000101000
0000000000
,  // measure 46
0010000000
0000010000
0010000000
0000010000
0010000000
0000010000
0010000000
0000010000
0010000000
0100000000
0010000000
0100000000
0010000000
0100000000
0010000000
0100000000
,  // measure 47
0010000000
0000000100
0010000000
0000000100
0010000000
0000000100
0001010100
0000000000
0000000000
0000000000
0010000100
0000000000
0000000000
0000000000
0000000000
0000000000
,  // measure 48
0100000000
0000001000
0100000000
0000001000
0100000000
0000001000
0100000000
0000001000
0100000000
0000000010
0100000000
0000000010
0100000000
0000000010
0100000000
0000000010
,  // measure 49
0010000000
0000000010
0010000000
0000000010
0010000000
0000000010
0000100110
0000000000
0000000000
0000000000
0000101000
0000000000
0010000100
0000000000
0001010000
0000000000
,  // measure 50
0000000010
0001000000
0000000010
0001000000
0000000010
0001000000
0000000010
0001000000
0000000010
0100000000
0000000010
0100000000
0000000010
0100000000
0000000010
0000000000
,  // measure 51
0100000010
0000000000
0010000100
0000000000
0001001000
0000000000
0100110000
0000000000
0000110100
0000000000
0001001010
0000000000
,  // measure 52
0000000002
0000000000
0000000000
0000000000
0000000003
0000000000
0000000010
0000000100
0000001000
0000000010
0000000100
0000001000
0000100000
0000010000
0001000000
0000100000
,  // measure 53
0010000000
0001000000
0100000000
0010000000
1000000000
0000100000
1000000000
0010000000
0100000000
0001000000
0010000000
0000100000
0001000000
0000001000
0000100000
0000010000
,  // measure 54
0000001000
0000000100
0000010000
0000000010
0000001000
0000000001
0000000100
0000000010
0000010000
0000000100
0000001000
0000000001
0000000100
0000000010
0000001000
0000000100
,  // measure 55
0000010000
0001000000
0000100000
0000010000
0000001000
0000100000
0001000000
0000001000
0000010000
0001000000
0000100000
0000010000
0000001000
0000100000
0001000000
0000010000
,  // measure 56
0010000000
0000100000
0010000000
0001000000
0010000000
0100000000
1000000000
0010000000
0000100000
0000001000
0001000000
0000010000
0010000000
0000100000
0001000000
0000001000
,  // measure 57
0000010000
0000000100
0000000001
0000000010
0000001000
0000010000
0000100000
0000000100
0000010000
0000000001
0000001000
0000000010
0000000100
0000001000
0000010000
0000000100
,  // measure 58
0000000010
0000000001
0000000010
0000000001
0000000010
0000000001
0000000010
0000000001
0000000010
0000000000
0000000000
0000000000
0000000000
0000000000
0000000000
0000000000
,  // measure 59
0002222000
0000000000
0000000000
0000000000
0003333000
0000000000
0000000000
0000000000
0001000000
0000010000
0001000000
0000010000
0000001000
0000100000
0000001000
0000100000
,  // measure 60
0010000000
0100000000
0010000000
0100000000
0010000000
0100000000
0010000000
0100000000
0010000000
0100000000
0010000000
0100000000
0010000000
0100000000
0010000000
0100000000
,  // measure 61
0010000000
0000100000
0001000000
0000001000
0000100000
0000010000
0110100000
0000000000
0000000000
0000000000
0010010000
0000000000
0000110000
0000000000
0000100100
0000000000
,  // measure 62
0000000100
0000000010
0000000100
0000000010
0000000100
0000000010
0000000100
0000000010
0000000100
0000000010
0000000100
0000000010
0000000100
0000000010
0000000100
0000000010
,  // measure 63
0000000100
0000010000
0000001000
0001000000
0000010000
0000100000
0000010110
0000000000
0000000000
0000000000
0010000100
0000000000
0000000000
0000000000
0000000000
0000000000
,  // measure 64
1000000000
0010000000
0000100000
0000010000
0000000100
0000000000
0000000000
0000000000
0000000010
0000000100
0000001000
0001000000
0010000000
0000000000
0000000000
0000000000
,  // measure 65
1000000000
0010000000
0000100000
0000010000
0000001000
0000000000
0000011100
0000000000
0000000000
0000000000
0000011000
0000000000
0000110000
0000000000
0001100000
0000000000
,  // measure 66
0001000000
0010000000
0001000000
0010000000
0000100000
0001000000
0000100000
0001000000
0000010000
0000100000
0000001000
0000010000
0000000100
0000001000
0000000010
0000000000
,  // measure 67
0000110110
0000000000
0010110100
0000000000
0110110000
0000000000
1110000000
0000000000
0000000000
0000000000
0000000000
0000000000