0000000000
0000000000
0000000000
0000000000
,
0000000000
0000000000
0000000000
0000000000
,
0001000010
0000100001
1000010000
0100001000
,
0001000010
0100001000
1000010000
0000100001
,
0000000000
0001000010
0010000100
0100001000
0010000100
0000100001
0010000100
1000010000
,
0000100001
0010000100
0000100001
0010000100
0100001000
0010000100
0100001000
0000000000
,
0000000000
0100000010
0010000100
0001001000
0010000100
1000000001
0010000100
0000110000
,
1000000001
0010000100
1000000001
0010000100
0001001000
0010000100
0001001000
0000000000
,
0000000000
0100000010
0010000100
0000110000
0010000100
0100000010
0010000100
0000110000
,
1000000001
0010000100
0001001000
0010000100
1000000001
0010000100
0001001000
0000000000
,
0000000000
0100001000
0010000100
0000100001
0010000100
0100001000
0010000100
0000100001
,
1000010000
0010000100
0001000010
0010000100
1000010000
0010000100
0001000010
0000000000
,
0001000010
0010000100
0000100001
0000000000
0100001000
0010000100
1000010000
0000000000
,
0001000010
0100001000
0010000100
0100001000
0001000010
0010000100
0100001000
0000000000
,
0001001000
0010000100
0000000000
0100000010
0010000100
0000000000
0000100001
0010000100
,
1000010000
0001000010
0100001000
0000100001
1000010000
0010000100
0000100001
0000000000
,
0100001000
0010000100
1000010000
0000000000
0001000010
0010000100
0000100001
0000000000
,
0100001000
0001000010
0010000100
0001000010
0100001000
0010000100
0001000010
0000000000
,
0001001000
0010000100
0000000000
0100000010
0010000100
0000000000
1000010000
0010000100
,
0000100001
0100001000
0001000010
1000010000
0000100001
0010000100
1000010000
0000000000
,
1000000000
0000100000
1000000000
0000100000
1000000000
0010000000
1000000000
0010000000
,
1000000000
0100000000
1000000000
0100000000
1000000000
0010000000
1000000000
0010000000
,
0000010000
0000000001
0000010000
0000000001
0000000100
0000000001
0000000100
0000000001
,
0000000010
0000000001
0000000010
0000000001
0000000100
0000000001
0000000100
0000000000
,
0100000000
0001000000
0100000000
0001000000
0100000000
0010000000
0100000000
0010000000
,
0100000000
1000000000
0100000000
1000000000
0100000000
0010000000
0100000000
0010000000
,
0000001000
0000000010
0000001000
0000000010
0000000100
0000000010
0000000100
0000000010
,
0000000001
0000000010
0000000001
0000000010
0000000100
0000000010
0000000100
0000000000
,
0001000010
1000010000
0001000010
1000010000
0010000100
0100001000
0000100001
0100001000
,
0000100001
1000010000
0000100001
0100001000
0001000010
0010000100
0100001000
0010000100
,
0001000010
0010000100
0100001000
0010000100
0000100001
0010000100
1000010000
0010000100
,
0000100001
0100001000
0100001000
0001000010
0001000010
0010000100
1000010000
1000010000
,
0000100001
0000100001
0100001000
0010000100
1000010000
0010000100
0001000010
0010000100
,
0000100001
0010000100
1000010000
0100001000
0010000100
0001000010
0000100001
0001000010
,
0010000100
0100001000
1000010000
0100001000
0010000100
0001000010
0000100001
0001000010
,
0010000100
0100001000
1000010000
0100001000
0010000100
0001000010
0000100001
0000000000
,
0000000000
0001000010
0100001000
0001000010
0100001000
0010000100
0000100001
1000010000
,
0000100001
1000010000
0010000100
0100001000
1000010000
0000100001
0001000010
0000000000
,
0000000000
0100001000
0001000010
0100001000
0001000010
0010000100
1000010000
0000100001
,
1000010000
0000100001
0010000100
0001000010
0000100001
1000010000
0100001000
0000000000
,
0000000000
0010000100
0001000010
1000010000
0000100001
0010000100
0100001000
0000100001
,
1000010000
0001000010
0100001000
0000100001
0010000100
1000010000
0010000100
0000000000
,
0000000000
0010000100
0100001000
0000100001
1000010000
0010000100
0001000010
1000010000
,
0000100001
0100001000
0001000010
1000010000
0010000100
0000100001
0010000100
0000000000
,
0001000010
1000010000
0010000100
0000000000
0100001000
0000100001
0010000100
0000000000
,
0100001000
0000100001
0010000100
0000100001
0100001000
0010000100
0100001000
0000000000
,
0001000001
0100010000
0000000000
0000100010
1000001000
0000000000
0010000100
0010000100
,
0001000010
0100001000
0000100001
1000010000
0000100001
0000100001
0000100001
0000000000
,
0100001000
0000100001
0010000100
0000000000
0001000010
1000010000
0010000100
0000000000
,
0001000010
1000010000
0010000100
1000010000
0001000010
0010000100
0001000010
0000000000
,
1000001000
0000100010
0000000000
0100010000
0001000001
0000000000
0010000100
0010000100
,
0100001000
0001000010
1000010000
0000100001
1000010000
1000010000
1000010000
0000000000
,
1000110001
0010100101
0001100011
0011000110
,
0000001010
0000001100
0000011000
0000010100
,
0000000110
0000010100
0000000110
0000010100
,
0110000000
0010100000
0110000000
0010100000
,
1000100000
1010000000
1100000000
0110000000
,
0101001010
0011000110
0001100011
0010100101
,
0110001100
0010100101
0110001100
0010100101
,
0011000110
1010010100
0011000110
1010010100
,
0000100001
1000010000
0000100001
1000010000
0000100001
0010000100
0000100001
0010000100
,
0000100001
0001000010
0000100001
0001000010
0000100001
0010000100
0000100001
0010000100
,
0000100001
1000010000
0000100001
1000010000
0010000100
1000010000
0010000100
1000010000
,
0100001000
1000010000
0100001000
1000010000
0010000100
1000010000
0010000100
1000010000
,
0000100001
0010000100
1000010000
0010000100
0000100001
0010000100
1000010000
0010000100
,
0001000010
0010000100
0100001000
0010000100
0001000010
0010000100
0100001000
0010000100
,
0001000010
0100001000
0000000000
0000000000
,
0001000010
0000000000
0010000100
0000000000
0100001000
0010000100
0000000000
0000000000