0000000000
0000000000
0000000000
0000000000
,
0000000000
0000000000
0000000000
0000000000
,
0000000000
0000000000
0000000000
0000000000
,
0000000000
0000000000
0000000000
0000000000
,
0100000000
0010000000
0100000000
0010000000
1000000000
0000100000
1000000000
0000100000
,
0010000000
0000000000
0001000000
0000000000
0010000000
0000000000
0001000000
0000000000
0100000000
0010000000
0100000000
0010000000
1000000000
0000000000
0000000000
0000000000
,
1000000000
0010000000
1000000000
0010000000
0100000000
0001000000
0100000000
0001000000
,
0010000000
0000000000
0000100000
0000000000
0010000000
0000000000
0000100000
0000000000
0100000000
0010000000
0100000000
0010000000
1000000000
0000000000
0000000000
0000000000
,
1000000000
0010000000
1000000000
0000100000
0010000000
0000010000
0000100000
0000000100
,
0000010000
0000000000
0000000001
0000000000
0000000100
0000000000
0000000010
0000000000
0000001000
0000000100
0000001000
0000000100
0000010000
0000000000
0000000000
0000000000
,
0000000010
0000000100
0000000010
0000000100
0000000001
0000010000
0000000001
0000010000
,
0000000100
0000001000
0000000010
0000000100
0000002020
0000000000
0000003030
0000000000
,
0000001000
0000000100
0000001000
0000010000
0000100000
0001000000
0010000000
0000100000
,
0001000000
0000010000
0000100000
0000000100
0000000000
0000000100
0000010000
0000000001
,
0000000100
0000000010
0000001000
0000000100
0000001000
0000000001
0000000010
0000000100
,
0000000010
0000000001
0000000100
0000000010
0000000000
0000000010
0000001000
0000000100
,
0000010000
0000000100
0000001000
0000010000
0000100000
0001000000
0010000000
0000100000
,
0001000000
0000001000
0000010000
0000000100
0000000000
0000000100
0000001000
0000000010
,
0000000100
0000000001
0000000010
0000000100
0000000010
0000000001
0000000100
0000000010
,
0000000001
0000000000
0000000000
0000000100
0000000000
0000000000
0000010000
0000000000
0000000001
0000000000
0000000000
0000000010
0000000000
0000000000
0000000100
0000000000
,
0000001000
0000000001
0000001000
0000000001
0000000100
0000000010
0000010000
0000000100
,
0000001000
0000000001
0000001000
0000000001
0000000100
0000000010
0000010000
0000000100
,
0000001000
0000000100
0001000000
0000001000
0001000000
0000001000
0010000000
0001000000
,
0100000000
0010000000
1000000000
0000000000
1000000000
0000100000
0010000000
0000100000
,
1000000000
0001000000
1000000000
0001000000
0010000000
0000100000
0010000000
0000100000
,
0100000000
0001000000
0100000000
0001000000
1000000000
0010000000
1000000000
0010000000
,
0100000000
0000100000
0010000000
0000010000
0000100000
0000000100
0000010000
0000000001
,
0000000200
0000000300
0000001010
0000000000
,
0000000001
0000000010
0000000100
0000001000
0000010000
0000000010
0000000100
0000001000
,
0000000001
0000000010
0000000100
0000001000
0000000000
0000001000
0000000001
0000000001
,
0000010000
0000001000
0000000100
0000000010
0000000001
0000001000
0000000100
0000000010
,
0000010000
0000001000
0000000100
0000000010
0000000000
0000000010
0000010000
0000010000
,
0000000010
0000000100
0000000010
0000001000
0000000100
0001000000
0000001000
0010000000
,
0001000000
0100000000
0010000000
1000000000
0000100000
0010000000
0000010000
0000100000
,
0000000100
0000010000
0000000001
0000000100
0000000010
0000001000
0000000100
0001000000
,
0000001000
0000000000
0000000000
0010000000
0000000000
0000000000
0001000000
0000000000
0100000000
0000000000
0000000000
0010000000
0000000000
0000000000
1000000000
0000000000
,
0000100000
0100000000
0000100000
0100000000
0001000000
1000000000
0001000000
1000000000
,
0000100000
0001000000
0010000000
0100000000
0001000000
0010000000
0001000000
0000000000
,
0001000000
1000000000
0001000000
1000000000
0000100000
0100000000
0000100000
0100000000
,
0010000000
1000000000
0100000000
0010000000
0001000000
0100000000
0000100000
0000000000
,
0000100000
1000000000
0000100000
1000000000
0001000000
0100000000
0001000000
0100000000
,
0000100000
0010000000
1000000000
0100000000
0010000000
0001000000
0000100000
0000000000
,
0000100000
1000000000
0000100000
1000000000
0000010000
0010000000
0000010000
0010000000
,
0000000100
0000100000
0000000001
0000010000
0000000200
0000000000
0000000300
0000000000
,
0000001000
0000000100
0000000010
0000000100
0000001000
0000000100
0000000010
0000000100
,
0000001000
0000000001
0000010000
0000000100
0000000000
0000000100
0000100000
0000010000
,
0010000000
0000100000
0010000000
1000000000
0010000000
0000100000
0010000000
1000000000
,
0010000000
0000100000
0010000000
0001000000
0000000000
0001000000
1000000000
0010000000
,
0100000000
0010000000
0001000000
0010000000
0100000000
0010000000
0001000000
0010000000
,
0100000000
0001000000
0010000000
0000001000
0000000000
0000001000
0001000000
0000000100
,
0000001000
0000000100
0000000010
0000000100
0000001000
0000000100
0000000010
0000000100
,
0000002002
0000000000
0000000000
0000000003
0000000200
0000000000
0000003300
0000000000
,
0000000100
0000001000
0000000100
0000001000
0000000010
0000000100
0000000010
0000000100
,
0000000001
0000010000
0000000100
0000001000
0000000010
0000000100
0000000001
0000000010
,
0000000100
0000010000
0000001000
0000100000
0000010000
0001000000
0000001000
0000010000
,
0000000100
0000001000
0000000002
0000000000
0000000003
0000000000
0000002000
0000003000
,
0000000100
0000010000
0000001000
0000100000
0000010000
0000001000
0000000100
0000010000
,
0000001000
0000000001
0000000010
0000000100
0000000001
0000000010
0000000100
0000001000
,
0000000010
0000010000
0000001000
0000000100
0000000010
0000000001
0000001000
0000000100
,
0000000020
0000000000
0000010000
0000010030
,
0000000001
0000000100
0000000010
0000000000
0000000110
0000000000
0000000100
0000000010
,
0000001000
0000000100
0000010000
0000000001
0000000000
0000000001
0000001000
0000000100
,
0001000000
0000001000
0010000000
0000000000
0011000000
0000000000
0010000000
0001000000
,
0100000000
0010000000
0100000000
0000100000
1000000000
0010000000
1000000000
0000000000
,
1000000000
0001000000
0010000000
0000000000
0010000000
0000100000
0100000000
0000000000
,
0100000000
1000000000
0010000000
0000000000
0010000000
0001000000
0000100000
0010000000
,
2000000000
0000000000
3002000000
0003000000
,
0000100000
0000000000
0000000000
0001000000
0000000000
0000000000
0010000000
0000000000
0000000000
0100000000
0000000000
0000000000
0000000000
0000000000
0000000000
0000000000
&

0000000000
0000000000
0000000000
0000000000
,
0000000000
0000000000
0000000000
0000000000
,
0000000000
0000000000
0000000000
0000000000
,
0000000000
0000000000
0000000000
0000000000
,
0000000001
0000000100
0000000001
0000000100
0000000010
0000001000
0000000010
0000001000
,
0000000100
0000000000
0000010000
0000000000
0000000100
0000000000
0000010000
0000000000
0000000001
0000000100
0000000001
0000000100
0000000010
0000000000
0000000000
0000000000
,
0000000010
0000000100
0000000010
0000000100
0000000001
0000010000
0000000001
0000010000
,
0000000100
0000000000
0000001000
0000000000
0000000100
0000000000
0000001000
0000000000
0000000001
0000000100
0000000001
0000000100
0000000010
0000000000
0000000000
0000000000
,
0000000010
0000000100
0000000010
0000001000
0000000100
0001000000
0000001000
0010000000
,
0001000000
0000000000
0100000000
0000000000
0010000000
0000000000
1000000000
0000000000
0000100000
0010000000
0000100000
0010000000
0001000000
0000000000
0000000000
0000000000
,
1000000000
0010000000
1000000000
0010000000
0100000000
0001000000
0100000000
0001000000
,
0010000000
0000100000
1000000000
0010000000
2000200000
0000000000
3000300000
0000000000
,
0000100000
0001000000
0010000000
0100000000
0010000000
1000000000
0100000000
1000000000
,
0010000000
0100000000
1000000000
0010000000
0000000000
0010000000
0000100000
1000000000
,
0100000000
0010000000
0001000000
0000100000
0000010000
0001000000
0000001000
0001000000
,
0000010000
0000100000
0001000000
0010000000
0000000000
0010000000
0001000000
0100000000
,
0000100000
0001000000
0010000000
1000000000
0010000000
0100000000
1000000000
0100000000
,
0010000000
1000000000
0100000000
0010000000
0000000000
0010000000
0001000000
0100000000
,
0000100000
0001000000
0000010000
0000100000
0000001000
0001000000
0000100000
0010000000
,
0001000000
0000000000
0000000000
0010000000
0000000000
0000000000
0100000000
0000000000
1000000000
0000000000
0000000000
0001000000
0000000000
0000000000
0010000000
0000000000
,
0000100000
0100000000
0000100000
0100000000
0010000000
1000000000
0001000000
0010000000
,
0000100000
0100000000
0000100000
0100000000
0010000000
1000000000
0001000000
0010000000
,
0000100000
0010000000
0000010000
0000100000
0000010000
0000100000
0000000100
0000010000
,
0000000001
0000000100
0000000010
0000000000
0000000010
0000001000
0000000100
0000001000
,
0000000010
0000010000
0000000010
0000010000
0000000100
0000001000
0000000100
0000001000
,
0000000001
0000010000
0000000001
0000010000
0000000010
0000000100
0000000010
0000000100
,
0000000001
0000001000
0000000100
0001000000
0000001000
0010000000
0001000000
0100000000
,
0020000000
0030000000
1000100000
0000000000
,
1000000000
0100000000
0010000000
0001000000
0000100000
0100000000
0010000000
0001000000
,
1000000000
0100000000
0010000000
0001000000
0000000000
0001000000
0100000000
0100000000
,
0000100000
0001000000
0010000000
0100000000
1000000000
0001000000
0010000000
0100000000
,
0000100000
0001000000
0010000000
0100000000
0000000000
0100000000
0001000000
0001000000
,
1000000000
0010000000
1000000000
0000100000
0010000000
0000010000
0000100000
0000000100
,
0000010000
0000000001
0000000100
0000000010
0000001000
0000000100
0001000000
0000001000
,
0010000000
0001000000
0100000000
0010000000
1000000000
0000100000
0010000000
0000010000
,
0000100000
0000000000
0000000000
0000000100
0000000000
0000000000
0000010000
0000000000
0000000001
0000000000
0000000000
0000000100
0000000000
0000000000
0000000010
0000000000
,
0000001000
0000000001
0000001000
0000000001
0000010000
0000000010
0000010000
0000000010
,
0000001000
0000010000
0000000100
0000000001
0000010000
0000000100
0000010000
0000000000
,
0000010000
0000000010
0000010000
0000000010
0000001000
0000000001
0000001000
0000000001
,
0000000100
0000000010
0000000001
0000000100
0000010000
0000000001
0000001000
0000000000
,
0000001000
0000000010
0000001000
0000000010
0000010000
0000000001
0000010000
0000000001
,
0000001000
0000000100
0000000010
0000000001
0000000100
0000010000
0000001000
0000000000
,
0000001000
0000000010
0000001000
0000000010
0001000000
0000000100
0001000000
0000000100
,
0010000000
0000001000
0100000000
0001000000
0020000000
0000000000
0030000000
0000000000
,
0000100000
0010000000
1000000000
0010000000
0000100000
0010000000
1000000000
0010000000
,
0000100000
0100000000
0001000000
0010000000
0000000000
0010000000
0000001000
0001000000
,
0000000100
0000001000
0000000100
0000000010
0000000100
0000001000
0000000100
0000000010
,
0000000100
0000001000
0000000100
0000010000
0000000000
0000010000
0000000010
0000000100
,
0000000001
0000000100
0000010000
0000000100
0000000001
0000000100
0000010000
0000000100
,
0000000001
0000010000
0000000100
0000100000
0000000000
0000100000
0000010000
0010000000
,
0000100000
0010000000
1000000000
0010000000
0000100000
0010000000
1000000000
0010000000
,
0200200000
0000000000
0000000000
0300000000
0020000000
0000000000
0030300000
0000000000
,
0200000000
0000000000
0000000000
0300000000
0001000000
0010000000
0000100000
0001000000
,
0010000000
0100000000
0001000000
0010000000
0000100000
0001000000
0000010000
0000100000
,
0001000000
0010000000
0001000000
0100000000
0010000000
1000000000
0100000000
1000000000
,
0010000000
0100000000
1000000000
0100000000
1000000000
0100000000
0010000000
1000000000
,
0100000000
0010000000
0001000000
0100000000
0010000000
1000000000
0000100000
0001000000
,
0010000000
0100000000
0000100000
0010000000
0000010000
0000100000
0001000000
0010000000
,
0000100000
0100000000
0010000000
0100000000
0001000000
1000000000
0100000000
0010000000
,
0000200000
0000000000
0100000000
0100300000
,
0100000000
0010000000
1000000000
0000000000
1010000000
0000000000
0010000000
1000000000
,
0000100000
0010000000
0001000000
0100000000
0000000000
0100000000
0000100000
0010000000
,
0000010000
0000100000
0000000100
0000000000
0000010100
0000000000
0000000100
0000010000
,
0000000001
0000000100
0000000001
0000001000
0000000010
0000000100
0000000010
0000000000
,
0000000010
0000010000
0000000100
0000000000
0000000100
0000001000
0000000001
0000000000
,
0000000001
0000000010
0000000100
0000000000
0000000100
0000010000
0000001000
0000000100
,
0000000020
0000000000
0000020030
0000030000
,
0000000100
0000000000
0000000000
0000001000
0000000000
0000000000
0000010000
0000000000
0000000000
0000100000
0000000000
0000000000
0000000000
0000000000
0000000000
0000000000