00000
00000
00000
00000
,
00000
00000
00000
00000
,
00000
00000
00000
00000
,
00000
00000
00000
00000
,
00000
00000
00000
00000
,
00000
00000
00000
00000
,
10000
00000
00000
00000
,
00001
00000
00000
00000
,
10000
00000
00000
00000
,
00001
00000
00000
00000
,
10000
00000
10000
00000
,
00001
00000
00001
00000
,
10000
00000
10000
00000
,
00001
00000
00001
00000
,
00100
00000
00000
00000
,
10001
00000
00001
00000
,
10000
00000
00000
00000
,
10001
00000
10000
00000
,
00001
00000
00000
00000
,
10001
00000
00000
00000
,
00001
10000
00001
00000
,
10001
00000
00001
00000
,
10000
00000
00100
00000
,
00200
00000
00000
00000
,
00000
00000
00000
00000
,
00000
00000
00000
00000
,
00300
00000
00000
00000
,
10000
00000
10000
00000
,
00001
00000
00001
00000
,
20000
00000
00000
30000
,
00002
00000
00000
00003
,
10000
00000
00001
00000
,
10000
00000
00000
00000
,
00001
00000
10000
00000
,
00001
00000
10001
00000
,
10000
00000
10000
00000
,
00001
00000
00001
00000
,
10000
00000
10000
00000
,
10001
00000
00000
00000
,
10001
00000
00001
00000
,
10000
00000
00000
00000
,
10001
00000
10000
00000
,
00001
00000
10000
00000
,
10001
00000
00100
00000
,
10000
00001
10000
00000
,
10001
00000
00001
00000
,
10000
00000
00100
00000
,
00200
00000
00000
00000
,
00000
00000
00000
00000
,
00000
00000
00000
00000
,
00300
00000
00000
00000
,
10001
00000
00000
00000