00000
00000
00000
00000
,
00000
00000
00000
00000
,
00000
00000
00000
00000
,
00000
00000
00000
00000
,
00010
01000
10000
00001
,
10000
01000
00010
00100
,
10010
01001
10000
01001
,
00010
00100
00001
00100
00010
00100
01000
00100
,
00010
00100
00001
00100
00010
00100
01000
00000
,
10010
00000
00001
00000
01000
00100
10000
00100
,
01000
00100
00010
00100
01000
00100
10000
00100
,
01000
00100
00010
00000
01001
00000
10000
00000
,
10000
01000
00010
00001
,
10000
01000
00010
00100
,
10001
00000
00100
00000
00100
00000
01000
00010
,
10000
00000
10001
00000
00010
10000
00010
10000
,
00001
01000
00001
01000
00100
00000
01000
00010
,
10000
00000
10001
00000
01000
00100
00010
00100
,
01000
00100
00010
00100
10000
00100
00001
00100
,
10000
00100
00001
00000
10001
00000
01000
00000
,
11000
00000
00011
00000
00010
00100
01000
00010
,
10000
10001
10001
00001
,
00010
10001
01100
00101
,
00001
00100
00010
00100
01000
00100
10000
00100
,
00001
00100
00010
00100
01000
00100
10000
00100
,
00010
00100
00001
00100
00010
00100
00001
00100
,
01000
00001
01000
00001
01000
00000
10010
00000
,
01001
00000
00001
00010
,
01000
10000
10001
00010
,
00010
00100
00010
00100
01000
00100
01000
00100
,
10000
00100
10000
00100
00001
00100
00001
00000
,
01000
00100
00001
10000
,
00010
00100
01000
00001
,
01001
00010
10000
10010
,
00100
00000
01000
00001
10000
00000
10001
00000
,
00010
00000
01000
00000
00010
10000
00001
00000
,
01000
00001
00010
10000
,
00001
10000
00100
00000
10000
00000
01000
00000
,
00010
00000
00001
00000
00100
00000
01000
00010
,
10000
00000
10001
00000
00010
10000
00010
10000
,
00001
01000
00001
01000
00100
00000
01000
00010
,
10000
00000
10001
00000
01000
00100
00010
00100
,
01000
00100
00010
00100
10000
00100
00001
00100
,
10000
00100
00001
00000
00010
00000
10000
00000
,
00100
00000
01000
00000
10001
00000
01000
00010
,
10000
10001
10010
01001
,
00010
01000
10000
00001
,
00001
00100
00010
00100
01000
00100
10000
00100
,
00001
00100
00010
00100
00010
00100
00001
00100
,
10000
00100
01000
00100
00010
00100
00001
00100
,
00010
00100
00001
00100
00010
00100
00000
00000
,
11011
00000
00000
00000