00000
00000
00000
00000
00000
01000
00010
10000
,
00000
00000
00000
00000
00000
00010
01000
00001
,
00000
00000
00000
00000
00000
10000
00010
01000
,
00000
00000
00000
00000
00000
00001
01001
00110
,
10000
01000
00100
00010
01000
00100
10000
00010
01000
00100
01000
10000
01000
00100
01000
00001
,
00010
00100
01000
00010
00100
00001
01000
00010
00100
00010
00001
00010
00100
00010
01000
00100
,
10000
00000
00000
10000
00010
00000
01000
00000
10000
00100
00001
00100
00010
01000
00100
10000
,
00001
00000
00000
00001
01000
00000
00010
00000
00001
00100
10000
00100
01000
00010
00100
00001
,
10000
00000
10000
00000
00010
00000
01000
00000
00100
10000
00001
10000
00001
10000
00001
00100
,
00010
00100
01000
10000
00100
00000
00002
00003
00020
00030
02000
03000
00200
00300
00000
00000
,
10101
00000
10000
00010
10000
00000
00001
00000
00010
00100
01000
00100
10000
00001
00100
00010
,
01000
00000
00010
01000
00001
00000
10000
00000
01000
00100
00010
00100
00001
10000
00100
01000
,
00010
00000
00010
00000
10000
00000
00001
00000
00100
00010
01000
00010
01000
00010
01000
00100
,
10000
00100
00001
00010
00100
00000
02000
03000
20000
30000
00002
00003
00200
00300
00020
02000
,
00200
00000
00000
00000
00000
00000
00000
00000
00000
00030
00000
00000
03000
00000
00000
00300
00000
00000
10001
00000
00000
10000
00010
01000
,
00100
10000
00100
00001
00010
00100
00010
01000
00100
01000
10000
00100
10000
00100
00001
00100
,
00010
00000
00000
00100
00000
00000
01000
00000
00000
10000
00000
00000
00100
00000
00000
00001
00000
00000
00010
00000
00000
01000
00000
00000
00100
00000
00000
10000
00000
00000
00001
00000
00000
00100
00000
00000
00010
00000
00000
01000
00000
00000
00001
00000
01000
00000
00010
00000
,
00100
00001
00100
10000
01000
00100
01000
00010
00100
00010
00001
00100
00001
00100
10000
00100
,
01000
00100
00010
00001
00100
10000
01000
00010
00100
00001
10000
00100
02000
03000
00020
00030
,
00100
00000
00001
00000
00100
00000
00001
00000
00100
00000
00001
00000
01000
00000
00000
00010
00000
00000
00100
00000
00000
00010
00000
00000
00001
00000
00000
00100
00000
00000
00001
00000
00000
00100
00000
00000
10000
00000
00000
00100
00000
00000
10000
00000
00000
01000
00000
00000
,
00100
00000
00000
01000
00000
00000
00100
00000
00000
00010
00000
00000
02000
00000
00000
03000
00000
00000
00200
00000
00000
00300
00000
00000
00020
00000
00000
00030
00000
00000
00002
00000
00000
00003
00000
00000
10000
00000
00000
01000
00000
00000
00100
00000
00010
00000
01000
00000
,
00100
00010
00001
00100
00001
00100
10000
00100
10000
01000
00100
01000
00010
00100
00010
00100
,
00001
00100
10000
01000
00100
00010
00001
00100
10000
01000
00100
00010
00001
01000
00010
00100
,
00001
00100
00010
01000
00010
01000
00100
10000
00100
10000
00100
01000
00100
01000
00010
00100
00010
00100
00001
10000
00001
10000
00100
01000
,
00100
01000
10000
00100
10000
01000
00010
01000
00010
00100
00010
00100
00001
00000
00000
00000
00000
00000
10101
00000
00000
00000
00000
00000
,
10000
00010
01100
00000
00001
01000
00110
00000
10110
00000
00010
01000
00101
00000
01101
00000
,
10101
10110
01110
00111
10001
10000
11000
11100
,
01000
00100
00010
01000
00100
00010
00001
00100
00001
01000
00100
00010
00100
01000
00001
10000
,
00001
10000
00100
10000
00001
00100
10000
01000
00100
01000
00001
00100
10000
00100
00001
01000
,
00020
01000
00100
01000
00100
00001
00100
00001
00100
10000
00100
10000
00100
01000
00100
02030
,
00001
00100
00001
00100
10000
00100
10000
00100
00001
00100
00001
00100
00010
03100
00010
00100
,
01000
00000
10000
00000
11100
00000
10000
01000
00100
00000
00000
00000
10110
00000
01000
00000
,
00001
00010
00100
00000
01000
00000
00010
00000
01010
00000
00000
00000
01101
00000
00010
00000
,
10000
01000
00100
00000
10110
00000
01000
00001
00010
00000
00000
00000
00111
00000
01000
00000
,
00010
00100
01000
00000
10000
00000
00001
00000
01000
00000
00000
00000
11100
00000
10000
00000
,
01000
00100
00010
00001
00100
10000
01000
00010
00100
00000
00001
00000
10101
00000
01010
00000
,
00010
00100
01000
10000
00100
00001
00010
01000
00100
00000
10000
00000
01110
00000
10001
00000
,
00010
00100
01000
00001
00010
01000
10000
00100
10000
01000
00010
00100
10000
01000
00010
00001
,
00100
00000
00000
00000
00000
00000
01000
00000
00000
10000
00000
00000
00100
00000
00000
00001
00000
00000
10000
00000
00000
00000
00000
00000
00010
00000
00000
00000
00000
00000
00000
00000
00000
00000
00000
00000
10010
00000
00000
00000
00000
00000
10000
00000
00010
00000
01000
00000
,
00100
10000
00100
00001
00010
00100
00010
01000
00100
01000
10000
00100
10000
00100
00001
00100
,
00010
00000
00000
00100
00000
00000
01000
00000
00000
10000
00000
00000
00100
00000
00000
00001
00000
00000
00010
00000
00000
01000
00000
00000
00100
00000
00000
10000
00000
00000
00001
00000
00000
00100
00000
00000
00010
00000
00000
01000
00000
00000
00001
00000
01000
00000
00010
00000
,
00100
00001
00100
10000
01000
00100
01000
00010
00100
00010
00001
00100
00001
00100
10000
00100
,
01000
00100
00010
00001
00100
10000
01000
00010
00100
00001
10000
00100
02000
03000
00020
00030
,
00100
00000
00001
00000
00100
00000
00001
00000
00100
00000
00001
00000
01000
00000
00000
00010
00000
00000
00100
00000
00000
00010
00000
00000
00001
00000
00000
00100
00000
00000
00001
00000
00000
00100
00000
00000
10000
00000
00000
00100
00000
00000
10000
00000
00000
01000
00000
00000
,
00100
00000
00000
01000
00000
00000
00100
00000
00000
00010
00000
00000
02000
00000
00000
03000
00000
00000
00200
00000
00000
00300
00000
00000
00020
00000
00000
00030
00000
00000
00002
00000
00000
00003
00000
00000
10000
00000
00000
01000
00000
00000
00100
00000
00010
00000
01000
00000
,
00100
00010
00001
00100
00001
00100
10000
00100
10000
01000
00100
01000
00010
00100
00010
00100
,
00001
00100
10000
01000
00100
00010
00001
00100
10000
01000
00100
00010
00001
01000
00010
00100
,
00001
00100
00010
01000
00010
01000
00100
10000
00100
10000
00100
01000
00100
01000
00010
00100
00010
00100
00001
10000
00001
10000
00100
01000
,
00100
01000
10000
00100
10000
01000
00010
01000
00010
00100
00010
00100
00001
00000
00000
00000
00000
00000
10101
00000
00000
00000
00000
00000
,
00001
01000
00110
00000
10000
00010
01100
00000
01101
00000
01000
00010
10100
00000
10110
00000
,
10101
01101
01110
11100
10001
00001
00101
01101
,
01111
00000
00000
00000