0000000000
0000000000
0000000000
0000000000
0000000000
0000000000
0000000000
0000000000
0000000000
0000000000
0000000000
0000000000
0000000000
0000000000
0000000000
0000000000
0000000000
0000000000
0000000000
0000000000
0000000000
0000000000
0000000000
0000000000
0000000000
0000000000
0001001000
1000000001
0001001000
1000000001
0001001000
1000000001
,
0000110000
0100000010
0000110000
0100000010
0001001000
1000000001
0001001000
1000000001
0100000010
0000110000
0100000010
0000110000
0001001000
0011001100
0101001010
0000000000
,
1000000010
0000000000
0001000000
0000000000
1000000000
0000000000
0001000000
0000000000
0100000000
0000000000
0000100100
0000000000
0100000000
0000000000
0000100000
0000000000
0001000001
0000000000
1000000000
0010000000
0000100000
0000000000
0001100000
0000000000
1100000000
0000000000
0100000000
0010000000
0001000000
0000000000
0000000000
0000000000
,
1000022100
0000000100
0000000100
0000000100
0000000100
0000000100
0001133100
0000000000
0000011100
0000000000
0100000100
0000000000
0000000011
0000000000
0000000100
0000000000
,
0010001001
0000000100
0001010010
0000000100
0000111000
0000000100
0000000011
1000000100
,
0000010010
0000000000
0000000000
0000000000
0000000100
0000000000
0000000000
0000000000
0000001001
0000000000
0000001000
0000000000
0000000100
0000000000
0000010000
0000001000
0000100000
0000000000
0000000000
0000000000
1101101010
0000000000
0000000000
0000000000
0001000010
0000000000
0010000000
0000000000
0000100000
0000000000
0000000000
0000000000
,
1000000000
0000000000
1010000000
0000000100
0100000000
1000000000
0010000000
0000000000
0100000000
0001000000
0100000000
0000000000
0000100000
1000000010
0000100000
0000000000
,
0100000000
0010000000
0100000000
0010000000
0001000000
0010000000
0001000000
0010000000
0001000001
0000100000
0001000000
0000100000
0000001000
0000100000
0000001000
0000100000
0001000000
0000000000
0000000000
0000000000
0001100000
0000000000
0000000000
0000000000
0010000000
0000000000
0000000000
0000000000
1100000000
0000000000
0000000000
0000000000
,
0100000100
0010000000
1000000000
0010000000
0000100000
0001000000
0010000000
0000000010
0000100000
0000000000
0001011000
0000000000
0000000100
0000000000
0000000011
0000000000
,
0010000001
0000000000
0000000100
0000000000
0000000010
0000000000
0000000100
0000000000
0000001000
0000000000
1000010000
0000000000
0000000100
0000000000
0000001000
0000010000
0001000000
0000000000
0000000000
0000000000
0101101101
0000000000
0000000000
0000000000
0010000000
0000000000
0001000000
0000000000
0000100000
0000000000
0000000000
0000000000
,
0000010010
0000000000
0000110000
0000000000
0000000100
0000010000
1000001000
0000000000
0001000000
0000010000
0001000000
0000010000
0000001000
0000100000
0000001000
0000100000
,
0001000000
0000010000
0001000000
0000010000
0000001000
0000100000
0000001000
0000100000
0001000000
0000010000
0001000000
0000010000
0000001000
0000100000
0000001000
0000100000
0001000100
0000000000
0001000000
0000000000
0001000001
1000000000
0000000001
1000000000
0000010001
0000000000
0000010000
0000000000
0100010000
0000000010
0100000000
0000000010
,
0110000000
0000000000
0010000000
0000000000
0010000001
0000000000
0000100000
1000000000
0010000000
0000000000
0100000000
0001000000
0000000000
0000000000
0000000000
0000000000
0010000000
0000000000
0010000000
0000000000
0010000010
0000000000
0000000000
0000000000
0000010000
0000000000
0000010000
0000000000
0000010000
0000000000
0000010000
0000000000
,
0100001000
0010000100
1000001000
0100000100
1000001000
0100000100
0010001000
0000100100
0001001000
0000000000
0000000010
0000000000
0000000100
0000000000
0000000000
0000000000
0001000002
0000000000
0001000000
0000000000
0000000000
0000000000
0100000000
0000000000
0100000000
0000000000
0000000000
0000000000
0010000003
0000000000
0010000000
0000000000
,
0000010000
0000000000
0000010100
0000000000
0000001000
0000000000
0000101000
0000000000
0000010000
0000000000
0000010100
0100000000
0000001000
0000000000
0000101000
0000000000
,
0010000000
0001000000
0010000000
0001000000
0010000001
0001000000
0010000000
0000000000
0000100000
1000000000
0010000000
0100000000
0001000000
0010000000
0001000000
0000000100
,
1000000000
0000000000
1010000000
0010000000
1000000000
0000000010
1010000000
0000000000
0001000000
0000000000
0011000000
0010000000
0001000000
0000000001
0011000000
0000000000
,
1000000000
0000000000
0001000000
0000000000
1000000100
0000000000
0001000000
0000000000
0000100000
0000000000
0000001000
0000000000
0000100000
0000000000
0000001000
0000000000
0000010000
0001000000
0000010000
0001000000
0000001000
0000100000
0000001000
0000100000
0000010000
0001000000
0000010000
0001000000
0000100000
0000001000
0000100000
0000001000
,
0000010000
0001100000
0010000000
1100000010
0010000000
1001000000
0010000000
0001010000
,
0000000100
0000000000
0000001000
0000000000
0000000100
0000000000
0000000000
0000000000
1000000100
0000000000
0000001000
0000000000
0000000100
0000000000
0000000000
0000000000
0000001000
0000000000
0000000010
0000000000
0000000100
0000000000
0000000001
0000000000
0000001000
0000000000
0000000100
0000000000
0000001000
0000000000
0000010000
0001000000
,
0000100000
0000000000
1101100101
0000000000
0010000000
0001000000
0000100010
0000000000
0000010000
0000000000
0000110000
0000000000
0001000100
0000010000
0000001000
0000000000
,
0000100000
0000000000
0001000000
0000000000
0010000000
0000000000
0000000000
0000000000
0000100000
0000000000
0010000100
0000000000
0001000000
0000000000
0000000000
0000000000
0000100000
0000000000
0000010000
0000000000
0000100000
0000000000
0000010000
0000000000
0000100000
0000010000
0000100000
0000010000
0000100000
0000010000
0000100000
0000010000
,
0000100000
0000100100
0000000100
0001000100
0001000000
0001010000
0000010000
1011010110
,
0010000000
0000000000
0000000000
0000000000
0010001000
0000000000
0000000000
0000000000
0000001000
0000000000
0000000000
0000000000
0000101000
0000000000
0000000000
0000000000
0000100000
0000000000
0000000000
0000000000
0000100100
0000000000
0000000000
0000000000
0000000100
0000000000
0000000000
0000000000
0000001100
0000000000
0000001000
0000010000
,
0001000000
0001100000
0010000000
1001000000
0010000000
0001100000
0000010000
0000101000
,
0100000100
0000001000
0000000100
0000000000
0001000000
0000001000
0001000000
0000000000
0000000101
1010000000
0000000110
0110000000
0000000101
1010000000
0000000110
0120000000
,
0000000200
0000000000
0000000000
0000000000
0000000000
0000000000
0000000000
0000000000
1131111311
0000000000
0000000000
0000000000
0000000000
0000000000
0000000000
0000000000
0000010000
0001000000
0000100000
0010000000
0001000001
0100000001
0010000001
1000000001
0100000001
1000000001
0010000001
0100000001
0001000001
0010000001
0001000001
0000100001
,
0010000000
0000100000
0001000000
0000010000
0000001000
0000100000
0000000100
0000001000
1000000010
1000000100
1000000001
1000001000
0000000100
0000001000
0000010000
0001000000
0000010000
0000100000
0000001000
0000010000
0000000100
0000001000
0000010000
0000100000
0001000000
0000010000
0001000000
0000100000
0010000000
0000100000
0001000000
0010000000
,
0001000001
0100000001
0010000001
1000000001
0001000001
0010000001
0000100001
0100000001
0000100001
0010000001
0001000001
0100000001
0001000000
0010000000
0000010000
0000100000
0000001000
0001000000
0000001000
0001000000
0000010000
0001000000
0000000100
0000001000
0000010000
0000001000
0000100000
0000001000
1000010000
1000000100
1000010000
1000001000
,
1000000100
1000001000
1000000001
1000000100
1000000001
1000010000
1000000010
1000010000
1000000010
1000000100
1000001000
1000000100
1000001000
1000010000
1000000100
1000001000
1000000010
1000001000
1000000100
1000001000
0000010000
0000001000
0000100000
0001000000
0000100001
0010000001
0001000001
0010000001
0001000001
0100000001
0001000001
0010000001
,
0000100001
1000000001
0010000001
0100000001
0010000001
1000000001
0001000001
0010000001
0000100000
0001000000
0000001000
0000010000
1000000100
1000010000
1000000010
1000000100
0100000002
1000000000
0100000000
1000000000
0100000000
1000000000
0100000000
1000000000
0100000000
1000000000
0100000000
1000000000
0100000000
1000000000
0100000000
1000000000
,
0100000013
0000110000
0001001000
0000110000
0001001000
1000000001
0100000010
0000000000
1110000111
0000000000
0000000000
0000000000
0000000000
0000000000
0000000000
0000000000