// measure 0
0000000000
0000000000
0000000000
0000000000
,  // measure 1
0000000000
0000000000
0000000000
0000000000
,  // measure 2
0000000000
0000000000
0000000000
0000000000
,  // measure 3
0001000000
0010000000
0100000000
0000000000
,  // measure 4
0000100000
0000010000
0000000100
0000000001
,  // measure 5
0000000000
0000000000
0000000000
0000000000
,  // measure 6
0100000000
0001000000
1000000000
0000100000
,  // measure 7
0001000000
0000100000
0100000000
1000000000
,  // measure 8
0010000000
0000001000
0000000100
0000000001
,  // measure 9
0000000001
0000000010
0000000100
0000010000
,  // measure 10
0000001000
0000010000
0001000000
0010000000
,  // measure 11
1000000000
0000100000
0001000000
1000100000
,  // measure 12
1000000000
0100000000
0001000000
0000100000
,  // measure 13
0000001000
0000010000
0000000100
0000000001
,  // measure 14
0000000000
0000000000
0000001000
0000100000
,  // measure 15
0010000000
0001000000
0000100000
0000010000
,  // measure 16
0001000000
0000100000
0010000000
1000000000
,  // measure 17
0010000000
0000000000
0100000000
0001000000
,  // measure 18
0100000000
0001000000
1000000000
0000100000
,  // measure 19
0000001000
0000000100
0000010001
0000001000
,  // measure 20
0000010000
0000000100
0000001000
0000100000
,  // measure 21
0010000000
0000010000
0000010000
0000100000
,  // measure 22
0000001000
0000010000
0000000100
0000000001
,  // measure 23
0000000001
0000000100
0000000010
0000000000
0000001000
0000000100
0000010000
0000000000
,  // measure 24
0000000001
0000000100
0000000010
0000000000
0000001000
0000000100
0000010000
0000000000
,  // measure 25
0000010000
0000100000
0001000000
0000000000
0001000000
0000100000
0001000000
0000000000
,  // measure 26
0000001000
0000100000
0000001000
0000000000
0000001000
0000000000
0001010000
0000000000
,  // measure 27
0000000100
0000000000
0000000001
0000000010
,  // measure 28
0000001000
0000010000
0000010000
0001000000
,  // measure 29
0100000000
0100000000
0100000000
0100000000
,  // measure 30
1000000000
0100000000
0000100000
1000000000
,  // measure 31
0000001000
0000000100
0000000001
0000010000
,  // measure 32
0001000000
0010000000
1000000000
1000000000
,  // measure 33
0001000000
0000100000
0000001000
0000010000
,  // measure 34
0000000100
0000010000
0010000000
0000100000
,  // measure 35
0001000000
0010000000
0010000000
0000100000
,  // measure 36
0000001000
0000100000
0000001000
0000100000
,  // measure 37
0000001000
0000100000
1000000000
0100000000
,  // measure 38
0001000000
0000100000
0010000000
1000000000
,  // measure 39
0010000000
0001000000
0000110000
0000001000
,  // measure 40
0000100000
0001000000
0010000000
0001000000
,  // measure 41
1000000000
0000000000
0101000000
0010000000
,  // measure 42
1000100000
0101000000
0001000000
0000100000
,  // measure 43
0000001000
0000000001
0000000010
0000010000
,  // measure 44
0000000100
0000001000
0000110000
0000000100
,  // measure 45
0000010001
0000000000
0000000001
0000000100
,  // measure 46
0000001000
0000010000
0001000000
0000100000
,  // measure 47
0001000000
1000000000
0001000000
0000100000
,  // measure 48
0000000100
0000010000
0000000100
0000000001
,  // measure 49
0000000100
0000010000
0000000100
0000000001
,  // measure 50
0000000100
0000001000
0000000000
0000001000
,  // measure 51
0000100000
0000000000
0000000000
0000000000