0000000000
0000000000
0000000000
0000000000
,
0000000000
0000000000
0000000000
0000000000
,
0000000000
0000000000
0000000000
0000000000
,
0000000000
0000000000
0000000000
0000000000
,
1000000000
0100000000
0010000000
0001000000
0100000000
0010000000
0001000000
0000100000
0010000000
0001000000
0000100000
0000010000
0000001000
0000000100
0000000010
0000000001
,
0000000010
0000000100
0000001000
0000000010
0000000100
0000001000
0000010000
0000000100
0000001000
0000010000
0000100000
0010000000
1000000000
0100000000
0010000000
0001000000
,
0000100000
0000000000
0000000000
0000000000
0000110000
0000000000
0000100000
0000001000
0000010000
0000000100
0000001000
0000010000
0000000100
0000010000
0000001000
0000000100
,
0000200000
0000000000
0000000000
0000000000
0000301100
0000000000
0000000000
0000000000
0000001000
0000100000
0001000000
0010000000
0000100000
0001000000
0010000000
0100000000
,
0002000000
0000000000
0000000000
0000000000
0113000000
0000000000
0000000000
0000000000
0100000000
0001000000
0010000000
0000100000
0001000000
0000001000
0000010000
0000000100
,
0000001000
0000000010
0000000100
0000000001
0000000100
0000010000
0000100000
0010000000
1000000000
0100000000
0010000000
0001000000
0100000000
1000000000
0010000000
0000100000
,
0001000000
0000001000
0000010000
0000000100
0000001000
0000000010
0000000100
0000000001
0000010000
0000001000
0000100000
0001000000
0010000000
0000100000
1000000000
0010000000
,
0100000000
0001000000
0010000000
0000001000
0000100000
0000000100
0001000000
0000100000
0010000000
0001000000
0000100000
0010000000
0000100000
0001000000
0010000000
0000100000
,
1000000000
0100000000
0010000000
0001000000
0000010000
0000000100
0000001000
0000010000
0000100000
0000001000
0000000100
0000000010
0000001000
0000000100
0000000010
0000000001
,
0000000100
0000010000
0000001000
0000000100
0000010000
0000001000
0000100000
0000010000
0001000000
0000100000
0020000000
0000000000
0000000200
0000000000
0000000000
0000000000
,
0000110000
0000000000
0000000000
0000000000
0000110000
0000000000
0000000000
0000000000
0030110300
0000000000
0000000000
0000000000
0000100000
0000001000
0000100000
0000000100
,
0000100000
0000000000
0000000000
0000000000
0000101100
0000000000
0000001000
0000100000
0000001000
0000100000
0001000000
0000010000
0000001000
0001000000
0000100000
0000001000
,
0000010000
0000100000
0000001000
0000010000
0000000100
0000001000
0000000010
0000000100
0000000001
0000000100
0000010000
0000100000
0010000000
1000000000
0100000000
0010000000
,
0001000000
0000000000
0000000000
0000000000
1011000000
0000000000
0010000000
0001000000
1000000000
0010000000
0000100000
0001000000
0010000000
0100000000
1000000000
0010000000
,
0100000000
1000000000
0010000000
0000100000
0001000000
0000010000
0000001000
0000000100
0000010000
0000001000
0000000100
0000000010
0000000001
0000000100
0000000001
0000000010
,
0000000200
0000000000
0000000300
0000000000
0000000001
0000010000
0000000100
0000001000
0000010000
0001000000
0000100000
0010000000
0000010000
0000001000
0000000100
0000100000
,
0001000000
0010000000
0000001000
0000010000
0000000100
0000100000
0001000000
0010000000
0100000000
1000000000
0010000000
0100000000
1000000000
0010000000
1000000000
0100000000
,
0010000000
0000000000
0000000000
0000000000
0111000000
0000000000
0010000000
0001000000
0100000000
0001000000
0010000000
0000010000
0000100000
0000001000
0000010000
0000000100
,
0000001000
0000000010
0000000100
0000000001
0000010000
0000001000
0001000000
0000100000
0010000000
0001000000
0100000000
0010000000
1000000000
0000100000
0001000000
0000001000
,
0000100000
0000010000
0000001000
0000100000
0000001000
0000010000
0001000000
0000001000
0000100000
0001000000
0000010000
0001000000
0000100000
0000010000
0001000000
0000001000
,
0000100000
0000010000
0000001000
0000100000
0001000000
0000010000
0000001000
0000100000
0001000000
0000000000
0000000000
0000000000
0001111000
0000000000
0000000000
0000000000
,
0000010000
0001000000
0000001000
0000100000
0001000000
0000010000
0000001000
0001000000
0000100000
0000001000
0000010000
0000100000
0001000000
0000010000
0000001000
0001000000
,
0000010000
0001001000
0000110000
0001001000
0000110000
0001001000
0000110000
0001001000
0000110000
0002002000
0000220000
0000000000
0000000000
0000000000
0003333000
0000000000
,
0001000000
0000100000
0010000000
0001000000
0100000000
0010000000
1000000000
0001000000
,
0000100000
0000010000
0000001000
0000000010
0000000100
0000010000
0000100000
0001000000
,
0010000000
0100000000
0010000000
0001000000
0100000000
0010000000
0001000000
0010000000
0100000000
0010000000
1000000000
0010000000
0000100000
0010000000
1000000000
0000100000
,
0010000000
0000010000
0000100000
0000000100
0000001000
0000000100
0000000010
0000000100
0000001000
0000000100
0000010000
0000000100
0000000001
0000000100
0000010000
0000000100
,
0000001000
0000100000
0002000000
0003000000
0000010000
0000100000
0001000000
0000100000
0020000000
0000000000
0030000000
0000000000
1000000000
0100000000
0020000000
0030000000
,
0001000000
0000100000
0000010000
0000001000
0000000100
0000100000
0000001000
0001000000
0000200000
0000000000
0000300000
0000000000
0010000000
0001000000
0000010000
0000001000
,
0000100000
0000000100
0000001000
0000010000
0000100000
0000001000
0000000100
0000000010
0000002000
0000000000
0000003000
0000000000
0000000010
0000000100
0000020000
0000030000
,
0000100000
0010000000
2000000000
3000000000
0100000000
0010000000
0000200000
0000000000
0002000000
0000300000
0000000000
0003000000
0000100000
0001000000
0000001000
0000010000
,
0001000000
0000100000
0000010000
0000001000
0000000100
0000010000
0000001000
0000100000
0002000000
0000000000
0003000000
0000000000
0000100000
0000010000
0000001000
0000010000
,
0000100000
0001000000
0000100000
0000010000
0000000100
0000010000
0000100000
0010000000
0000200000
0000000000
0000300000
0000000000
0000010000
0000000000
0000001000
0000000000
,
0000000100
0000010000
0000001000
0000000100
0000001000
0000010000
0001000000
0000100000
0010000000
1000000000
0100000000
0010000000
0001000000
0000100000
0000010000
0000001000
,
0000000100
0000000010
0000000001
0000000100
0000010000
0000100000
0000010000
0000000000
0010110100
0000000000
0000000000
0000000000
0000010000
0000100000
0001000000
0010000000
,
0000010000
0000000000
0000000000
0000000000
0011110000
0000000000
0000010000
0001000000
0010000000
0100000000
0000001000
0000100000
0010000000
1000000000
0100000000
0010000000
,
0001000000
0100000000
0010000000
1000000000
0000100000
0010000000
0001000000
0000100000
0020000000
0000000000
0030000000
0000000000
0000100000
0000010000
0000001000
0000000100
,
0000010000
0000000000
0000000000
0000000000
0000111100
0000000000
0000001000
0000010000
0000000001
0000000010
0000010000
0000001000
0000000100
0000010000
0000001000
0000000100
,
0000000010
0000000001
0000000100
0000010000
0000001000
0000000100
0000000010
0000001000
0000010000
0000100000
0001000000
0010000000
0000100000
1000000000
0010000000
0100000000
,
0001000000
0000000000
0000000000
0000000000
0111000000
0000000000
0001000000
0000010000
0000000100
0010000000
0000100000
0000001000
0000000100
0000100000
0000001000
0000000100
,
0000000010
0001000000
0000010000
0000000100
0000000001
0000010000
0000001000
0000100000
0020000000
0000000000
0030000000
0000000000
0000100000
0000010000
0000001000
0000100000
,
0010000000
0000000000
0000000000
0000000000
0110100000
0000000000
0100000000
0010000000
0000100000
0001000000
0010000000
0000100000
1000000000
0010000000
0100000000
0001000000
,
0000100000
0000010000
0000001000
0000000100
0000010000
0000000001
0000000100
0000000010
0000001000
0000010000
0000100000
0001000000
0010000000
0100000000
1000000000
0100000000
,
0010000000
0100000000
1000000000
0010000000
0100000000
1000000000
0010000000
0000100000
0001000000
0000001000
0000010000
0000000100
0000001000
0000000010
0000000100
0000000001
,
0000000010
0000000100
0000000010
0000000001
0000010000
0000000100
0000000001
0000000010
0000000100
0000001000
0000010000
0001000000
0010000000
0100000000
1000000000
0010000000
,
0100000000
0001000000
0000100000
0000010000
0000001000
0000000100
0000010000
0000000001
0000000100
0000000010
0000001000
0000010000
0000100000
0001000000
0100000000
0010000000
,
1000000000
0000100000
0001000000
0000001000
0000010000
0000000001
0000000100
0000010000
0000100000
0010000000
1000000000
0100000000
0010000000
0000000000
0000000000
0000000000
,
0002200000
0000000000
0000000000
0000000000
,
0000000000
0003300000
0000000000
0000000000
0000000000
0000000000
0000000000
0000000000
0000000000
0000000000
0000000000
0000000000
0000000000
0000000000
0000000000
0000000000