0000000000
0000000000
0000000000
0000000000
,
0000000000
0000000000
0000000000
0000000000
,
0000000000
0000000000
0000000000
0000000000
,
0000000000
0000000000
0000000000
0000000000
,
0001000010
0100001000
1000010000
0000100001
,
1000010000
0100001000
0001000010
0010000100
,
1001010010
0100101001
1000010000
0100101001
,
0001000000
0010000000
0000100000
0010000000
0001000000
0010000000
0100000000
0010000100
,
0000000010
0000000100
0000000001
0000000100
0000000010
0000000100
0000001000
0000000000
,
1001010010
0000000000
0000100001
0000000000
0100000000
0010000000
1000000000
0010000000
,
0100000000
0010000000
0001000000
0010000100
0000001000
0000000100
0000010000
0000000100
,
0000001000
0000000100
0000000010
0000000000
0100101001
0000000000
1000010000
0000000000
,
1000010000
0100001000
0001000010
0000100001
,
1000010000
0100001000
0001000010
0010000100
,
1000110001
0000000000
0010000100
0000000000
0010000100
0000000000
0100000010
0001001000
,
1000000001
0000000000
1000110001
0000000000
0001001000
1000000001
0001001000
1000000001
,
0000110000
0100000010
0000110000
0100000010
0010000100
0000000000
0100000010
0001001000
,
1000000001
0000000000
1000110001
0000000000
1000001000
0010000100
0000100010
0010000100
,
1000001000
0010000100
0000100010
0010000100
0100010000
0010000100
0001000001
0010000100
,
0100010000
0010000100
0001000001
0000000000
1000110001
0000000000
0100001000
0000000000
,
1100011000
0000000000
0001100011
0000000000
0001000010
0010000100
0100001000
0001000010
,
1000010000
1000110001
1000110001
0000100001
,
0001000010
1000110001
0110001100
0010100101
,
0000100001
0010000100
0001000010
0010000100
0100001000
0010000100
1000010000
0010000100
,
0000100001
0010000100
0001000010
0010000100
0100001000
0010000100
1000010000
0010000100
,
0001000010
0010000100
0000100001
0010000100
0001000010
0010000100
0000100001
0010000100
,
0100001000
0000100001
0100001000
0000100001
0100001000
0000000000
1001010010
0000000000
,
0100101001
0000000000
0000100001
0001000010
,
0100001000
1000010000
1000110001
0001000010
,
0001000000
0010000000
0001000000
0010000000
0100000000
0010000000
0100000000
0010000000
,
0000010000
0000000100
0000010000
0000000100
0000000001
0000000100
0000000001
0000000100
,
0100001000
0010000100
0000100001
1000010000
,
0001000010
0010000100
0100001000
0000100001
,
0100101001
0001000010
1000010000
1001010010
,
0010000100
0000000000
0100001000
0000100001
1000010000
0000000000
1000110001
0000000000
,
0001000010
0000000000
0100001000
0000000000
0001000010
1000010000
0000100001
0000000000
,
0100001000
0000100001
0001000010
1000010000
,
0000100001
1000010000
0010000100
0000000000
1000010000
0000000000
0100001000
0000000000
,
0001000010
0000000000
0000100001
0000000000
0010000100
0000000000
0001001000
0100000010
,
0000110000
0000000000
1000110001
0000000000
0100000010
0000110000
0100000010
0000110000
,
1000000001
0001001000
1000000001
0001001000
0010000100
0000000000
0100001000
0001000010
,
1000010000
0000000000
1000110001
0000000000
0100010000
0010000100
0001000001
0010000100
,
0100010000
0010000100
0001000001
0010000100
1000001000
0010000100
0000100010
0010000100
,
1000001000
0010000100
0000100010
0000000000
0001000010
0000000000
1000010000
0000000000
,
0010000100
0000000000
0100001000
0000000000
1000110001
0000000000
0100001000
0001000010
,
1000010000
1000110001
1001010010
0100101001
,
0001000010
0100001000
1000010000
0000100001
,
0000100001
0010000100
0001000010
0010000100
0100001000
0010000100
1000010000
0010000100
,
0000100001
0010000100
0001000010
0010000100
0001000010
0010000100
0000100001
0010000100
,
1000010000
0010000100
0100001000
0010000100
0001000010
0010000100
0000100001
0010000100
,
0001000010
0010000100
0000100001
0010000100
0001000010
0010000100
0000000000
0000000000
,
1101111011
0000000000
0000000000
0000000000