00000
00000
00000
00000
,
00000
00000
00000
00000
,
00000
00000
00000
00000
,
00000
00000
00000
00000
,
00010
01000
00010
00100
00010
10000
00000
00010
,
01000
00100
10000
00001
00100
00000
00000
00001
,
01000
00010
01000
00100
01000
00001
00000
01000
,
00010
00100
00001
10000
00100
00000
00000
00100
,
01000
00010
00100
00001
01000
00010
00000
00010
,
00100
00001
01000
00010
10000
00100
01000
00010
,
00100
00000
00001
00000
,
10000
00110
00001
01100
,
10000
00000
00110
00000
00001
01000
00010
00100
,
01010
00000
00000
00000
00001
10000
00001
00100
,
00001
01000
00000
00001
10000
00100
01000
00010
,
00100
00000
00000
00010
10000
00001
10000
00100
,
10000
00010
00000
10000
00001
00100
00010
01000
,
00100
10000
00100
10000
00001
00100
00001
00100
,
00010
01000
00010
01000
00001
10000
00001
10000
,
00100
01000
10000
00100
00001
00010
00100
01000
,
00010
00100
00010
10000
00001
00000
01000
00000
,
01100
00000
00010
00000
00110
00000
10000
00100
,
01000
00000
00000
00001
00100
00000
00000
00010
,
10000
00000
00000
00001
01000
00000
00000
00010
,
00100
00001
10000
00100
01000
00010
01000
00010
,
10000
00001
10001
00000
,
00010
00100
00010
01000
00010
10000
00000
00010
,
00100
00001
01000
00100
10000
00000
00000
00001
,
01000
00100
01000
00010
01000
00001
00000
01000
,
00100
01000
00010
00100
00001
00001
10000
00100
,
01000
10000
01000
00100
00010
00001
00010
00100
,
01000
10000
01000
00100
00010
00001
00010
00100
,
10000
01000
10000
00100
00001
00010
00001
00100
,
10000
01000
00100
00010
00001
00010
01000
00100
,
20000
30000
00002
00003
02000
03000
00020
00030
,
00200
00000
00000
00000
00000
00300
00002
00003
,
20000
30000
00020
00030
02000
03000
00002
00003
,
00200
00300
00020
00000
00000
00030
20000
30000
,
00002
00000
00000
00000
00000
00003
00200
00300
,
00020
00000
00000
00030
02000
00000
00000
03000
,
00200
00000
00000
00300
20000
00000
00000
30000
,
00002
00000
00003
00000
,
01000
00100
00010
00001
00100
00010
10000
10000
,
00010
00100
01000
10000
00100
01000
00001
00001
,
01000
10000
00100
00001
00010
00100
01000
00010
,
00100
00010
00001
00010
10000
01000
00100
00010
,
01000
01000
00010
10000
00010
00010
01000
00001
,
01000
00100
00010
00100
01000
00010
00100
00010
,
01000
00001
00100
00001
10000
00100
01000
00010
,
00001
00010
00100
01000
10000
00000
00000
00000
,
00010
01000
00010
00100
00010
10000
00000
00010
,
01000
00100
10000
00001
00100
00000
00000
00001
,
01000
00010
01000
00100
01000
00001
00000
01000
,
00010
00100
00001
10000
00100
00000
00000
00100
,
01000
00010
00100
00001
01000
00010
00000
00010
,
00100
00001
01000
00010
10000
00100
01000
00010
,
10000
01000
00001
00010
,
01000
00000
00001
00000
00010
10000
01000
00010
,
02020
00000
03030
00000