// measure 0
00000
00000
00000
00000
,  // measure 1
00000
00000
00000
00000
,  // measure 2
00000
00000
00000
00000
,  // measure 3
00000
00000
00000
00000
00000
00000
00000
00000
00000
00000
00000
00000
00000
00000
00010
00100
,  // measure 4
00010
00000
01000
00100
01000
00000
01000
00010
00100
00000
00010
00000
00000
00000
00001
00100
,  // measure 5
00001
00000
10000
00100
10000
00000
00001
10000
00100
00000
01000
00000
00000
00000
00100
10000
,  // measure 6
00100
00000
10000
00001
10000
00000
00100
01000
00010
00000
01000
00000
00000
00000
00010
01000
,  // measure 7
00010
00000
01000
00010
01000
00000
00001
00100
00001
00000
10000
00000
00000
00000
00100
00010
,  // measure 8
01000
00000
00010
00000
00100
00000
01000
00000
00100
00000
00001
00000
00000
00000
00100
01000
,  // measure 9
00010
00000
01000
00000
00100
00000
00010
00000
00100
00000
10000
00000
00010
01000
00001
10000
,  // measure 10
00001
00000
10000
00000
,  // measure 11
01010
00100
10001
00100
,  // measure 12
10010
00000
00100
00000
01001
00100
10000
00100
,  // measure 13
00010
00000
00000
00000
00000
00000
00010
00100
00010
00000
01000
00100
01000
00000
01000
00010
,  // measure 14
00100
00000
00010
00000
00000
00000
00001
00100
00001
00000
10000
00100
10000
00000
00001
10000
,  // measure 15
00100
00000
01000
00000
00000
00000
00100
10000
00100
00000
10000
00001
10000
00000
00100
01000
,  // measure 16
00010
00000
01000
00000
00000
00000
00010
01000
00010
00000
01000
00010
01000
00000
00100
00000
,  // measure 17
01000
00010
00100
00010
01000
00010
01000
00100
,  // measure 18
10000
00001
10000
00100
10000
00001
00100
00001
,  // measure 19
01000
00010
00001
00100
10000
01000
00100
00010
,  // measure 20
00100
00001
00010
00100
10000
00000
00010
00100
,  // measure 21
00001
00000
00010
00100
00001
10000
00001
10000
,  // measure 22
00100
01000
00010
10000
00100
01000
00001
00100
,  // measure 23
00010
00100
01000
10000
00100
00001
00010
01000
,  // measure 24
00100
01000
00010
00100
00001
00100
00001
10000
,  // measure 25
00100
00000
00000
00000
00000
00000
00000
00000
00000
00000
00000
00000
00000
00000
00010
00100
,  // measure 26
00010
00000
01000
00100
01000
00000
01000
00010
00100
00000
00010
00000
00000
00000
00001
00100
,  // measure 27
00001
00000
10000
00100
10000
00000
00001
10000
00100
00000
01000
00000
00000
00000
01000
00100
,  // measure 28
01000
00000
00010
00100
00010
00000
00010
01000
00100
00000
01000
00000
00000
00000
10000
00100
,  // measure 29
10000
00000
00001
00100
00001
00000
00100
00000
00010
00000
00000
00000
00000
00000
00000
00000
,  // measure 30
00010
01000
00010
01000
00001
10000
00001
10000
00010
01000
00010
01000
00100
10000
00001
10000
,  // measure 31
00001
00100
00001
00100
00001
01000
00100
01000
00100
10000
00100
10000
00001
10000
00001
10000
,  // measure 32
00001
00100
00010
01000
00100
01000
00010
00100
00010
00100
00001
00100
00001
00100
00001
10000
,  // measure 33
00001
10000
00100
01000
00100
01000
00010
00100
00010
00000
00000
00000
00000
00000
00000
00000
,  // measure 34
01000
00010
00100
00100
10000
00001
00100
00100
,  // measure 35
10000
00000
00000
00100
,  // measure 36
01000
00001
00100
00010
10000
00100
01000
00010
,  // measure 37
00100
00010
00000
10000
,  // measure 38
00001
00000
00000
00100
,  // measure 39
00010
00000
10000
00000
,  // measure 40
00001
00000
10000
00000
,  // measure 41
00001
00000
00000
00000
,  // measure 42
01000
00010
00100
00010
01000
00100
10000
00010
00100
00000
00000
00000
00000
00000
00000
00000
,  // measure 43
10000
00001
00100
00001
10000
00010
01000
00100
10000
00000
00000
00000
00000
00000
00000
00000
,  // measure 44
00100
01000
00010
01000
00010
00100
00010
00100
00001
00000
00000
00000
00000
00000
00000
00000
,  // measure 45
01000
00010
00100
00001
10000
00001
00100
00010
01000
00000
00000
00000
00000
00000
00000
00000
,  // measure 46
00010
00000
00100
00010
00100
00010
00000
00000
01000
00000
00100
01000
00100
01000
00000
00000
,  // measure 47
00010
00100
01000
00100
00010
00100
01000
00100
,  // measure 48
00001
00000
00100
00001
10000
00001
00000
00000
00010
00000
01000
00000
00100
00000
10000
00000
,  // measure 49
00010
01000
00010
01000
00100
10000
00001
10000
00100
00000
00000
00000
00000
00000
00010
00100
,  // measure 50
00010
00000
01000
00100
01000
00000
01000
00010
00100
00000
00010
00000
00000
00000
00001
00100
,  // measure 51
00001
00000
10000
00100
10000
00000
00001
10000
00100
00000
01000
00000
00000
00000
00100
10000
,  // measure 52
00100
00000
10000
00001
10000
00000
00100
01000
00010
00000
01000
00000
00000
00000
00010
01000
,  // measure 53
00010
00000
01000
00010
01000
00000
00001
00100
00001
00000
10000
00000
00000
00000
00100
00010
,  // measure 54
01000
00000
00010
00000
00100
00000
01000
00000
00100
00000
00001
00000
00000
00000
00100
01000
,  // measure 55
00010
00000
01000
00000
00100
00000
00010
00000
00100
00000
10000
00000
00001
10000
00001
10000
,  // measure 56
00001
00100
10000
00100
,  // measure 57
10001
00000
00100
00000
,  // measure 58
10101
00000
00000
00000