00000
00000
00000
00000
,
00000
00000
00000
00000
,
01000
00010
10000
00001
,
01000
00000
00001
00000
00100
00000
00010
10000
00100
00000
00000
00000
00000
00000
01000
00100
,
20000
30000
01000
00100
00020
00030
01000
00100
20000
30000
00002
00000
00003
00000
01000
00100
,
00020
00030
00001
00100
00020
00030
00001
00100
20000
30000
00002
00000
00003
00000
01000
00100
,
20000
30000
01000
00001
00200
00300
10000
00010
00200
00300
00002
00000
00003
00000
00010
10000
,
00200
00300
00001
01000
00200
00300
10000
01000
00200
00300
00020
00000
00000
00030
01000
00100
,
01000
00000
01100
00000
00010
00000
00100
00000
00001
00000
10000
00000
01000
00100
00001
00010
,
00100
00000
00110
00000
01000
00000
00100
00000
10000
00000
00001
00000
01100
00010
00100
00001
,
10100
00000
00010
00000
20120
00000
00000
30030
,
00010
00000
00100
00000
00001
00010
00001
00000
01000
00000
00100
00000
10000
01000
10000
00000
,
00100
00000
01000
00000
00010
00000
00100
00000
00001
00010
00100
10000
01000
00100
00010
20000
,
00002
00000
00000
00000
30003
00000
01000
00100
02000
03000
00100
01000
00020
00030
00100
00010
,
00200
00300
00010
00100
00001
10000
00100
01000
00020
00030
00100
00010
00200
00300
00010
01000
,
00200
00300
01000
00100
10000
00001
00100
00010
02000
03000
10000
00100
20000
30000
01000
00100
,
02000
03000
00010
00001
00100
00001
00010
00100
00002
00003
00010
00100
10000
01000
00001
00100
,
10000
00001
00100
00010
02000
03100
00200
10300
,
00001
10000
00100
01000
00020
00130
00200
00301
,
10000
00001
00100
00010
01000
00100
10000
00001
,
00100
00100
00001
10000
00020
00000
10130
00000
,
20000
00000
30110
00000
00010
00100
00001
01000
,
01001
00000
01000
00000
00100
00000
10000
00000
00001
00100
00001
00100
00010
00000
10000
00000
,
10010
00000
00010
00000
00100
00000
00001
00000
10000
00100
10000
00100
01000
00000
00100
00000
,
01100
00000
01000
00000
00100
10000
00001
00100
10000
01000
10000
00100
10000
00010
10000
00100
,
00002
00000
00000
00000
20003
00000
00000
00000
30110
00000
00000
00000
00000
00000
10000
00100
,
20000
30000
00010
00100
00020
00030
01000
00100
02000
03000
00002
00003
20000
30000
00001
00100
,
00002
00003
01000
00100
02000
03000
00010
00100
00020
00030
20000
30000
00002
00003
01000
00100
,
20000
30000
00010
00100
00002
00003
01000
00010
00200
00300
00002
00003
20000
30000
00100
01000
,
00020
00030
00100
01000
00100
00010
00100
00002
20000
00000
00000
00000
00000
00000
30003
00000
,
10000
00100
01000
00010
10000
00100
00010
00001
01000
00010
00100
00001
01000
00100
00001
00010
,
10000
00100
00001
00100
01000
00100
00010
00100
01000
00001
00100
00001
00010
10000
00100
10000
,
01000
00010
00001
00100
10000
01000
00100
00010
01000
00100
00010
00001
10000
01000
00100
00001
,
00010
10000
00100
00010
00001
00100
10000
00010
01100
00000
00000
00000
00000
00000
00000
00000
,
00020
00030
00200
00300
00002
00003
20000
30000
00200
00300
02000
03000
00020
00030
00200
00300
,
00002
00000
00000
00000
00100
00000
00000
00000
20003
00000
00000
00000
30120
00000
00000
00030
,
02000
03000
00200
00300
00020
00030
00200
00300
02000
03000
00002
00003
00200
00300
00020
00030
,
20000
00000
00000
30000
00002
00003
00200
00000
00000
00300
00020
00000
02000
00000
03030
00000
,
01110
00000
00002
00003
20000
30000
00200
00300
02000
03000
00020
00030
20000
00000
00000
00000
,
30002
02103
03020
20130
,
30002
00213
00302
02103
,
00220
00000
00000
03330
,
01000
00010
00100
00001
00010
00100
01000
10000
00100
00001
10000
00100
00001
00100
10000
00001
,
00010
00100
01000
00010
00100
01000
10000
00100
00001
00010
00100
00010
00001
00100
10000
00001
,
00010
00100
01000
00010
00100
01000
00100
00010
01000
00100
00010
00100
10000
00100
00001
00100
,
01000
00100
00001
00100
10000
00100
00010
00100
02000
03000
00100
00010
00001
00100
00010
01000
,
00100
00000
10000
00100
10000
00000
00001
00000
00100
00000
00001
00100
00001
00000
10000
00000
,
00010
01000
00100
10000
00001
00100
00001
10000
,
00100
01000
00100
01000
00100
00000
10000
00000
00001
00000
00100
00000
00010
00000
01000
00000
,
00100
00010
00001
00100
00010
01000
00100
10000
02000
00000
00000
00000
00000
00000
03000
00000
,
10000
00100
01000
00010
00001
01000
00001
00010
10000
01000
00100
00010
01000
00100
00010
00001
,
01000
10000
01000
00010
10000
01000
10000
00100
01000
10000
00100
00001
00010
00001
00100
10000
,
01000
00100
10000
01000
00001
00010
00100
00001
01000
00100
00010
00001
10000
00100
00001
00010
,
01000
10000
00100
00001
00010
00100
01000
00010
10000
01000
00100
00010
00001
00010
00100
01000
,
10000
00100
00010
00001
00100
00010
00001
01000
00001
00100
01000
10000
00010
00100
01000
00010
,
10000
01000
00100
00001
00010
00100
01000
00010
10000
00100
00001
00100
01000
00100
00010
00100
,
10000
01000
00100
00001
00010
00100
10000
01000
00001
00010
00100
10000
01000
00100
00010
00001
,
00100
00010
00001
00100
01000
10000
01000
00100
00001
00010
00100
00001
00010
10000
01000
00010
,
00200
00000
00000
00300
00000
00000
00000
00000
00000
00000
00000
00000
00000
00000
00000
00000