// measure 0
00000
00000
00000
00000
,  // measure 1
00000
00000
00000
00000
,  // measure 2
00000
00000
00000
00000
,  // measure 3
00000
00000
00000
00000
,  // measure 4
00100
00000
00000
00000
,  // measure 5
00100
00000
00000
00000
,  // measure 6
10000
00000
00000
00000
,  // measure 7
00001
00000
00000
00000
,  // measure 8
00100
00000
00000
00000
,  // measure 9
00100
00000
00000
00000
,  // measure 10
01000
00000
00000
00000
,  // measure 11
00010
00000
01000
00000
,  // measure 12
00010
00000
01000
00000
,  // measure 13
00000
00000
00100
00000
,  // measure 14
00000
00000
00010
00000
,  // measure 15
00000
00000
01000
00000
,  // measure 16
00000
00000
00100
00000
,  // measure 17
00000
00000
00000
00000
,  // measure 18
00100
00000
00000
00000
,  // measure 19
00001
00000
00000
00000
,  // measure 20
10000
00000
00000
00000
,  // measure 21
00100
00000
00000
00000
,  // measure 22
00100
00000
00000
00000
,  // measure 23
00100
00000
00000
00000
,  // measure 24
00100
00000
00000
00000
,  // measure 25
00100
00000
00000
00000
,  // measure 26
00010
00000
00000
00000
,  // measure 27
01000
00000
00000
00000
,  // measure 28
00010
00000
00000
00000
,  // measure 29
01000
00000
00000
00000
,  // measure 30
00010
00000
00000
00000
,  // measure 31
00100
00000
00000
00000
,  // measure 32
00010
00000
01000
00000
,  // measure 33
00010
00000
01000
00000
,  // measure 34
00100
00000
00000
00000
,  // measure 35
00100
00000
00000
00000
,  // measure 36
00001
00000
00000
00000
,  // measure 37
00001
00000
00000
00000
,  // measure 38
00001
00000
00000
00000
,  // measure 39
10000
00000
00000
00000
,  // measure 40
10000
00000
00000
00000
,  // measure 41
10000
00000
00000
00000
,  // measure 42
00100
00000
00000
00000
,  // measure 43
00100
00000
00000
00000
,  // measure 44
00001
00000
00000
00000
,  // measure 45
00100
00000
00000
00000
,  // measure 46
01000
00000
00000
00000
,  // measure 47
00100
00000
00000
00000
,  // measure 48
00001
00000
00000
00000
,  // measure 49
00100
00000
00000
00000
,  // measure 50
01000
00000
00000
00000
,  // measure 51
00100
00000
00000
00000
,  // measure 52
00100
00000
00000
00000
,  // measure 53
10000
00000
00000
00000
,  // measure 54
00100
00000
00000
00000
,  // measure 55
00100
00000
00000
00000
,  // measure 56
01000
00000
00010
00000
,  // measure 57
01000
00000
00000
00000
,  // measure 58
00010
00000
00000
00000