// measure 0
00000
00000
00000
00000
,  // measure 1
00000
00000
00000
00000
,  // measure 2
00000
00000
00000
00000
,  // measure 3
00000
00000
00000
00000
,  // measure 4
01000
00000
00010
00000
,  // measure 5
01000
00000
00000
00000
,  // measure 6
00010
00000
01000
00000
,  // measure 7
00010
00000
00000
00000
,  // measure 8
00100
00000
00000
00000
,  // measure 9
00100
00000
00000
00000
,  // measure 10
10100
00000
00000
00000
,  // measure 11
00100
00000
00100
00000
,  // measure 12
00100
00000
00100
00000
,  // measure 13
00000
00000
01010
00000
,  // measure 14
00000
00000
01000
00000
,  // measure 15
00010
00000
01010
00000
,  // measure 16
00000
00000
00100
00000
,  // measure 17
01010
00000
00000
00000
,  // measure 18
00110
00000
00010
00000
,  // measure 19
01100
00000
01000
00000
,  // measure 20
01010
00000
00000
00000
,  // measure 21
01010
00000
00000
00000
,  // measure 22
00200
00000
00300
00000
,  // measure 23
00200
00000
00300
00000
,  // measure 24
02020
00000
00000
00000
,  // measure 25
00000
00000
03030
00000
,  // measure 26
00000
00000
00000
00000
,  // measure 27
00100
00000
00000
00000
,  // measure 28
10000
00000
00000
00000
,  // measure 29
00001
00000
00000
00000
,  // measure 30
00001
00000
10000
00000
,  // measure 31
00001
00000
10000
00000
,  // measure 32
00001
00000
00100
00000
,  // measure 33
10000
00000
00100
00000
,  // measure 34
00001
00000
00000
00000
,  // measure 35
10100
00000
00000
00000
,  // measure 36
00101
00000
00000
00000
,  // measure 37
10100
00000
00000
00000
,  // measure 38
10001
00000
00000
00000
,  // measure 39
00100
00000
00000
00000
,  // measure 40
10000
00000
00001
00000
,  // measure 41
10000
00000
00000
00000
,  // measure 42
10100
00000
00000
00000
,  // measure 43
00002
00000
00003
00000
,  // measure 44
00200
00000
00300
00000
,  // measure 45
00002
00000
00003
00000
,  // measure 46
10100
00000
00000
00000
,  // measure 47
00101
00000
00000
00000
,  // measure 48
00100
00000
00100
00000
,  // measure 49
00200
00000
00300
00000
,  // measure 50
00010
00000
00100
00000
,  // measure 51
00010
00000
00000
00000
,  // measure 52
01000
00000
00100
00000
,  // measure 53
01000
00000
00000
00000
,  // measure 54
00010
00000
01000
00000
,  // measure 55
00010
00000
01000
00000
,  // measure 56
01100
00000
00110
00000
,  // measure 57
01100
00000
00010
00000
,  // measure 58
01010
00000
00000
00000