0000000000
0000000000
0000000000
0000000000
0000000000
0000000000
0000000000
0000000000
0000110000
0000000000
0001000000
0000001000
0001000000
0000001000
0001000000
0000001000
,
0002000000
0003020000
0000032000
0000003200
0000020300
0000030002
0000000023
0000000230
,
0000002300
0000000000
0000023000
0000000000
0000230000
0000000000
0001300000
0010000000
0000100000
0001000000
0000001000
0000020000
0000000200
0000000000
0000030000
0000000300
,
0000002000
0000023000
0000230000
0000302000
0002003000
0003020000
0000230000
0002300000
,
0013000000
0100000000
1000000000
0100000000
0020000000
0000000000
0031000000
0000000000
0000100000
0000010000
0000001000
0000000100
0000000020
0000000000
0000000031
0000000000
,
0000000001
0000000100
0000000001
0000001000
0000000100
0000010000
0000001000
0001000000
0000100000
0010000000
0001000000
0200000000
0020000000
0000000000
0300000000
0030000000
,
1000000000
0000000000
0000000000
0000000000
1011000000
0000000000
0000000000
0000000000
0001000000
0010000000
0000100000
0001000000
0000100000
0010000000
0001000000
0000100000
,
0000010000
0000001000
0000000100
0000010000
0000000001
0000000100
0000000010
0000001000
0000000001
0000000100
0000000010
0000001000
0000000100
0000010000
0000001000
0001000000
,
0000010000
0010000000
0000010000
0001000000
0000010000
0000100000
0001000000
0010000000
0000100000
1000000000
0001000000
0100000000
0000100000
0010000000
0001000000
0000100000
,
0000010000
0010000000
0000200000
0000300000
0001000000
0000001000
0000020000
0000030000
0000000100
0000001000
0000000020
0000000030
0000000100
0000000001
0000010000
0000000100
,
0000002000
0000000000
0000000000
0000000000
0000003001
0000000000
0000000000
0000000000
0000000001
0000000010
0000000001
0000000100
0000000010
0000001000
0000010000
0000100000
,
0001000000
0100000000
0000100000
1000000000
0010000000
0000000000
0000000000
0000000000
0200000000
0000000000
0000000000
0300020000
0000000000
0000000000
0000230000
0000000000
,
0000300010
0000100000
0000001000
0000010000
0000000100
0000001000
0000000001
0000000100
,
0000000010
0000000000
0000000000
0000000100
0000000000
0000000000
0000000010
0000000000
0000000000
0000000100
0000000000
0000000000
0000000010
0000000000
0000000000
0000000100
0000000000
0000000000
0000000010
0000000000
0000000000
0000001000
0000000000
0000000000
0000000100
0000000000
0000000000
0000010000
0000000000
0000000000
0000000001
0000000000
0000000000
0000001000
0000000000
0000000000
0000000010
0000000000
0000000000
0000010000
0000000001
0000000000
0000010000
0000000000
0000000001
0000000000
0000010000
0000000000
,
0000000001
0000000000
0000000000
0000000000
0000001101
0000000000
0000000000
0000000000
0000001000
0000000100
0000010000
0000001000
0000010000
0000000100
0000001000
0000010000
,
0000100000
0001000000
0010000000
0000100000
1000000000
0010000000
0100000000
0001000000
1000000000
0010000000
0100000000
0001000000
0010000000
0000100000
0001000000
0000001000
,
0000100000
0000000100
0000100000
0000001000
0000100000
0000010000
0000001000
0000000100
0000010000
0000000001
0000001000
0000000010
0000010000
0000000100
0000001000
0000010000
,
0000100000
0000000100
0000020000
0000030000
0000001000
0001000000
0000200000
0000300000
0010000000
0001000000
0200000000
0300000000
0010000000
1000000000
0000100000
0010000000
,
0002000000
0000000000
0000000000
0000000000
1003000000
0000000000
0000000000
0000000000
1000000000
0100000000
1000000000
0010000000
0100000000
0001000000
0000100000
0000010000
,
0000001000
0000000010
0000010000
0000000001
0000000100
0000000000
0000000000
0000000000
0000000020
0000000000
0000000000
0000200030
0000000000
0000000000
0000320000
0000000000
,
0100030000
0000010000
0001000000
0000100000
0010000000
0001000000
1000000000
0010000000
,
0100000000
0000000000
0010000000
0000000000
0100000000
0000000000
0010000000
0000000000
0100000000
0010000000
0100000000
0000000000
0010000000
0000000000
1000000000
0000000000
0000100000
0000000000
0010000000
0000000000
0001000000
0000000000
0000010000
0000000000
0000001000
0000000000
0001000000
0000000000
0000100000
0000000000
0010000000
0000000000
,
0001000000
0100000000
0010000000
1000000000
0100000000
1000000000
0010000000
0100000000
0001000000
0010000000
0000100000
0001000000
0000001000
0000010000
0000000100
0000001000
,
0000010000
0000100000
0000001000
0000010000
0000000100
0000001000
0000000010
0000000100
0000000001
0000010000
0000000100
0000001000
0000000001
0000000100
0000000020
0000000030
,
0000001000
0000000010
0000000100
0000000001
0000000010
0000000001
0000000100
0000000010
0000001000
0000000100
0000010000
0000001000
0001000000
0000100000
0010000000
0001000000
,
0000100000
0000000000
0000000000
0000010000
0000000000
0000000000
0001000000
0000000000
0000000000
0000100000
0000000000
0000000000
0010000000
0000000000
0000000000
0001000000
0010000000
0000000000
0001000000
0000000000
0010000000
0000000000
0001000000
0000000000
0100000000
0000000000
0000000000
0010000000
0000000000
0000000000
1000000000
0000000000
0000100000
0000000000
0010000000
0000000000
0000100000
0000000000
0010000000
0000000000
0000100000
0000000000
1000000000
0000000000
0000000000
0002000000
0000000000
0000000000
,
0200000000
0000000000
0000000000
0000000000
0303000000
0000000000
0010000000
0000100000
,
1000000000
0000000000
0001000000
0010000000
0000100000
0001000000
0000001000
0000000000
0000010000
0000000000
0000000100
0000001000
0000010000
0000001000
0000000100
0000000000
,
0000100000
0000000000
0000000010
0000000100
0000000010
0000000100
0000000010
0000000000
0000010000
0000000000
0000000001
0000000100
0000010000
0000000100
0000000001
0000000000
,
0000001000
0000000000
0000000010
0000000100
0000001000
0000010000
0000000100
0000000000
0001000000
0000000000
0000100000
0010000000
0001000000
0100000000
0000010000
0000000000
,
0010000000
0000000000
0001000000
0000100000
0000010000
0000001000
0000000100
0000000000
0000010000
0000000000
0000000010
0000000100
0000000001
0000010000
0000000100
0000001000
,
0000020000
0000230000
0000302000
0002003000
0003200000
0020300000
0030002000
0000023000
,
0000030200
0000002300
0000203000
0002300000
0003002000
0000203000
0002300000
0023000000
,
0030100000
1000000000
0000100000
0100000000
0000100000
1000000000
0001000000
1000000000
0000100000
0010000000
0001000000
0000100000
0000010000
0000001000
0000000100
0000010000
,
0000000010
0000000000
0000000000
0000000100
0000000000
0000000000
0000000010
0000000000
0000000000
0000100000
0000000000
0000000000
0000000100
0000000000
0000000000
0000100000
0000000000
0000000000
0001000000
0000000000
0000000000
0010000000
0000000000
0000000000
0000010000
0000000000
0000000000
0001000000
0000000000
0000000000
0000100000
0000000000
0000000000
0010000000
0000000000
0000000000
0001000000
0000000000
0000000000
0100000000
0000010000
0000000000
0010000000
0000000000
0000100000
0000000000
0100000000
0000000000
,
0000010000
0000000000
0000000000
0000000000
1011001000
0000000000
0000000000
0000000000
0000001000
0100000000
0000001000
0010000000
0000001000
0100000000
0000001000
0000000000
,
0002000000
0003200000
0020300000
0030002000
0000023000
0000030020
0000002030
0000003002
,
0000000203
0000020300
0000230000
0000302000
0002003000
0003020000
0000230000
0000300100
,
0000100010
0000100100
0000101000
0000110000
0001010000
0010010000
0100010000
1000010000
,
0200010000
0300200000
0002300000
0003000200
0000020300
0000032000
0002003000
0003000200
,
0000020300
0000000000
0000030002
0000000000
0000000203
0000000000
0000000320
0000000000
0000001030
0000000100
0000001000
0000010000
0000001000
0000000000
0000001010
0000000000
,
0000000020
0000000000
0000020030
0000000000
0000030200
0000000000
0000001300
0000000000
0000010000
0000100000
0000001000
0001000000
0000100000
0010000000
0001000000
0000100000
,
0000010000
0000000000
0000000000
0010000000
0000000000
0000000000
0001000000
0000000000
0000000000
0010000000
0000000000
0000000000
0001000000
0000000000
0000000000
0000010000
0000000000
0000000000
0001000000
0000000000
0000000000
0000010000
0000000000
0000000000
0000000100
0000000000
0000001000
0000000000
0000010000
0000000000
0000100000
0000000000
0000000000
0000000100
0000000000
0000000000
0000001000
0000000000
0000000000
0000010000
0000000000
0000000000
0000100000
0000000000
0000000000
0000000010
0000000000
0000000000
,
0000100000
0000000000
0000000000
0000000000
0001001101
0000000000
0000000000
0000000000
0001000000
0000000010
0001000000
0000000100
0001000000
0000000010
0001000000
0000000000
,
0000002000
0000023000
0000030200
0002000300
0003200000
0200300000
0302000000
2003000000
,
3020000000
0030200000
0000320000
0002030000
0003002000
0000203000
0000320000
0010030000
,
0100010000
0010010000
0001010000
0000110000
0000101000
0000100100
0000100010
0000100001
,
0000100020
0000020030
0000032000
0020003000
0030200000
0002300000
0003002000
0020003000
,
0030200000
0000000000
2000300000
0000000000
3020000000
0000000000
0230000000
0000000000
0301000000
0010000000
0001000000
0000100000
0001000000
0000000000
0101000000
0000000000
,
0200000000
0000000000
0300200000
0000000000
0020300000
0000000000
0031000000
0000000000
0000100000
0000010000
0001000000
0000001000
0000010000
0000000100
0000001000
0000010000
,
0000100000
0000000000
0000000000
0000000100
0000000000
0000000000
0000001000
0000000000
0000000000
0000000100
0000000000
0000000000
0000001000
0000000000
0000000000
0000100000
0000000000
0000000000
0000001000
0000000000
0000000000
0000100000
0000000000
0000000000
0010000000
0000000000
0001000000
0000000000
0000100000
0000000000
0000010000
0000000000
0000000000
0010000000
0000000000
0000000000
0001000000
0000000000
0000000000
0000100000
0000000000
0000000000
0100000000
0000000000
0000000000
2000000000
0000000000
0000000000
,
0000200000
0000000000
0000000000
0000000000
0000000000
0000000000
0000000000
3000300000
,
0100000000
0010000000
0100000000
0001000000
0010000000
0000100000
0001000000
0000001000
0000010000
0000000100
0000001000
0000010000
0000100000
0000001000
0000010000
0000000100
,
0000001000
0000000001
0000000100
0000000010
0000010000
0000001000
0001000000
0000100000
0010000000
0001000000
0000100000
0000010000
0000001000
0000000100
0000010000
0000000001
,
0000000001
0000000100
0000000001
0000010000
0000000100
0000001000
0000010000
0000100000
0001000000
0010000000
0000100000
0001000000
0000001000
0000100000
0001000000
0010000000
,
0000100000
0100000000
0010000000
1000000000
0001000000
0000100000
0000010000
0000001000
0000000100
0000010000
0000001000
0001000000
0000100000
0010000000
0001000000
0100000000
,
0001000000
0000000000
0000000000
1000000000
0000000000
0000000000
0010000000
0000000000
0000000000
0100000000
0000000000
0000000000
0000100000
0000000000
0000000000
0010000000
0000000000
0000000000
0001000000
0000000000
0000000000
0000100000
0000000000
0000000000
0000010000
0000000000
0000001000
0000000000
0000000100
0000000000
0000010000
0000000000
0000000001
0000000000
0000000000
0000000000
0000000100
0000000000
0000000000
0000000010
0000000000
0000000000
0000001000
0000000000
0000000000
0000000100
0000000000
0000000000
,
0000001000
0000000000
0000000000
0000000001
0000000000
0000000000
0000000100
0000000000
0000000000
0000000010
0000000000
0000000000
0000010000
0000000000
0000000000
0000000100
0000000000
0000000000
0000001000
0000000000
0000000000
0000010000
0000000000
0000000000
0000100000
0000000000
0001000000
0000000000
0010000000
0000000000
0000100000
0000000000
1000000000
0000000000
0000000000
0000000000
0010000000
0000000000
0000000000
0100000000
0000000000
0000000000
0001000000
0000000000
0000000000
0010000000
0000000000
0000000000
,
0000100000
0000000000
0000000000
0001000000
0000000000
0000000000
0000100000
0000000000
0010000000
0000000000
0001000000
0000000000
0010000000
0000000000
0000000000
0000100000
0000000000
0000000000
0001000000
0000000000
0000000000
0000001000
0000000000
0000000000
0000010000
0000000000
0000000000
0000000100
0000000000
0000000000
0000001000
0000000000
0000000100
0000000000
0000001000
0000000000
0000000100
0000000000
0000000000
0000010000
0000000000
0000000000
0000000010
0000000000
0000000000
0000001000
0000000000
0000000000
,
0000000001
0000000000
0000000000
0000001000
0000000000
0000000000
0000010000
0000000000
0000000000
0000100000
0000000000
0000000000
0000000100
0000000000
0000000000
0000001000
0000000000
0000000000
0000010000
0000000000
0000000000
0000100000
0000000000
0000000000
0001000000
0000000000
0100000000
0000000000
0010000000
0000000000
1000000000
0000000000
0000000000
0010000000
0000000000
0000000000
0000100000
0000000000
0000000000
0000010000
0000000000
0000000000
0001000000
0000000000
0000001000
0000000000
0010000100
0000000000
,
0000200000
0000000000
0020002200
0000000000
0000000000
0000000000
0000000000
0030303300
,
0000110000
0000101000
0001010000
0010000100
0001001000
0000110000
0020000200
0000000000
,
0030110300
0000000000
0000000000
0000000000