// measure 0
00000
00000
00000
00000
,  // measure 1
00000
00000
00000
00000
,  // measure 2
00000
00000
00000
00000
,  // measure 3
00000
00000
00000
00000
,  // measure 4
00000
00000
00000
00000
,  // measure 5
00000
00000
00000
00000
,  // measure 6
01000
00010
01000
00100
10000
00001
10000
00100
,  // measure 7
01000
00010
00100
01000
00100
00010
10000
00100
,  // measure 8
00010
00100
01000
00100
01000
00010
00100
00001
,  // measure 9
10001
00100
01010
00100
,  // measure 10
10010
00100
01001
00100
,  // measure 11
00010
00010
01000
01000
00001
00100
00010
00100
,  // measure 12
00001
10000
00100
01000
00100
10000
00010
00100
,  // measure 13
00001
00100
00001
00100
00010
01000
00010
01000
00001
10000
00001
10000
00100
01000
00010
01000
,  // measure 14
00100
10000
00001
00100
,  // measure 15
00010
00100
00010
00100
00010
00100
00010
00100
,  // measure 16
01000
00100
00010
00100
01000
00100
00010
00100
,  // measure 17
00010
01000
00100
10000
00010
01000
00100
10000
,  // measure 18
00010
00100
01000
00100
10000
00100
00001
00100
,  // measure 19
00010
00100
01000
00100
10000
00100
00001
00100
,  // measure 20
00010
01000
00100
00010
00100
00001
00100
10000
,  // measure 21
00100
01000
00100
00010
00100
00001
00100
10000
,  // measure 22
00100
00000
01000
00100
01000
00000
00010
00000
00100
00000
00010
00000
00100
00000
00010
00000
,  // measure 23
01010
00100
01001
00100
10010
00100
10001
00100
,  // measure 24
00010
00000
00010
01000
00010
00000
00100
00000
00010
00000
01000
00000
00001
00000
00100
00000
,  // measure 25
00010
10000
00001
01000
00100
10000
00010
00100
,  // measure 26
00001
00000
10000
00100
10000
00000
00001
00000
00100
00000
00010
00000
01000
00000
00100
00000
,  // measure 27
01100
00100
01000
00010
00110
00010
01000
00010
,  // measure 28
00100
00000
00001
00100
00001
00000
10000
00000
00010
00000
01000
00000
00010
00000
00001
00000
,  // measure 29
00011
00010
00100
00001
00011
00100
01000
00100
,  // measure 30
10000
00001
10000
00001
10000
00001
10000
00001
10000
00100
10000
00100
01000
00100
01000
00100
,  // measure 31
01000
00010
01000
00010
01000
00010
01000
00010
00100
00010
00100
00010
01000
00000
00010
00000
,  // measure 32
00100
00000
00000
00000
00000
00000
10000
00100
10000
00000
00100
01000
00100
00000
01000
00010
,  // measure 33
00100
00000
00100
00001
01000
00000
00100
10000
00001
00000
01000
00010
00100
00000
00010
00000
,  // measure 34
01000
00100
01000
00010
00100
00010
01000
00100
10000
00001
00100
00001
10000
00001
00100
00010
,  // measure 35
01000
00000
00000
00000
00000
00000
00010
00100
00010
00000
00100
00001
00100
00000
00001
00100
,  // measure 36
00010
00000
10000
00001
00100
00000
00010
01000
00100
00000
00100
01000
00001
00000
10000
00000
,  // measure 37
00010
01000
00010
01000
00100
10000
00100
10000
00001
00100
00010
01000
00010
01000
00100
10000
,  // measure 38
00001
00000
00000
00000
00000
00000
00100
00010
01000
00000
00001
00000
00100
00000
01000
00000
,  // measure 39
10000
01000
10000
00001
00010
00001
00100
00010
,  // measure 40
00100
00001
01000
00010
10000
00100
00010
00001
,  // measure 41
00100
00010
00100
00010
10000
00100
10000
00100
10000
00001
10000
00001
00100
00001
00100
00010
,  // measure 42
01000
00010
01000
00010
01000
00100
01000
00100
10000
00100
10000
00001
10000
00001
00100
00001
,  // measure 43
01000
00100
01000
00010
00100
00010
01000
00100
01000
00010
01000
00010
00100
00001
00100
00001
,  // measure 44
10000
00010
00100
00001
,  // measure 45
10000
00001
10000
00001
01000
00010
01000
00010
,  // measure 46
01000
00100
10000
00100
10000
00100
10000
00010
01000
00010
00100
00001
00100
00001
01000
00010
,  // measure 47
00100
00000
00000
00000
,  // measure 48
00010
10000
00001
01000
00010
10000
00001
01000
00100
01000
00010
00100
00001
10000
00100
01000
,  // measure 49
00100
00000
00000
00000
,  // measure 50
00100
01000
00010
00100
00010
01000
00100
10000
00001
00100
00001
10000
00100
10000
00001
00100
,  // measure 51
00001
00000
00000
00000
,  // measure 52
00100
00010
00100
00010
01000
00100
01000
00100
10000
00001
10000
00001
00100
00000
00000
00000
,  // measure 53
00100
00001
10000
00001
00100
00010
01000
00100
01000
00010
01000
00010
00100
00000
00000
00000
,  // measure 54
00001
10000
00001
00100
00010
00100
10000
01000
00100
00010
00001
00100
00010
01000
00100
10000
,  // measure 55
00100
01010
00000
00000