00000
00000
00000
00000
,
01010
00000
00000
00000
00010
00000
01100
00000
00000
00000
00020
00030
00200
00300
00002
00003
,
00020
00030
00001
00010
00001
00100
00010
01000
00200
00300
01000
00010
00100
00001
10000
00100
,
01000
00100
01000
00100
01000
00010
01000
00010
00100
00001
00100
00001
10000
00100
01000
00100
,
01100
00100
01001
00100
,
10010
00000
00100
00000
10001
00001
10001
10000
,
00002
00003
00200
00300
00020
00030
00002
00003
00200
00300
20000
30000
02000
03000
20000
30000
,
00200
00300
10000
01000
10000
00100
01000
00010
00200
00300
00010
00100
00001
01000
00100
10000
,
00001
00100
00001
00100
00001
01000
00001
01000
00100
01000
00100
01000
00010
01000
00100
10000
,
00110
00100
01100
00100
,
01010
00000
10001
00000
00100
00100
00100
00100
,
00020
00030
00200
00300
00002
00003
02000
03000
00020
00030
20000
30000
00200
00300
00020
00030
,
00002
00003
00100
00010
00100
00001
10000
00100
02000
03000
00010
01000
00100
10000
00001
00100
,
00010
01000
00100
01000
00010
00100
01000
10000
00100
01000
10000
00100
00001
10000
00100
00001
,
00011
00100
01010
00100
,
01001
01001
10010
10010
,
10001
00000
10001
00000
01010
00100
10001
00100
,
00002
00003
00200
00300
20000
30000
02000
03000
00200
00300
20000
30000
02000
03000
00200
00300
,
00020
00030
00200
00300
00002
00003
02000
03000
00020
00030
20000
30000
00020
00030
00002
00003
,
00200
00300
20000
30000
00020
00030
02000
03000
00200
00300
02000
03000
00020
00030
20000
30000
,
02000
03000
00200
00300
00020
00030
02000
03000
00002
00003
00200
00300
00020
00030
02000
03000
,
00100
10000
00010
10000
00100
10000
00010
01000
00001
00100
10000
01000
00100
00010
00001
00100
,
00101
00000
00001
00100
10000
00000
01000
00100
10000
00000
01000
00000
00100
00000
00010
00000
,
10010
10000
01001
00001
10010
00010
01001
01000
,
01100
00000
01000
00100
00010
00001
00100
00010
01000
00000
00100
00000
00010
00000
00001
00000
,
00011
00010
00110
00100
01100
00100
10100
10000
,
01000
00000
10000
00100
00001
00100
10000
01000
00100
00000
00010
00000
00100
00000
00001
00000
,
10001
00001
00011
00010
01010
01000
11000
10000
,
10001
00000
00001
00100
10000
01000
00100
00010
00001
00000
00100
00000
00010
00000
00001
00000
,
00011
00100
11000
00100
00011
00100
22000
00000
,
00000
00000
00000
00000
00000
00000
00000
00000
00000
00000
00000
00000
30000
03000
00000
00000
00000
00000
00000
00000
00000
00000
00000
00000
00000
00000
00000
00000
00000
00000
00000
00000
00000
00000
00000
00000
10000
00000
00000
01000
00000
00000
10000
00000
00000
00100
00000
00000
,
01000
00010
00100
00001
01000
00010
10000
00010
00100
01000
00100
00010
10000
00001
00100
10000
,
00100
00001
01000
00010
00100
00001
00010
00100
01000
00010
00100
01000
10000
00000
00100
10000
,
10010
00000
10000
00100
10000
00000
01000
00100
01000
00000
10000
00100
10000
00100
00001
00100
,
00001
00100
10000
00100
01000
00010
00100
00001
00100
00010
10000
00010
00100
00001
01000
00100
,
10000
00010
00100
00001
10000
00100
01000
00010
01000
00001
00100
00010
01000
00000
00010
00100
,
10010
00000
10000
00100
10000
00000
00010
00100
00010
00000
01000
00001
00100
00010
00100
00010
,
01000
00100
01000
00100
10000
00001
00100
00010
00001
00010
00100
01000
10000
00100
00001
00010
,
00100
01000
00100
00010
00001
00100
10000
01000
00100
00010
01000
00001
10000
00000
00100
01000
,
00110
00000
01000
00100
02000
03000
00010
00100
00020
00030
10000
00100
01000
00010
01000
00010
,
00100
00001
00100
00001
10000
00010
01000
00100
01000
00001
00100
00010
10000
01000
10000
00100
,
01000
00010
00100
00001
01000
00010
01000
00001
00010
00100
01000
00001
01000
00010
01000
00010
,
00100
00001
00100
00010
01000
10000
01000
00100
10000
00010
00100
00010
01000
00001
01000
00001
,
00010
00100
01000
00100
10000
00010
01000
00100
01000
00001
00010
00001
01000
00010
00100
00001
,
10000
00100
00001
00010
00100
01000
10000
01000
00100
00010
00001
00100
10000
00000
00000
00000
,
00010
00000
00000
00000
00000
00000
00000
00000
00010
00000
00000
00000
01000
00000
00000
00000
00001
00000
00000
00000
10000
00000
00000
00000
00100
10000
00100
10000
00010
01000
00010
01000
,
00001
00100
00001
00100
00001
00010
00100
01000
00010
00000
01000
00000
00100
00000
10000
00000
00010
00000
10000
00000
00001
00000
00100
00000
00010
00000
01000
00000
00100
00000
10000
00000
,
01000
00000
10000
00000
00100
00000
01000
00000
00010
00100
00001
10000
00100
10000
00001
00100
00010
01000
00100
10000
00010
00100
00001
00100
00010
00000
01000
00000
00100
00000
10000
00000
,
00010
00000
00100
00000
00001
00000
10000
00000
01000
00000
00100
00000
00010
00000
00100
00000
00001
00000
10000
00000
00010
00000
00100
00000
00010
01000
00100
10000
00100
01000
00010
00100
,
00001
00010
00001
00100
00010
01000
00100
10000
00001
00000
01000
00000
00100
00000
10000
00000
00010
00000
10000
00000
00100
00000
01000
00000
00100
00000
10000
00000
00010
00000
00100
00000
,
00001
00000
00010
00000
00100
00000
01000
00000
00010
00100
00001
00100
00010
01000
00100
10000
00100
01000
00010
00100
00010
10000
00001
00100
00010
00000
00100
00000
00010
00000
00100
00000
,
00010
01000
00010
01000
00100
01000
00100
01000
10000
01000
10000
01000
10000
00100
10000
00100
,
00001
00100
00001
00100
00001
00010
00001
00010
00100
00010
00100
00010
00001
00010
00100
01000
,
00001
00010
00100
01000
00001
00010
00100
01000
10000
01000
00100
00010
00002
00000
00000
00000
,
00123
00000
00000
00000
,
00030
00000
00000
00000