0000000000
0000000000
0000000000
0000000000
,
0000000000
0000000000
0000000000
0000000000
,
0000000000
0000000000
0000000000
0000000000
,
0000000000
0000000000
0000000000
0000000000
,
0000000000
0000000000
0000000000
0000000000
,
0000000000
0000000000
0000000000
0000000000
,
0001000000
0000001000
0001000000
0000001000
0000100000
0000010000
0000100000
0000010000
,
0000001000
0000000100
0000010000
0000001000
0001000000
0010000000
0001000000
0000001000
,
0000010000
0001000000
0010000000
0000100000
0000001000
0000000100
0000100000
0000010000
,
0000110000
0010000000
0011000000
0000001000
,
0000001100
0000010000
0001010000
0010000000
,
0000001000
0000001000
0001000000
0001000000
0000100000
0010000000
0001000000
0010000000
,
0000010000
0000100000
0010000000
0000100000
0000010000
0000000100
0000010000
0000100000
,
0000001000
0001000000
0000010000
0000100000
0000001000
0001000000
0000010000
0000100000
,
0010000000
0000100000
0000001000
0001000000
,
0001000000
0000001000
0001000000
0000001000
0001000000
0000001000
0001000000
0000001000
,
0001000000
0010000000
0001000000
0000001000
0001000000
0010000000
0001000000
0000001000
,
0001000000
0000001000
0000010000
0000000100
0001000000
0000001000
0000010000
0000000100
,
0000001000
0000100000
0010000000
0001000000
0000010000
0000000100
0000001000
0000100000
,
0010000000
0001000000
0000010000
0000000100
0000100000
0000001000
0001000000
0000010000
,
0000100000
0000010000
0010000000
0000100000
0010000000
0001000000
0010000000
0000010000
,
0000100000
0000010000
0000100000
0000000100
0000010000
0000000100
0000001000
0000010000
,
0000100000
0000000000
0000000000
0000000000
,
0000010100
0000000100
0000001100
0000001000
0001001000
0001000000
0011000000
0010000000
,
0000100000
0000000000
0000000000
0000000000
,
0000001000
0000100000
0000010000
0001000000
0000001000
0001000000
0000010000
0000100000
,
0010000000
0000000000
0000000000
0000000000
,
0001010000
0000010000
0000101000
0000100000
0010010000
0000100000
0000100100
0000010000
,
0000100000
0000000000
0000000000
0000000000
,
0000011000
0000100000
0001000000
0010000000
0001100000
0000001000
0000010000
0000000100
,
0001000000
0000001000
0001000000
0000001000
0001000000
0000000100
0000001000
0000000100
,
0000100000
0000010000
0000100000
0000010000
0010000000
0000010000
0010000000
0000100000
,
0010000000
0000000000
0000000000
0000000000
0010000000
0000100000
0001000000
0000001000
,
0000010000
0000000100
0000010000
0001000000
0000010000
0000001000
0001000000
0000100000
,
0000001000
0000100000
0010000000
0001000000
0010000000
0000100000
0000001000
0000100000
,
0001000000
0000000000
0000000000
0000000000
0000010000
0000100000
0000001000
0001000000
,
0000010000
0010000000
0000100000
0001000000
0000010000
0001000000
0000001000
0000100000
,
0000010000
0001000000
0000100000
0010000000
0000001000
0001000000
0000010000
0010000000
,
0000100000
0000000000
0000000000
0000000000
0001000000
0000001000
0000100000
0001000000
,
0010000000
0001000000
0000100000
0000001000
0000010000
0000001000
0000100000
0000010000
,
0000100000
0000001000
0001000000
0000010000
0010000000
0000100000
0000001000
0000000100
,
0000010000
0000001000
0000100000
0000001000
0010000000
0001000000
0000100000
0000010000
,
0010000000
0000100000
0001000000
0000010000
0010000000
0000100000
0001000000
0000001000
,
0000010000
0000000100
0001000000
0000001000
0010000000
0001000000
0010000000
0001000000
,
0010000000
0000000100
0000100000
0000010000
,
0000100000
0000010000
0000100000
0000010000
0001000000
0000001000
0001000000
0000001000
,
0001000000
0000010000
0000100000
0000001000
0001000000
0000010000
0000100000
0000001000
,
0001000000
0000000000
0000000000
0000000000
,
0000001000
0000100000
0000010000
0001000000
0000001000
0000100000
0000010000
0001000000
,
0000001000
0000000000
0000000000
0000000000
,
0000000100
0001000000
0000001000
0010000000
0000001000
0001000000
0000000100
0000100000
,
0000010000
0000000000
0000000000
0000000000
,
0001000000
0000100000
0000010000
0000100000
0000010000
0001000000
0000100000
0010000000
,
0001000000
0000100000
0000010000
0000100000
0000010000
0001000000
0000100000
0001000000
,
0000100000
0010000000
0000100000
0001000000
0000001000
0000000100
0000010000
0001000000
,
0000001000
0001001000
0000000000
0000000000