0000000000
0000000000
0000000000
0000000000
,
0110000000
0011000000
1010000000
0010100000
,
0010000000
0000000000
0000000000
0000000000
0000000000
1000100000
1000100000
0000000000
,
0000000110
0000001100
0000000101
0000010100
,
0000000100
0000100000
1000000000
0000000000
0000000000
0000010000
0000000001
0000000000
,
1000010000
0001000001
0100001000
0000100001
0010000100
0000100001
1000010000
0000000000
,
0100001000
0001000010
0110001100
0011000110
,
1000010000
0000100001
1000110001
0010000100
,
1000000000
1010000000
0000000001
0000000101
,
0010000100
0000000000
0001000010
0000000000
0000100001
0000000000
0000000000
0001000010
,
0100001000
0000000000
0001000010
0100001000
,
0010000100
0000000000
0100001000
0101001010
,
0010000100
0000000000
0101001010
0000000000
,
0000110000
1000000001
0100000010
0001001000
,
0100001000
0001000010
0110001100
0011000110
,
1000010000
0000100001
1000110001
0010000100
,
1000000000
1010000000
0000000001
0000000101
,
0010000100
0000000000
0001000010
0000000000
0000100001
0000000000
0000000000
0001000010
,
0100001000
0000000000
0001000010
0100001000
,
0010000100
0000000000
0100001000
0101001010
,
0000100001
1000010000
0100001000
0001000010
,
1001000000
0100100000
0000010010
0000001001
,
0001000000
0010000000
0001000000
0010000000
0100000000
0010000000
0100000000
0010000000
,
1000000000
0010000000
1000000000
0010000000
0000100000
0010000000
0000100000
0000000000
,
0000000010
0000000100
0000001000
0000000100
0000000010
0000000100
0000001000
0000000100
,
0000000010
0000001000
0000000010
0000001000
0000000010
0000001000
0000001010
0000000000
,
0000000000
0000000000
0000000000
0000000000
0000000000
0000000000
1000010000
0000100001
,
0010000100
0000000000
0000000000
0000000000
1000010000
0000000000
0000000000
0000100001
,
0000000000
0000000000
0000000000
0000000000
,
1000110001
0000000000
1001010010
0000000000
,
0100101001
0000000000
0000000000
0000000000
,
1010000000
0010100000
0000010100
0000000101
,
0011000000
0110000000
0000000110
0000001100
,
0101001010
0110001100
0011000110
1000110001
,
1000100000
0000010001
1000100000
0000010001
,
0100101001
0010000100
1001010010
0010000100
,
0100101001
0010000100
1001010010
0010000100
,
0100000000
0001000000
0000001000
0000000010
,
0101001010
0000000000
1010010100
0000000000
0010100101
0000000000
0000000000
0010000100
,
0001000010
0000000000
1000010000
0000100001
,
0010000100
0000000000
0100001000
1000010000
,
0001000010
0000100001
1000110001
0010000100
,
0000010001
1000100000
0000010001
1000100000
,
1001010010
0010000100
0100101001
0010000100
,
1001010010
0010000100
0100101001
0010000100
,
0100000000
0001000000
0000001000
0000000010
,
0101001010
0000000000
1010010100
0000000000
0010100101
0000000000
0000000000
0010000100
,
0001000010
0000000000
1000010000
0000100001
,
0010000100
0000000000
0100001000
1000010000
,
0001000010
0000100001
1000110001
0010000100
,
1000100000
0000010001
1000100000
0000010001
,
1000110001
0000000000
0000000000
0000000000
,
1001010010
0010000100
0100101001
0010000100
,
1001010010
0010000100
0100101001
0010000100
,
0100000010
1000000001
0100000010
1000000001
,
1000110001
0010000100
0101001010
0010000100
,
0100001000
0000000000
0001000010
0000000000
,
0100001000
0000000000
0001000010
0000000000
,
0000000000
0010000000
0100000000
0000000000
0000000000
0000000100
0000000010
0000000000
,
0001001000
0100000010
1000000001
0000110000
,
0000000000
0000000000
0000000000
0000000000
,
1000010000
0001000010
0100001000
0000100001
0010000100
0000100001
1000010000
0000000000
,
1000110001
0000000000
0000000000
0000000000