00000
00000
00000
00000
,
00000
00000
00000
00000
,
00000
00000
00000
00000
,
00000
00000
00000
00000
,
00000
00000
00000
00000
,
00000
00000
00000
00000
,
01000
00010
00100
00001
10000
00010
00100
00001
,
10000
00000
00010
00100
00010
00100
00001
10000
00100
01000
00010
00100
00010
00100
00001
10000
,
00100
01000
00001
00100
00010
00100
00001
01000
00100
01000
00001
00100
00010
00100
00001
01000
,
00100
01100
00010
00110
,
10000
00000
10100
00000
00001
00100
00101
10000
,
00010
01000
00100
10000
00001
01000
00100
10000
,
00001
00000
01000
00100
01000
00100
10000
00001
00100
00010
01000
00100
01000
00100
10000
00001
,
00100
00010
10000
00100
01000
00100
10000
00010
00100
00010
10000
00100
01000
00100
10000
00010
,
00100
00110
01000
01100
,
00001
00100
00101
00001
10000
00100
10100
10000
,
00010
00100
00110
00010
01000
00100
01100
01000
,
00002
00003
00020
00030
00200
00300
02000
03000
00020
00030
00002
00003
00200
00300
20000
30000
,
02000
03000
00200
00300
00020
00030
02000
03000
20000
30000
00200
00300
00002
00003
00020
00030
,
20000
30000
02000
03000
00200
00300
20000
30000
00020
00030
00200
00300
02000
03000
00002
00003
,
00020
00030
00200
00300
00002
00003
00020
00030
20000
30000
02000
03000
00200
00300
20000
30000
,
00001
00100
00010
00100
00001
10000
00100
01000
00100
10000
01000
00100
00010
01000
00100
10000
,
10010
00000
10000
00100
10000
00000
00010
00100
00010
00000
01000
00000
01000
00000
01000
00000
,
01010
00001
01010
10000
10001
00010
10001
01000
,
01001
00000
00001
00100
00001
00100
10000
01000
00100
00000
10000
00000
10000
00000
10000
00000
,
10001
00010
10001
01000
01010
00001
01010
10000
,
10010
00000
10000
00100
10000
00100
00001
00010
00100
00000
00001
00000
00001
00000
00001
00000
,
00011
00100
01001
00100
00011
00100
01001
00100
,
10010
00000
00010
00100
00001
00100
10000
01000
00100
00000
10000
00000
10000
00000
10000
00000
,
11000
00100
10010
00100
11000
00100
10010
00100
,
01000
00100
01000
00100
10000
00001
00100
00010
10000
00100
10000
00100
01000
00010
00100
00001
,
00010
00100
00010
00100
01000
00001
00100
00010
00001
00100
00001
00100
10000
00010
00100
00001
,
00010
00000
00001
10000
01000
10000
00001
00100
00010
01000
00100
10000
00010
01000
00100
10000
,
00010
00100
00001
10000
00010
00100
00001
10000
00010
01000
00001
10000
00010
01000
00001
10000
,
00100
00001
00010
00100
00001
00010
00100
01000
00100
00001
00010
00100
00001
00010
00100
01000
,
00010
00000
10000
00001
00010
00001
10000
00100
01000
00010
00100
00001
01000
00010
00100
00001
,
01000
00100
10000
00001
01000
00100
10000
00001
01000
00010
10000
00001
01000
00010
10000
00001
,
00100
10000
01000
00100
10000
01000
00100
00010
00100
10000
01000
00100
10000
01000
00100
00010
,
01000
00000
00001
10000
01000
10000
00100
01000
00001
00010
00100
01000
00001
00010
00100
01000
,
10000
01000
00100
00010
10000
01000
00100
00010
00001
00010
00100
01000
10000
01000
00100
00010
,
00001
00100
00010
01000
10000
01000
00010
10000
01000
10000
00100
01000
10000
01000
00100
10000
,
00001
01000
00010
01000
00100
01000
00010
01000
00001
00100
00010
10000
00100
01000
00010
00100
,
00001
10000
00010
10000
00100
10000
00010
10000
00001
00100
00010
10000
00100
01000
00010
00100
,
00001
00010
00001
00100
00001
01000
00001
10000
00010
10000
00100
10000
01000
00100
00010
01000
,
00200
00000
00000
00300
,
10000
00100
01000
10000
00100
10000
01000
00100
10000
00100
01000
10000
00100
10000
01000
00100
,
10000
00000
10000
01000
10000
01000
10000
01000
00100
00010
00001
00010
00001
00010
00001
00010
,
00001
00100
00001
00010
00100
00001
00100
00010
00001
00010
00100
00001
00010
00001
00100
00010
,
00001
00000
00001
00010
00001
00010
00001
00010
00100
01000
10000
01000
10000
01000
10000
01000
,
10000
00010
01000
00100
00010
00100
01000
00010
10000
00010
01000
00100
00010
00100
01000
00010
,
10000
00000
10000
00001
10000
00001
10000
00001
00100
00010
01000
00010
01000
00010
01000
00010
,
00001
00100
10000
00100
00001
00100
10000
00100
00001
00100
10000
00100
00001
00100
10000
00100
,
01000
00000
00001
10000
00001
00100
00010
00100
10000
01000
00100
00010
00001
10000
01000
00100
,
00010
00000
10000
00001
10000
00100
01000
00100
00001
00010
00100
01000
10000
00001
00010
00100
,
01000
00100
01000
00100
10000
00100
10000
00100
00001
00100
00001
00100
00001
00010
00100
01000
,
10000
00100
02002
00000
00000
00000
00000
00000
,
03003
00000
00000
00000