// measure 0
0000000000
0000000000
0000000000
0000000000
0000000000
0000000000
0000000000
0000000000
0000000000
0000000000
0000000000
0000000000
0000000000
0000000000
0000000000
0000000000
0100100000
0000000000
0000000000
0000000000
0010000000
0000000000
0100000000
0000000000
0010000000
0000000000
1000000000
0000000000
0001000000
0000000000
0000100000
0000000000
0000010000
0000000000
0000001000
0000001000
0000000010
0000000010
0000000100
0000000001
0000001000
0000000000
0000001000
0000001000
0000000010
0000000010
0000000100
0000000001
0000001000
0000000001
0000000100
0000000010
0000010000
0000000100
0000001000
0000000001
0000000100
0000000010
0000010000
0000000100
0000001000
0000000001
0000000100
0000000010
,  // measure 1
0000010010
0000000000
0000000000
0000000000
0000000100
0000000000
0000000000
0000000000
0001010000
0000000000
0000000000
0000000000
0010000000
0000000000
0000000000
0000000000
1001000000
0000000000
0000000000
0000000000
0010000000
0000000000
0000000000
0000000000
0100000000
0000000000
0001000000
0000000000
0000100000
0000000000
0000010000
0000000000
0000000100
0000000000
0000000010
0000000000
0000000100
0000000000
0000000001
0000000000
0000001000
0000000000
0000000100
0000000000
0000010000
0000000000
0000001000
0000000000
0001000000
0000000000
0001000000
0010000000
0100000000
0010000000
1000000000
0000100000
0100000000
0000000000
0100000000
0001000000
0010000000
0000100000
1000000000
0001000000
,  // measure 2
0100000000
0010000000
1000000000
0001000000
0010000000
0000100000
0100000000
0010000000
0100000000
0001000000
1000000000
0010000000
0100000000
0000100000
0010000000
0000100000
0010100000
0000000000
0000000000
0000000000
0001000000
0000000000
0000000000
0000000000
0001001000
0000000000
0000000000
0000000000
0000010000
0000000000
0000000000
0000000000
0000110000
0000000000
0000000000
0000000000
0001000000
0000000000
0000000000
0000000000
0101000000
0000000000
0010000000
0000000000
0000100000
0000000000
1000000000
0000000000
0010000000
0000000000
0100000000
0000000000
0010000000
0000000000
1000000000
0000000000
0001000000
0000000000
0010000000
0000000000
0000100000
0000000000
0001000000
0000000000
,  // measure 3
0000001000
0000000000
0000001000
0000000100
0000000010
0000000100
0000000001
0000010000
0000000010
0000000000
0000000010
0000001000
0000000100
0000010000
0000000001
0000001000
0000000010
0000000100
0000000001
0000001000
0000000100
0000010000
0000000010
0000000100
0000000010
0000001000
0000000001
0000000100
0000000010
0000010000
0000000100
0000010000
0000010100
0000000000
0000000000
0000000000
0000001000
0000000000
0000000000
0000000000
0001001000
0000000000
0000000000
0000000000
0000100000
0000000000
0000000000
0000000000
0010100000
0000000000
0000000000
0000000000
0001000000
0000000000
0000000000
0000000000
0000001100
0000000000
0000000000
0000000000
0000000001
0000000000
0000000000
0000000000
,  // measure 4
0000010001
0000000000
0000000010
0000000000
0000001000
0000010000
0000100000
0001000000
0100000000
0001000000
0010000000
0000100000
0100000000
0001000000
0010000000
0000100000
0100000000
0010000000
0001000000
0000001000
0000000100
0000000010
0000000100
0000000001
0000000100
0000010000
0000100000
0010000000
1000000000
0010000000
0100000000
0010000000
,  // measure 5
0001000000
0000000000
0000001000
0000000000
0000000100
0000000000
0000000010
0000000000
0000000001
0000000000
0000000100
0000000000
0000010000
0000000000
0000100000
0000000000
0010000000
0000000000
1000000000
0000000000
0100000000
0000000000
0010000000
0000000000
0001000000
0000000000
0000100000
0000000000
0000010000
0000000000
0000001000
0000000000
0000000100
0000000000
0000001000
0000000100
0001000000
0000000000
0000001000
0010000000
0001000000
0000000000
0100000000
0000000000
0000100000
0000000000
0010000000
0000000000
1001000000
0000000000
0010000000
0000000000
0001010000
0000000000
0000100000
0000000000
0000101000
0000000000
0000010000
0000000000
0000001001
0000000000
0000000100
0000000000
,  // measure 6
0001001000
0000000000
0001000000
0000001000
0001000000
0000010000
0000001000
0000010000
0001000000
0000000000
0000010000
0000000000
0000100000
0000000000
0000000010
0000000000
0000010010
0000000000
0000000100
0000000000
0000001001
0000000000
0000000100
0000000000
0001010000
0000000000
0000100000
0000000000
0000101000
0000000000
0000010000
0000000000
0001100000
0000000000
0000100000
0001000000
0010000000
0000100000
0100000000
0010000000
1000000000
0000000000
0001000000
0000000000
0100000000
0000000000
0001000000
0000000000
0110000000
0000000000
0010000000
0000000000
1001000000
0000000000
0001000000
0000000000
0001100000
0000000000
0000100000
0000000000
0000101000
0000000000
0000000100
0000000000
,  // measure 7
0000001001
0000000000
0000000001
0000000100
0000000001
0000000100
0000010000
0000001000
0000000100
0000000000
0000010000
0000000000
0000000010
0000000000
0000001000
0000000000
0000001010
0000000000
0000000100
0000000000
0000010001
0000000000
0000001000
0000000000
0001010000
0000000000
0000100000
0000000000
1001000000
0000000000
0010000000
0000000000
0001000000
0010000000
0001000000
0100000000
0000100000
0100000000
0010000000
1000000000
0000100000
0010000000
0000100000
0100000000
0001000000
0100000000
0010000000
1000000000
0000100000
1000000000
0000100000
0010000000
0000100000
0100000000
0010000000
1000000000
0001000000
0010000000
0001000000
0100000000
0010000000
0100000000
0000100000
0010000000
,  // measure 8
0001000000
0000000000
0100000000
0010000000
0110000000
0000000000
1000000000
0010000000
0100000000
0001000000
1000000000
0010000000
0100000000
0001000000
1000000000
0100000000
0010000000
0001000000
1000000000
0100000000
0010000000
0001000000
0100000000
0001000000
0010000000
0000100000
0100000000
0001000000
0010000000
0000100000
0100000000
0010000000
0001000000
0000100000
1000000000
0010000000
0100000000
0001000000
1000000000
0100000000
0010000000
0001000000
1000000000
0010000000
0100000000
0001000000
0000100000
0000010000
0000001000
0000000000
0000000001
0000000100
0000000101
0000000000
0000000001
0000000100
0000000010
0000000000
0000010000
0000000100
0000001000
0000000000
0000000001
0000000100
,  // measure 9
0000000010
0000000100
0000000001
0000010000
0000000010
0000000100
0000000001
0000010000
0000000010
0000001000
0000000100
0000010000
0000000010
0000001000
0000000100
0000010000
0000000001
0000010000
0000000001
0000000100
0000000010
0000001000
0000000100
0000001000
0000000001
0000010000
0000000001
0000000100
0000000010
0000001000
0000010000
0000100000
0001000000
0000000000
0100000000
0010000000
0110000000
0000000000
0100000000
0001000000
0010000000
0000100000
0100000000
0001000000
0010000000
0000100000
0100000000
0010000000
1000000000
0000100000
0100000000
0010000000
1000000000
0000100000
0010000000
0001000000
0000100000
0000010000
0010000000
0001000000
0000100000
0000010000
0001000000
0000001000
,  // measure 10
0000010000
0000000100
0001000000
0000001000
0000010000
0000000100
0001000000
0000010000
0010000000
0000001000
0000100000
0000000100
0000001000
0000010000
0001000000
0000001000
0010000000
0000100000
0001000000
0000100000
0010000000
0000100000
0001000000
0000100000
0001000000
0000001000
0000010000
0000001000
0001000000
0000001000
0000010000
0000001000
0000100000
0000000100
0000100000
0000000100
0001000000
0000010000
0000100000
0000010000
0001000000
0000100000
0010000000
0000100000
0100000000
0001000000
0010000000
0000100000
0100000000
0010000000
0100000000
0001000000
0010000000
0001000000
0100000000
0010000000
0001000000
0000001000
0000000100
0000000010
0000010000
0000000100
0000010000
0000000010
,  // measure 11
0000020000
0000000000
0000000000
0000030000
0000000002
0000000000
0000000000
0000000003
0000001000
0000000000
0000000010
0000000000
0000010000
0000000000
0000000100
0000000000
0000001000
0000010000
0000100000
0001000000
0100000000
0010000000
1000000000
0001000000
0010000000
0000100000
0100000000
0010000000
1000000000
0000100000
0010000000
0001000000
0100000000
0010000000
0100000000
0001000000
0010000000
0000100000
0100000000
0010000000
1000000000
0010000000
0000100000
0000010000
0000000100
0000000001
0000010000
0000000010
0000001000
0000000010
0000000100
0000000001
0000001000
0000000100
0000010000
0000000001
0000001000
0000000010
0000000100
0000000001
0000001000
0000000100
0000010000
0000000001
,  // measure 12
0000001000
0000000100
0000001000
0000000010
0000000100
0000000001
0000001000
0000000100
0000010000
0000000010
0000000100
0000000001
0000000100
0000010000
0000100000
0010000000
1000000000
0001000000
0010000000
0000100000
0100000000
0010000000
1000000000
0001000000
0100000000
0000100000
0010000000
0001000000
1000000000
0010000000
0100000000
0000100000
0100000000
0010000000
1000000000
0010000000
0000100000
0000010000
0000000100
0000000001
0000001000
0000000010
0000000100
0000000010
0000001000
0000010000
0000100000
0001000000
0100000000
0000100000
1000000000
0001000000
0100000000
0000100000
1000000000
0001000000
0100000000
0000100000
1000000000
0001000000
0100000000
0000100000
1000000000
0001000000
,  // measure 13
0100000000
0001000000
0100000000
0000100000
0010000000
0000100000
0010000000
0000010000
0001000000
0000100000
0010000000
0000010000
0001000000
0000100000
0010000000
0000001000
0000010000
0000000100
0000010000
0000000010
0000000100
0000000010
0000001000
0000000100
0000001000
0000000001
0000000100
0000000001
0000001000
0000000100
0000010000
0000000010
0000000100
0000001000
0000010000
0001000000
0000100000
0010000000
1000000000
0100000000
1000000000
0010000000
0100000000
0010000000
0001000000
0000001000
0000000100
0000000010
0000000001
0000000000
0000000000
0000000000
0200000002
0000000000
0000000000
0000000000
0000000000
0000000000
0000000000
0000000000
0000000000
0000000000
0000000000
0000000000
,  // measure 14
0000000000
0000000000
0000000000
0000000000
0000000000
0000000000
0000000000
0000000000
0000000000
0000000000
0000000000
0000000000
0000000000
0000000000
0000000000
0000000000
0000000000
0000000000
0000000000
0000000000
0000000000
0000000000
0000000000
0000000000
0000000000
0000000000
0000000000
0000000000
0000000000
0000000000
0000000000
0000000000
0000000000
0000000000
0000000000
0300000003
0000000000
0000000000
0000000000
0000000000
0000000000
0000000000
0000000000
0000000000
0000000000
0000000000
0000000000
0000000000
0000000000
0000000000
0000000000
0000000000
0000000000
0000000000
0000000000
0000000000
0000000000
0000000000
0000000000
0000000000
0000000000
0000000000
0000000000
0000000000