// measure 0
00000
00000
00000
00000
,  // measure 1
00000
00000
00000
00000
,  // measure 2
00000
00000
00000
00000
,  // measure 3
00000
00000
00000
00000
,  // measure 4
00000
00000
00000
00000
,  // measure 5
00000
00000
00000
00000
,  // measure 6
00010
00000
00000
00000
,  // measure 7
00010
00000
00000
00000
,  // measure 8
00100
00000
00000
00000
,  // measure 9
01000
00000
00000
00000
,  // measure 10
01000
00000
00000
00000
,  // measure 11
00100
00000
00000
00000
,  // measure 12
00100
00000
00000
00000
,  // measure 13
00100
00000
00000
00000
,  // measure 14
00100
00000
00000
00000
,  // measure 15
01000
00000
00000
00000
,  // measure 16
00010
00000
00000
00000
,  // measure 17
01000
00000
00000
00000
,  // measure 18
00100
00000
00000
00000
,  // measure 19
00001
00000
00000
00000
,  // measure 20
10000
00000
00000
00000
,  // measure 21
00100
00000
00000
00000
,  // measure 22
00100
00000
00000
00000
,  // measure 23
10000
00000
00000
00000
,  // measure 24
00100
00000
00000
00000
,  // measure 25
00001
00000
00000
00000
,  // measure 26
00100
00000
00000
00000
,  // measure 27
00010
00000
00000
00000
,  // measure 28
00100
00000
00000
00000
,  // measure 29
00010
00000
00000
00000
,  // measure 30
01000
00000
00000
00000
,  // measure 31
00010
00000
00000
00000
,  // measure 32
01000
00000
01000
00000
,  // measure 33
01000
00000
00000
00000
,  // measure 34
00010
00000
00010
00000
,  // measure 35
00010
00000
00000
00000
,  // measure 36
01000
00000
00010
00000
,  // measure 37
01000
00000
00000
00000
,  // measure 38
00100
00000
00000
00000
,  // measure 39
00100
00000
00100
00000
,  // measure 40
00100
00000
00000
00000
,  // measure 41
00100
00000
00000
00000
,  // measure 42
00100
00000
00000
00000
,  // measure 43
00100
00000
00000
00000
,  // measure 44
00100
00000
00000
00000
,  // measure 45
00001
00000
00000
00000
,  // measure 46
00001
00000
00000
00000
,  // measure 47
00100
00000
00000
00000
,  // measure 48
10000
00000
00000
00000
,  // measure 49
10000
00000
00000
00000
,  // measure 50
00100
00000
00000
00000
,  // measure 51
00100
00000
00000
00000
,  // measure 52
00100
00000
00000
00000
,  // measure 53
00100
00000
00000
00000
,  // measure 54
00010
00000
00000
00000