// measure 0
00000
00000
00000
00000
,  // measure 1
00000
00000
00000
00000
,  // measure 2
00000
00000
00000
00000
,  // measure 3
00000
00000
00000
00000
,  // measure 4
00000
00000
00000
00000
,  // measure 5
00000
00000
00000
00000
,  // measure 6
01000
00000
00010
00000
,  // measure 7
01000
00000
00010
00000
,  // measure 8
01000
00000
00000
00000
,  // measure 9
00010
00000
00000
00000
,  // measure 10
00100
00000
00000
00000
,  // measure 11
01010
00000
00000
00000
,  // measure 12
00100
00000
00000
00000
,  // measure 13
00001
00000
00000
00000
,  // measure 14
10000
00000
00000
00000
,  // measure 15
00001
00000
00000
00000
,  // measure 16
10000
00000
00000
00000
,  // measure 17
00001
00000
00001
00000
,  // measure 18
10000
00000
10000
00000
,  // measure 19
00001
00000
00001
00000
,  // measure 20
10000
00000
10000
00000
,  // measure 21
00200
00000
00000
00000
,  // measure 22
00300
00000
00000
00000
,  // measure 23
01010
00000
01010
00000
,  // measure 24
00100
00000
00000
00000
,  // measure 25
01010
00000
01010
00000
,  // measure 26
00100
00000
00000
00000
,  // measure 27
10001
00000
10001
00000
,  // measure 28
00100
00000
00000
00000
,  // measure 29
00001
00000
00001
00000
,  // measure 30
00100
00000
00001
00000
,  // measure 31
00100
00000
00010
00000
,  // measure 32
01000
00000
00010
00000
,  // measure 33
01000
00000
00100
00000
,  // measure 34
10000
00000
00100
00000
,  // measure 35
01000
00000
00010
00000
,  // measure 36
01000
00000
00010
00000
,  // measure 37
01000
00000
01000
00000
,  // measure 38
00010
00000
00000
00000
,  // measure 39
00010
00000
00010
00000
,  // measure 40
01000
00000
00000
00000
,  // measure 41
01010
00000
00000
00000
,  // measure 42
00100
00000
00000
00000
,  // measure 43
01010
00000
00000
00000
,  // measure 44
00200
00000
00000
00000
,  // measure 45
00300
00000
00000
00000
,  // measure 46
10001
00000
10001
00000
,  // measure 47
00100
00000
00000
00000
,  // measure 48
10010
00000
10010
00000
,  // measure 49
00100
00000
00000
00000
,  // measure 50
01001
00000
01001
00000
,  // measure 51
00100
00000
00000
00000
,  // measure 52
00010
00000
01000
00000
,  // measure 53
00010
00000
01000
00000
,  // measure 54
01010
00000
00100
00000
,  // measure 55
02020
03030
00000
00000