00000
00000
00000
00000
,
00000
00000
00000
00000
,
00000
00000
00000
00000
,
00000
00000
00000
00000
,
01000
00000
10000
00000
,
00010
00000
00001
00000
,
01000
00000
10000
00000
,
00010
00000
00001
00000
,
10000
01000
00010
00001
,
10000
00000
00000
00000
,
00001
00010
01000
10000
,
00001
00000
00000
00000
,
10000
01000
00010
00001
,
10000
00000
10000
00000
,
10000
01000
00010
00001
,
10000
00000
10000
00000
,
00010
10000
00001
00001
,
01000
00001
10000
10000
,
00010
10000
00001
00001
,
01000
00001
10000
10000
,
10000
00001
00001
10000
,
10000
00001
00001
10000
,
00100
00100
00100
00100
,
01010
01010
01010
01010
,
10001
00000
00000
00000
,
00000
00000
00000
00000
,
10000
00000
00000
00000
,
00001
00000
00000
00000
,
10000
00000
00000
00000
,
00001
00000
00000
00000
,
01000
01000
01010
01010
,
10000
10000
00001
10000
,
00010
00010
01010
01010
,
00001
00001
10000
00001
,
01000
00000
01010
00000
,
01000
00100
01010
00000
,
00010
00000
01010
00000
,
00010
00100
01010
00000
,
00010
00010
01010
01010
,
00001
00001
10000
00001
,
01010
00000
01010
00000
,
01010
01010
01010
01010
,
01000
01000
00010
00010
,
01000
00010
01000
00010
,
10001
00000
00000
00000
,
00000
00000
00000
00000
,
00000
00000
00000
00000
,
00000
00000
00000
00000
,
00000
00000
00000
00000
,
00000
00000
00000
00000
,
00000
00000
00000
00000
,
00000
00000
00000
00000
,
00000
00000
00000
01000
,
00000
01000
00000
00010
,
00000
00010
00000
01010
,
00000
00000
00000
11000
,
00000
00000
00000
10001
,
00000
00000
00000
00011
,
00000
00000
00000
01010
,
00000
00000
00000
00100
,
00000
00000
00000
01000
,
00000
10000
00000
00010
,
00000
00001
00000
01000
,
00000
10000
00000
00010
,
00000
00001
00000
10000
,
01000
00010
00001
10000
,
00000
10000
00000
10000
,
01000
00010
00001
10000
,
00000
10000
00000
10000
,
01000
00010
00001
00001
,
00010
01000
10000
10000
,
01000
00010
00001
00001
,
00010
01000
10000
10000
,
00001
00001
10000
10000
,
00001
00001
10000
00100
,
00100
00100
00100
11000
,
00000
00000
00000
00011