00000
00000
00000
00000
,
00000
00000
00000
00000
,
00000
00000
00000
00000
,
00000
00000
00000
00000
,
01000
00001
00100
00000
00000
10010
00000
00100
,
01000
00001
00100
00000
00000
10010
00000
00100
,
01000
00001
00100
00000
00000
10010
00000
00100
,
01000
00001
00100
00000
00000
10010
00000
00100
,
00010
10000
00100
00000
01000
00001
10000
00100
,
10000
00001
00100
00000
00100
00001
00100
10000
,
01000
00001
00100
00000
00010
10000
00001
00100
,
00001
10000
00100
00000
00100
10000
00100
00001
,
00010
01000
10000
00000
01000
00010
10000
00001
,
01000
00010
00001
00000
00010
01000
00001
10000
,
00010
01000
10000
00000
01000
00010
10000
00001
,
01000
00010
00001
00000
00010
01000
00001
10000
,
00001
00100
10000
10000
01000
00100
00010
00001
,
10000
00100
00001
00001
00010
00100
01000
10000
,
00001
00100
10000
10000
01000
00100
00010
00001
,
10000
00100
00001
00001
00010
00100
01000
10000
,
00010
00100
10000
00000
01000
00100
00001
00000
,
00010
00100
10000
00000
01000
00100
00001
00000
,
10010
00100
01001
00100
,
01000
00100
01000
10000
00100
00001
00010
00100
,
01001
00000
00000
00000
,
00000
00000
00000
00000
,
10000
00000
00000
00000
,
00001
00000
00000
00000
,
10000
00000
00000
00000
,
00001
00000
00000
00000
,
01000
01000
00010
00100
00010
00001
01000
10000
,
00100
00100
01000
10000
00010
00001
10000
00000
,
00010
00010
01000
00100
01000
10000
00010
00001
,
00100
00100
00010
00001
01000
10000
00100
00000
,
01000
00100
10000
00100
00000
00000
00011
00000
,
00010
00100
00001
00100
00000
00000
11000
00000
,
01000
00100
10000
00100
00000
00000
00011
00000
,
00010
00100
00001
10000
00100
00100
01000
00000
,
00010
00010
01000
00100
01000
10000
00010
00001
,
00100
00100
00010
00001
01000
10000
00100
00000
,
00000
01001
00000
10010
00000
01001
00000
10000
,
00100
10000
00010
00001
00100
10000
00100
01000
,
00010
00100
00001
00100
10000
00100
00001
00100
,
00010
00100
00001
01000
00100
10000
00010
10000
,
10100
00000
00000
00000
,
00000
00000
00000
00000
01000
00100
00010
00000
,
00000
00000
00000
00000
,
00000
00000
00000
00000
00010
00100
01000
00000
,
00000
00000
00000
00000
,
00000
00000
00000
00000
01000
00100
00010
00000
,
00000
00000
00000
00000
,
00000
00000
00000
00000
00010
00100
01000
00000
,
00000
00000
00000
01010
,
10100
00110
00101
01100
,
10100
00000
00000
00000
00110
00000
00000
00000
00101
00000
00000
00000
10100
00000
00000
10000
,
00010
00000
00100
00000
00001
00000
00100
00000
00010
00000
00100
00000
00101
00000
00000
00001
,
01000
00000
00100
00000
10000
00000
00100
00000
01000
00000
00100
00000
10100
00000
00000
10000
,
00010
00000
00100
00000
00001
00000
00100
00000
00010
00000
00100
00000
00101
00000
00000
00001
,
01000
00000
00100
00000
10000
00000
00100
00000
01000
00000
00100
00000
10100
00000
00000
10000
,
00010
00000
00100
00000
00001
00000
00100
00000
00010
00000
00100
00000
00101
00000
00000
00001
,
01000
00100
10000
00100
01000
00000
10101
00000
,
00000
00111
00000
01110
,
00000
11100
00000
10110
,
00000
01101
00000
10110
,
00000
00000
00000
00000
01101
00000
00000
00000
00000
00000
00000
00000
00001
00100
00001
00000
,
01000
00000
00010
00000
10000
00000
00001
00000
01000
00000
00010
00000
10000
00100
10000
00000
,
00001
00000
00100
00000
00010
00000
01000
00000
00100
00000
10000
00000
00010
00100
00010
00000
,
01000
00000
00001
00000
10000
00000
00100
00000
01000
00000
00001
00000
10000
00100
10000
00000
,
00100
00000
10000
00000
00010
00000
01000
00000
00001
00000
00100
00000
00010
00100
00010
00000
,
00100
00000
00001
00000
00100
00000
10000
00000
00100
00000
00001
00000
10000
00100
10000
00000
,
00100
00000
01000
00000
00100
00000
00010
00000
00100
00000
01000
00000
00010
00100
00010
00000
,
01000
00000
00001
00000
10000
00000
00010
00000
01000
00000
00001
00000
01000
00100
01000
00000
,
00010
10000
00001
01000
00010
10000
00010
00100
,
10000
00000
01000
00100
00001
00000
00010
00100
,
10000
00000
01000
00100
00001
00000
10010
00000
,
01001
00000
10010
00000
01001
00000
01000
00001
,
10000
00000
00100
00000
10000
00100
10000
00100
10000
00100
10000
00000
00010
00000
00000
00000