00000
00000
00000
00000
,
00000
00000
00000
00000
,
00000
00000
00000
00000
,
00000
00000
00000
00000
,
10000
00000
00010
00000
00200
00000
00000
00300
00001
00000
02000
00000
00000
00000
03100
00000
,
00100
00000
10000
00000
00020
00000
00000
00030
01000
00000
00002
00000
00000
00000
00103
00000
,
00100
00000
00010
00000
20000
00000
00000
30000
00010
00000
02000
00000
00000
00000
03100
00000
,
00100
00000
10000
00000
00002
00000
00000
00003
01000
00000
00020
00000
00000
00000
00130
00000
,
00100
00001
01000
00100
10000
02000
00000
03100
,
00100
00010
01000
00100
00010
00002
00000
00103
,
00100
00010
00001
00100
10000
00002
00000
00103
,
00100
10000
01000
00010
00001
00020
00000
00130
,
00100
00001
00100
10000
01000
00020
00000
00130
,
00100
00010
00001
00100
00001
00020
00000
00130
,
00100
00001
00010
00100
00010
00002
00000
00103
,
00100
10000
01000
00010
00100
02000
00000
03100
,
00100
00010
01000
00100
01000
10000
01000
00100
,
01100
01000
00010
00001
00100
10000
00001
00100
,
00101
00001
01000
10000
00100
00001
01000
00100
,
01100
01000
00010
00001
00100
10000
01000
00100
,
00110
00010
10000
00000
10100
10000
00001
00000
,
00101
00001
01000
00000
01100
01000
00010
00000
,
10000
10000
00001
00001
10000
10000
00001
00001
,
10000
10000
10000
10000
00001
00001
00001
00001
,
00000
00000
00100
00000
00000
02020
00000
00000
00000
00000
00000
00000
00000
00000
00000
00000
,
00000
00000
00000
00000
00000
00000
00000
00000
00000
00000
00000
00000
00000
03030
00000
00000
,
00010
00000
00000
00110
00000
00000
01110
00000
,
01000
00000
00000
01100
00000
00000
01101
00000
,
00001
00000
00000
00101
00000
00000
10101
00000
,
10000
00000
00000
10100
00020
00000
01030
00000
,
00001
00000
00001
00000
10000
00000
00100
00000
01000
10000
00100
00000
10000
01000
00100
00000
,
10000
00000
00100
00000
00001
00000
00100
00000
10000
00001
00100
00000
00020
00000
00030
00000
,
10000
00000
10000
00000
00001
00000
00100
00000
00010
00001
00100
00000
00001
00010
00100
00000
,
00001
00000
00100
00000
10000
00000
00100
00000
00001
10000
00100
00000
02000
00000
03000
00000
,
00100
00000
00000
01000
00000
00000
00001
00000
00000
00200
00000
00000
00000
00000
00000
00300
00000
00100
00000
00000
00000
00000
00000
00000
,
00100
00000
00000
00010
00000
00000
10000
00000
00000
00200
00000
00000
00000
00000
00000
00300
00000
00100
00000
00000
00000
00000
00000
00000
,
00100
00000
00000
01000
00000
00000
00001
00000
00000
00200
00000
00000
00000
00000
00000
00300
00000
00100
00000
00000
00000
00000
00000
00000
,
00100
00010
10000
00100
01000
00002
00103
00000
,
00001
00000
00001
00000
10000
00000
00100
00000
01000
10000
00100
00000
10000
01000
00100
00000
,
10000
00000
00100
00000
00001
00000
00100
00000
10000
00001
00100
00000
00020
00000
00030
00000
,
10000
00001
00100
00010
01000
00010
00100
00001
,
10000
00000
00001
00000
00100
00000
00010
00000
01000
00010
00100
00001
10000
00001
00100
00010
,
01000
00010
00100
00001
10000
00001
00100
00010
01000
00010
00100
00001
10000
00001
00100
00010
,
01000
00010
00100
00001
10000
00001
00100
00010
01000
00010
00100
00001
10000
00001
00100
00000
,
01010
00000
02020
00000
00000
00000
00000
00000
00000
03030
00000
00000
00000
00000
00000
00000
,
00000
00000
00000
00000
,
00000
00000
00000
00200
00000
00000
00000
00000
00000
00000
00000
00300
00000
00000
00000
00000
,
00000
00000
00000
00000
,
00000
00000
00000
00000
,
00000
00000
00000
00000
,
00000
00000
00000
00200
00000
00000
00000
00000
00000
00000
00000
00300
00000
00000
00000
00000
,
00000
00000
00000
00000
,
00000
00000
00000
00000
,
00000
00000
00000
00000
,
00000
00000
00000
00200
00000
00000
00000
00000
00000
00000
00000
00300
00000
00000
00000
00000
,
00000
00000
00000
00000
,
00000
00000
00000
00000
,
00000
00000
00000
00000
,
00000
00000
00000
00200
00000
00000
00000
00000
00000
00000
00000
00300
00000
00000
00000
00000
,
00000
00000
00000
00000
00000
00000
00000
00000
00000
00000
00000
00000
00000
00000
00000
00102
,
00000
00000
00000
01003
00000
00000
00000
02100
00000
00000
00000
03010
00000
00000
00000
00120
,
00000
00000
00000
10030
00000
00000
00000
20100
00000
00000
00000
30001
00000
00000
00000
00100
,
00000
00000
00100
00010
00000
01000
00000
00100
01000
00010
00100
00010
00100
00010
01000
00100
,
00000
00000
00100
10000
00000
00001
00000
00100
00001
10000
00100
10000
00100
10000
00001
00100
,
00000
00000
00100
00010
00000
10000
00000
00100
10000
00010
00100
00010
00100
00010
10000
00100
,
00000
00000
00100
01000
00000
00001
00000
00100
00001
01000
00100
01000
00100
01000
00001
00100
,
00000
00000
00100
00010
00000
01000
00000
00100
01000
00001
00100
00001
10000
00100
10000
00010
,
00100
00010
01000
00100
01000
00001
00100
00001
10000
00100
10000
00010
00100
00001
01000
00010
,
00000
10000
00000
00200
00000
00000
00300
01000
00000
00002
00000
00000
00000
00103
00000
00100
,
00000
00010
00000
20000
00000
00000
30000
00001
00000
02000
00000
00000
00000
03100
00000
00100
,
00000
10000
00000
00020
00000
00000
00030
10000
00000
00002
00000
00000
00000
00103
00000
00100
,
00000
00010
00000
02000
00000
00000
03000
00001
00000
20000
00000
00000
00000
30100
00000
00100
,
00000
01000
00000
00001
00000
00100
00000
00020
00000
00130
00000
00002
00000
00013
00000
00100
,
00000
01000
00000
00010
00000
00100
00000
02000
00000
13000
00000
00200
00000
01300
00000
01000
,
00000
00100
00000
00010
00000
00100
00000
02000
00000
03100
00000
20000
00000
30001
00000
00100
,
00000
10000
00000
01000
00000
00010
00000
00002
00000
00103
00000
20000
00000
30001
00000
00001
,
00000
00100
00000
10000
00000
01000
00000
00020
00000
00130
00000
02000
00000
13000
00000
00100
,
00000
01000
00000
10000
00000
00100
00000
00002
00000
00013
00000
00200
00000
01300
00000
01000
,
00000
10000
00000
00100
00000
00001
00000
00020
00000
00130
00000
02000
00000
03010
00000
00100
,
00000
01000
00000
00001
00000
00100
00000
20000
00000
30010
00000
00200
00000
00301
00000
00101
,
00000
00001
00000
01000
00000
00000
00000
01100
00000
01000
00000
00010
00000
00000
00000
00110
,
00000
00010
00000
10000
00000
00000
00000
10100
00000
10000
00000
00001
00000
00000
00000
01000
,
00000
01000
00000
00010
00000
00010
00000
01000
00000
01000
00000
00010
00000
00010
00000
01010
,
00000
01010
00000
01010
00000
01010
00000
00110
01000
00110
01000
00110
01000
00110
02000
00120
,
00000
00000
00000
00000
,
00000
00000
00000
03030
00000
00000
00000
00000
00000
00000
00000
00000
00000
00000
00000
00000