00000
00000
00000
00000
,
00000
00000
00000
00000
,
10000
00000
00010
00000
00200
00000
00000
00300
00001
00000
01000
00000
00010
00000
10000
00000
00100
00000
01000
00000
00002
00000
00000
00003
10000
00000
00010
00000
01000
00000
00001
00000
,
00100
00000
00010
00000
20000
00000
00000
30000
00010
00000
10000
00000
00001
00000
01000
00000
00100
00000
10000
00000
00020
00000
00000
00030
01000
00000
00001
00000
10000
00000
00010
00000
,
00100
00001
01000
00100
10000
01000
10000
01000
00100
00010
01000
00100
00010
00001
00010
00001
,
00010
00100
01000
00010
00100
01000
10000
01000
10000
00100
00001
00010
00001
00010
00001
00010
,
00100
00001
00010
00001
00010
00001
00010
00001
00010
00100
01000
00010
00100
01000
10000
01000
,
00001
00010
00001
00010
00100
00001
00010
00001
00100
00010
00001
00100
10000
01000
10000
01000
,
00100
00010
01000
00100
01000
10000
01000
10000
00100
00001
00010
00001
00100
10000
01000
00100
,
10000
01000
10000
01000
00001
00010
01000
10000
00010
00001
00010
00001
00100
00010
10000
00100
,
10100
00010
01000
00000
00101
01000
00010
00000
10100
00010
01000
00000
00101
01000
00010
00000
,
10000
10000
00001
00001
10000
10000
00001
00001
10000
10000
10000
10000
00001
00001
00001
00001
,
00000
00000
00100
00000
00000
20002
00000
00000
00000
00000
00000
00000
00000
00000
00000
00000
00000
00000
00000
00000
00000
00000
00000
00000
00000
00000
00000
00000
00000
30003
00000
00000
,
10000
00000
00000
10100
00000
00000
10101
00000
00001
00000
00000
00101
00000
00000
01101
00000
,
01000
00000
00000
01100
00000
00000
01110
00000
00010
00000
00000
00110
20000
00000
30001
00000
,
01000
00000
01000
00000
00010
00000
00100
00000
00001
00010
00100
00000
00010
00100
01000
00000
00010
00000
00100
00000
01000
00000
00100
00000
00010
01000
00100
00000
20000
00000
30000
00000
,
00010
00000
00010
00000
01000
00000
00100
00000
10000
01000
00100
00000
01000
00100
00010
00000
01000
00000
00100
00000
00010
00000
00100
00000
01000
00010
00100
00000
00002
00000
00003
00000
,
00100
00000
00000
00001
00000
00000
01000
00000
00000
00200
00000
00000
00000
00000
00000
00300
00000
00100
00000
00000
00000
00000
00000
00000
00100
00000
00000
10000
00000
00000
00010
00000
,
00000
00200
00000
00000
00000
00000
00000
00300
00000
00100
00000
00000
00000
00000
00000
00000
00100
00000
00000
00001
00000
00000
01000
00000
00000
00200
00000
00000
00000
00000
00000
00300
,
00000
00100
00000
00000
00000
00000
00000
00000
00100
00000
00000
10000
00000
00000
00010
00000
00000
00100
00000
00000
00001
00000
00000
02000
00000
00000
03100
00000
00000
00000
00000
00000
,
01000
00000
01000
00000
00010
00000
00100
00000
00001
00010
00100
00000
00010
00100
01000
00000
00010
00000
00100
00000
01000
00000
00100
00000
00010
01000
00100
00000
20000
00000
30000
00000
,
00010
00000
01000
00000
00100
00000
10000
00000
00001
00000
10000
00000
00100
00000
01000
00000
00010
00000
01000
00000
00100
00000
10000
00000
00001
10000
00100
01000
00010
01000
00100
10000
,
00001
10000
00100
01000
00010
01000
00100
10000
00001
10000
00100
01000
00010
01000
00100
10000
00001
10000
00100
01000
00010
01000
00100
10000
00001
10000
00100
01000
00010
01000
00100
00000
,
10001
00000
00000
20002
00000
00000
00000
00000
00000
00000
30003
00000
00000
00000
00000
00000
00000
00000
00000
00000
00000
00000
00000
00000
00000
00000
00000
00000
00000
00000
00000
00000
,
00000
00000
00000
00000
,
00000
00000
00000
00000
,
00000
00000
00000
00200
00000
00000
00000
00000
,
00000
00000
00000
00300
00000
00000
00000
00000
,
00000
00000
00000
00000
,
00000
00000
00000
00000
,
00000
00000
00000
00000
,
00000
00000
00000
00000
,
00000
00000
00000
00000
,
00000
00000
00000
00000
,
00000
00000
00000
00200
00000
00000
00000
00000
,
00000
00000
00000
00300
00000
00000
00000
00000
,
00000
00000
00000
00000
,
00000
00000
00000
00000
,
00000
00000
00000
00000
,
00000
00000
00000
00000
,
00000
00000
00000
00000
,
00000
00000
00000
00000
,
00000
00000
00000
00200
00000
00000
00000
00000
,
00000
00000
00000
00300
00000
00000
00000
00000
,
00000
00000
00000
00000
,
00000
00000
00000
00000
,
00000
00000
00000
00000
,
00000
00000
00000
00000
,
00000
00000
00000
00000
,
00000
00000
00000
00000
,
00000
00000
00000
00200
00000
00000
00000
00000
,
00000
00000
00000
00300
00000
00000
00000
00000
,
00000
00000
00000
00000
00000
00000
02100
03001
,
20100
00000
00000
00000
30010
00000
00000
00000
02100
00000
00000
00000
03001
00000
00000
00000
20100
00000
00000
00000
30010
00000
00000
00000
10000
00000
00000
10000
00001
00000
00100
00000
,
00001
10000
00100
10000
00001
00100
00001
10000
00100
00000
00000
00100
01000
00000
00010
00000
00100
00010
01000
00100
01000
00010
00100
00010
01000
00000
00000
01000
00010
00000
00100
00000
,
00010
01000
00100
01000
00010
00100
00010
01000
00100
00000
00000
00100
10000
00000
00100
00000
10000
00001
00100
00001
10000
00100
10000
00001
00100
00000
00000
00100
00010
00000
00100
00000
,
00010
00100
00010
01000
00100
01000
00010
00100
00001
10000
00100
10000
00001
00100
00001
10000
00100
01000
00010
00100
00010
01000
00100
01000
00001
00000
01000
00000
00200
00000
00000
00300
,
10000
00000
00010
00000
01000
00000
00001
00000
00100
00000
00010
00000
20000
00000
00000
30000
00001
00000
01000
00000
00010
00000
10000
00000
00100
00000
01000
00000
00002
00000
00000
00003
,
01000
00000
00001
00000
10000
00000
00010
00000
00100
00000
00001
00000
02000
00000
00000
03000
00010
00000
10000
00000
00001
00000
01000
00000
00100
00000
10000
00000
00010
00000
00100
00000
,
00002
00000
00013
00000
00001
00010
00001
00000
00100
00000
10000
00000
01000
00000
00100
00000
20000
00000
31000
00000
10000
01000
10000
00000
00100
00000
00010
00000
00001
00000
00100
00000
,
00020
00000
00031
00000
00010
00001
00010
00000
00100
00000
00010
00000
10000
00000
00100
00000
02000
00000
13000
00000
01000
10000
01000
00000
00100
00000
01000
00000
00010
00000
00100
00000
,
00001
00010
00001
00010
00001
00010
00001
00000
00100
00000
00010
00000
01000
00000
00100
00000
10000
01000
10000
01000
10000
01000
10000
00000
00100
00000
01000
00000
00010
00000
00100
00000
,
00010
00001
00010
00001
00010
00001
00010
00000
00100
00000
00010
00000
01000
00000
00100
00000
01000
10000
01000
10000
01000
10000
01000
00000
01100
00000
00001
00000
10000
00000
00000
00000
,
00110
10000
00001
00000
01100
00001
10000
00000
00110
10000
00001
00000
01000
01000
00010
00010
,
01000
00000
01000
00000
00010
00000
00010
00000
01010
00000
01010
00000
01010
00000
01010
00000
00110
01000
00110
01000
00110
01000
00110
02000
00120
00000
00000
00000
00000
00000
00000
00000
,
00000
00000
03030
00000