00000
00000
00000
00000
,
00000
00000
00000
00000
,
00000
00000
00000
00000
,
00000
00000
00000
00000
,
00010
00100
00010
00000
20000
30000
00200
00300
02000
03000
00020
00030
00200
00300
00000
00000
,
00001
00100
00001
00000
02000
03000
00200
00300
20000
30000
00002
00003
00200
00300
00000
00000
,
00010
10000
00010
00000
00200
00300
00002
00003
20000
30000
00200
00300
02000
00000
03000
00000
,
00001
01000
00001
00000
00200
00300
00020
00030
02000
03000
00200
00300
20000
00000
30000
00000
,
00010
00100
00010
00000
20000
30000
00200
00300
01000
00100
01000
00000
00002
00000
00003
00000
,
10000
00100
10000
00000
00020
00030
00200
00300
00001
00100
00001
00000
02000
00000
03000
00000
,
00001
01000
00100
00000
20000
30000
00002
00003
00100
00010
01000
00100
20000
00000
30000
00000
,
00010
10000
00100
00000
02000
03000
00020
00030
00100
00001
10000
00100
02000
00000
03000
00000
,
00001
00100
00001
00000
01000
00100
01000
00000
00002
00003
20000
30000
00200
00000
00300
00000
,
01000
00100
01000
00000
00001
00100
00001
00000
20000
30000
00200
00300
02000
00000
03000
00000
,
00010
00100
00001
00000
10000
00100
01000
00000
00002
00003
00200
00300
00020
00000
00030
00000
,
10000
00100
01000
00000
00001
00100
00010
00000
02000
03000
00200
00300
20000
00000
30000
00000
,
00010
00100
00010
00000
10000
00010
00100
00000
00001
00100
00001
00000
02000
00000
03000
00000
,
00001
00100
00001
00000
01000
00001
00100
00000
00010
00100
00010
00000
20000
00000
30000
00000
,
00001
10000
00100
00000
01000
00010
00100
00000
00001
00100
00001
00000
02000
00000
03000
00000
,
00010
01000
00100
00000
10000
00001
00100
00000
00010
00100
00010
00000
20000
00000
30000
00000
,
00010
00100
00010
10000
00020
00000
00030
00000
10000
00100
10000
00010
20000
00000
30000
00000
,
00001
00100
00001
01000
00002
00000
00003
00000
01000
00100
01000
00001
02000
00000
03000
00000
,
00001
00010
00200
00300
01000
00010
00200
00300
01000
10000
00020
00030
00100
00001
20000
30000
,
00010
00100
00010
00100
00010
00100
00010
00100
,
000{2|n|1|0}0
00000
000{3|n|1|0}0
00000
,
00010
00000
00000
00000
,
00000
00000
00000
00000
,
01000
00100
00010
00002
10000
00000
10003
00000
,
00010
00100
01000
20000
00001
00000
30001
00000
,
00010
00001
00100
20000
00010
00000
30010
00000
,
01000
10000
00100
00002
01000
00000
01003
00000
,
00010
00100
00010
00000
10000
00100
10000
00000
00001
00000
00010
00000
00002
00000
00003
00000
,
10000
00100
10000
00000
00010
00100
00010
00000
10000
00000
01000
00000
20000
00000
30000
00000
,
00001
00010
00001
00000
01000
00100
01000
00000
00010
00000
00100
00000
02000
00000
03000
00000
,
10000
01000
10000
00000
00001
00100
00001
00000
10000
00000
00100
00000
00002
00000
00003
00000
,
00010
00100
00001
10000
00200
00300
02000
03000
00001
00100
00010
01000
00200
00000
00300
00000
,
10000
00100
01000
00010
00200
00300
00002
00003
01000
00100
10000
00001
00200
00000
00300
00000
,
00010
10000
00100
01000
00020
00030
00200
00300
00001
01000
00100
10000
00020
00000
00030
00000
,
10000
00010
00100
00001
20000
30000
00200
00300
01000
00001
00100
00010
20000
00000
30000
00000
,
00001
00000
00010
00000
00100
00000
01000
00000
00010
00100
00002
00003
10000
00100
02000
03000
,
00010
00000
00100
00000
01000
00000
10000
00000
00010
00100
00001
00000
10000
00100
02000
03000
,
00020
00030
00100
00000
00002
00003
10000
00000
00200
00300
01000
00000
00020
00030
00100
00000
,
00001
00000
00100
00000
00001
00000
00100
00000
00001
00100
00001
01000
00001
00100
00001
01000
,
00001
00100
00001
01000
00001
00100
00001
10000
00001
00100
00001
10000
00001
00100
00001
01000
,
00001
00100
00001
10000
00001
00100
00001
01000
00001
00100
00001
10000
00001
00100
00010
01000
,
00200
00000
00300
00000
,
00000
{1|s|0|0}0000
0{1|s|0|0}000
00{2|s|0|0}00
00000
00000
00000
00000
00{3|s|0|0}00
00000
00000
00000
0000{2|s|0|0}
00000
0000{3|s|0|0}
00000
,
00000
000{1|s|0|0}0
00{1|s|0|0}00
0{2|s|0|0}000
00000
00000
00000
00000
0{3|s|0|0}000
00000
00000
00000
000{2|s|0|0}0
00000
00000
000{3|s|0|0}0
,
00000
0{1|s|0|0}000
{1|s|0|0}0000
00{2|s|0|0}00
00000
00000
00000
00000
00{3|s|0|0}00
00000
00000
00000
0000{2|s|0|0}
00000
00000
0000{3|s|0|0}
,
00000
{1|s|0|0}0000
0{1|s|0|0}000
00{2|s|0|0}00
00000
00{3|s|0|0}00
00000
00000
00000
00000
00000
00000
00010
00100
000{2|v|0|0}0
000{3|v|0|0}0
,
10000
00100
{2|v|0|0}0000
{3|v|0|0}0000
00001
00100
0000{2|v|0|0}
0000{3|v|0|0}
01000
00100
0{2|v|0|0}000
0{3|v|0|0}000
00010
00000
00010
00100
,
00001
10000
00100
01000
000{2|v|0|0}0
000{3|v|0|0}0
01000
00000
01000
00100
10000
00001
00{2|v|0|0}00
00{3|v|0|0}00
00001
00000
,
00001
00010
00001
00100
000{2|v|0|0}0
000{3|v|0|0}0
10000
00000
10000
01000
10000
00100
0{2|v|0|0}000
0{3|v|0|0}000
00010
00001
,
00100
10000
00100
00001
00010
00100
01000
10000
01000
00100
00010
00000
10000
00100
10000
00100
,
10000
00010
00200
00300
00001
00000
20000
30000
00100
00000
02000
03000
00010
00100
00010
00100
,
00010
10000
00200
00300
01000
00000
00020
00030
00100
00000
00002
00003
01000
00100
01000
00100
,
01000
00001
00200
00300
00010
00000
02000
03000
00100
00000
20000
30000
00001
00100
00001
00100
,
00001
10000
02000
03000
00100
00000
00020
00030
01000
00000
00200
00300
10000
00001
00100
00010
,
01000
00010
20000
30000
01000
00000
00200
00300
00010
00000
02000
03000
00100
10000
00001
00100
,
00010
01000
20000
30000
00100
00000
00002
00003
10000
00000
00200
00300
00001
00010
00100
00001
,
01000
00100
00020
00030
00001
00000
00200
00300
00010
00000
20000
30000
00100
01000
00010
00100
,
00001
01000
00200
00300
10000
00000
00002
00003
00100
00000
00020
00030
10000
00100
01000
00010
,
00100
00001
02000
03000
00100
00000
20000
30000
00020
00030
00100
00000
00001
10000
00100
01000
,
00010
00100
00002
00003
00010
00000
00200
00300
01000
00000
00020
00030
00100
00001
10000
00100
,
01000
00010
00200
00300
00001
00000
20000
30000
00100
00000
02000
03000
00001
00100
00010
01000
,
00100
10000
00020
00030
00001
00000
00200
00300
10000
00000
00002
00003
00100
00010
01000
00100
,
20000
30000
00002
00003
10000
00100
01000
00010
00200
00300
00001
00000
01000
00100
10000
00001
,
00200
00300
00010
00000
10000
00100
01000
00010
00200
00300
00001
00000
01000
00000
00100
00000
,
01000
00000
00100
00000
01000
00000
00100
00000
01000
00000
00100
00000
01000
00100
01000
00010
,
01000
00001
01000
00010
01000
00100
01000
00001
01000
00100
01000
00020
00000
00000
00000
00000
,
00000
00000
00000
00000
,
00000
00000
00000
00000
,
00000
00000
00030
00000