0000000000
0000000000
0000000000
0000000000
,
0000000000
0000000000
0000000000
0000000000
,
0000000000
0000000000
0000000000
0000000000
,
0000000000
0000000000
0000000000
0000000000
,
1000000000
1000000000
0000100000
0000000000
,
0000100000
0000100000
1000000000
0000000000
,
1000000000
1000000000
0001000000
0000000000
,
0001000000
0001000000
0010000000
0000000000
,
0000100000
0000100000
0001000000
0000000000
,
0000001000
0000001000
0000010000
0000000000
,
0000010000
0000010000
0000000001
0000000000
,
0000000001
0000000001
0000000100
0000000000
,
0000000100
0000000100
0000000010
0000000000
,
0000000010
0000000010
0000001000
0000000000
,
0000001000
0000000001
0000010000
0000000000
,
0000010000
0000000010
0000001000
0000000000
,
0000001000
0000010000
0000100000
0000000000
,
0000100000
0000001000
0001000000
0000000000
,
0000010000
0001000000
0000001000
0000000000
,
0000100000
0000100000
0000010000
0000000000
,
0000020000
0000130000
0000100000
0000000000
,
0000200000
0000300100
0000000100
0000000000
,
0000000100
0000000100
0010000000
0010000000
,
0000001000
0001000000
0000010000
0000100000
,
0000220000
0000000000
0000000000
0000000000
,
0000330000
0000000000
0000000000
0000000000
,
0000010000
0000000000
0000010000
0000000000
0000000000
0000010000
0000000000
0000000000
,
0000100000
0000000000
0000100000
0000000000
0000000000
0000100000
0000000000
0000000000
,
0000001000
0000000000
0000001000
0000000000
0000000000
0000001000
0000000000
0000000000
,
0001000000
0000000000
0001000000
0000000000
0000000000
0001000000
0000000000
0000000000
,
0000000100
0000001000
0000010000
0010000000
,
0010000000
0001000000
0000100000
0000000100
,
0000100000
0000010000
0000001000
0000000100
,
0000100000
0000010000
0000100000
0000010000
,
0000010000
0000100000
0001000000
1000000000
,
1000000000
0010000000
0000100000
0001000000
,
0000100000
0000010000
0000001000
0000000100
,
0000001000
0000000001
0000000100
0000010000
,
0000100000
0000000000
0000100000
0000010000
0000000000
0000010000
0000000000
0000000000
,
0000010000
0000000000
0000010000
0000100000
0000000000
0000100000
0000000000
0000000000
,
0000100000
0000100000
0000001000
0000001000
,
0001000000
0000001000
0001000000
0000001000
,
0000100000
0000010000
0000100000
0000010000
0001000000
0000001000
0001000000
0000001000
,
0000100000
0000010000
0001000000
0000001000
0000100000
0000010000
0000100000
0000010000
,
0000200000
0000020000
0000000000
0000000000
0000000000
0000000000
0000000000
0000000000
,
0000330000
0000000000
0000000000
0000020000
0000000200
0000000000
0000030300
0000000000
,
0000000000
0000000000
0000000000
0000000000
,
0000000000
0000000000
0000000000
0020000000
0000200000
0000000000
0030300000
0000000000
,
0000000000
0000000000
0000000000
0000000000
,
0000000000
0000000000
0000000000
0002000000
0000002000
0000000000
0003003000
0000000000
,
0000000000
0000000000
0000000000
0000000000
,
0000000000
0000000000
0000000000
0000200000
0000020000
0000000000
0000000000
0000000000
,
0000330000
0000000000
0000000000
0000000000
,
0001000000
0000000000
0000001000
0000000000
,
0001000000
0000000000
0001000000
0000000000
,
0000010000
0000000000
0000100000
0000000000
,
0000001000
0000000000
0000001000
0000000000
,
0001000000
0000000000
0001000000
0000100000
,
0100000000
0000000000
0100000000
0001000000
,
1000000000
0000000000
2000000000
0000200000
,
0000000000
0000000000
0000000000
0000000000
,
0000000000
0000000000
0000000000
3000300000
,
1000000000
0000100000
1000000000
0000000000
,
0000100000
1000000000
0000100000
0000000000
,
0100000000
0001000000
0100000000
0000000000
,
0000100000
0100000000
0000100000
0000000000
,
0100000000
0001000000
0000100000
0000000000
,
0000100000
0000010000
0000001000
0000000000
,
0000001000
0000000010
0000000100
0000000000
,
0000000100
0000000010
0000001000
0000000000
,
0000001000
0000000001
0000001000
0000000000
,
0000001000
0000000010
0000001000
0000000000
,
0000000010
0000010000
0000000010
0000000000
,
0000000010
0000001000
0000010000
0000000000
,
0000010000
0000100000
0001000000
0000000000
,
0001000000
0000010000
0000001000
0000000000
,
0000001000
0001000000
0000001000
0001000000
,
0000001000
0001000000
0000001000
0001000000
0000001000
0001000000
0000001000
0001000000
,
0002002000
0000000000
0000000000
0000000000
,
0003003000
0000000000
0000000000
0000000000