0000000000
0000000000
0000000000
0000000000
,
0000000000
0000000000
0000000000
0000000000
,
0000000000
0000000000
0000000000
0000000000
,
0000000000
0000000000
0000000000
0000000000
,
0100100000
1001000000
0001010000
0000101000
,
0000001001
0000010010
0001010000
0000101000
,
0100100000
1001000000
0001010000
0000101000
,
0000001001
0000010010
0001010000
0000101000
,
0000001000
0010000000
0000100000
0000000000
0000001000
0000000001
0000100000
0000000100
,
0000010000
0000000001
0000000100
0000000000
0000000100
0000000001
0000000100
0000010000
,
0001000000
0000000100
0000010000
0000000000
0001000000
1000000000
0000010000
0010000000
,
0000100000
1000000000
0010000000
0000000000
0010000000
1000000000
0010000000
0000100000
,
0000001000
0001000000
0000100000
0000000000
0100000000
0001000000
1000000000
0000100000
,
0001000000
0000001000
0000010000
0000000000
0000000010
0000001000
0000000001
0000010000
,
0000001000
0001000000
0000100000
0000000000
0100000000
0001000000
1000000000
0000100000
,
0001000000
0000001000
0000010000
0000000000
0000000010
0000001000
0000000001
0000010000
,
0000000001
0000000100
0000010000
0000000000
0000100000
0010000000
1000000000
0010000000
,
0100000000
0010000000
0001000000
0000000000
0000001000
0000000100
0000000010
0000000100
,
0000000001
0000000100
0000010000
0000000000
0000100000
0010000000
1000000000
0010000000
,
0100000000
0010000000
0001000000
0000000000
0000001000
0000000100
0000000010
0000000100
,
0000000010
0000000100
0000010000
0000000000
0001000000
0000010000
0000100000
0000000000
,
0001000000
1000000000
0010000000
0000000000
0100000000
0010000000
0000100000
0000000000
,
0001000000
0000100000
0000001000
0000100000
0001000000
0000100000
0000000100
0000100000
,
0001000000
0000100000
0000010000
0000000100
0000000001
0000001000
0000000100
0000010000
,
0000101000
0000000000
0000000000
0000000000
,
0000000000
0000000000
0000000000
0000000000
,
0010000000
0000000000
0000000000
0000000000
,
0000000100
0000000000
0000000000
0000000000
,
0010000000
0000000000
0000000000
0000000000
,
0000000100
0000000000
0000000000
0000000000
,
0001000000
0001000000
0000001000
0000010000
0001000000
1000000000
0000010000
0010000000
,
0000100000
0000100000
0000001000
0000000100
0000100000
0000000100
0000010000
0000000000
,
0000001000
0000001000
0001000000
0000100000
0000001000
0000000001
0000100000
0000000100
,
0000010000
0000010000
0001000000
0010000000
0000010000
0010000000
0000100000
0000000000
,
0101000000
0000000000
0000001010
0000000000
,
0101000000
0000000000
0000001010
0000000000
,
0000010001
0000000000
1000100000
0000000000
,
0000110000
0000000000
0001001000
0000000000
,
0000001000
0000001000
0001000000
0000100000
0000001000
0000000001
0000100000
0000000100
,
0000010000
0000010000
0001000000
0010000000
0000010000
0010000000
0000100000
0000000000
,
0000100000
0010000000
1000000000
0100000000
0010000000
0001000000
0010000000
0100000000
,
0010000000
1000000000
0001000000
0000100000
0000010000
0000000100
0000000001
0000000100
,
0000000010
0000010000
0000001000
0001000000
0010000000
0100000000
0010000000
1000000000
,
0001000000
0000100000
0000010000
0000000100
0000000001
0000000100
0000000010
0000010000
,
0000010100
0000000000
0000000000
0000000000
,
0000000000
0000000000
0000000100
0010000000
,
0000000000
0000000000
0000000000
0000000000
,
0000000000
0000000000
0010000000
0000000100
,
0000000000
0000000000
0000000000
0000000000
,
0000000000
0000000000
0000000100
0010000000
,
0000000000
0000000000
0000000000
0000000000
,
0000000000
0000000000
0010000000
0000000100
,
0000000000
0000000000
0000000000
0000000010
,
0000010000
0000000001
0000001000
0000100000
,
0100000000
0001000000
1000000000
1001000000
,
0010000000
1000000000
0010000000
0000100000
0000010000
0000100000
0000110000
0000000000
,
0000100000
0000010000
0000001000
0000010000
0000100000
0000001000
0000101000
0000000000
,
0000001000
0000010000
0000000100
0000010000
0000000001
0000001000
0000001001
0000000000
,
0000000100
0000000001
0000000100
0000010000
0000100000
0000010000
0000110000
0000000000
,
0000010000
0000100000
0001000000
0000100000
0000010000
0001000000
0001010000
0000000000
,
0001000000
0000100000
0010000000
0000100000
1000000000
0000000000
0101000000
0000000000
,
1000100000
0001001000
0000110000
0000001010
,
0000010001
0001001000
0000110000
0101000000
,
1000100000
0001001000
0000110000
0000001010
,
0000010001
0000000000
0001001000
0000000000
0000110000
0000000000
0000010000
0000010000
,
0001000000
0000001000
0000100000
0000010000
0001000000
0000001000
0000010000
0000010000
,
0000000100
0000010000
0000001000
0001000000
0000100000
0010000000
0001000000
0001000000
,
0100000000
0000100000
1000000000
0010000000
0100000000
0000100000
1000000000
1000000000
,
0000100000
0010000000
0000001000
0001000000
0000000100
0000010000
0000000010
0000000010
,
0000001000
0000000001
0000000100
0000010000
0000100000
0010000000
1000000000
1000000000
,
0000100000
0100000000
0010000000
0001000000
0000001000
0000000100
0000000010
0000000010
,
0000001000
0000000001
0000010000
0000000010
0000001000
0000000001
0000001000
0000001000
,
0000000010
0000010000
0000000001
0000001000
0000000010
0000010000
0000000010
0000000100
,
0000010000
0000000000
0001000000
0000010000
0000100000
0000000000
0001000000
1000000000
,
0010000000
0000000000
0100000000
0010000000
0000100000
0000000000
0000101000
0000000000
,
0001010000
0000000000
0000101000
0000000000
0001010000
0000000000
0000100000
0000001000
,
0000100000
0000000000
0000001000
0000000000
0000100000
0000001000
0000100000
0000001000
0000100000
0000001000
0000100000
0000000000
0000000100
0000000000
0000000000
0000000000