0000000000
0000000000
0000000000
0000000000
,
0000000000
0000000000
0000000000
0000000000
,
0000000000
0000000000
0000000000
0000000000
,
0000000000
0000000000
0000000000
0000000000
,
1000000000
0000000000
0000100000
0000000000
0010000000
0000100000
0001000000
0000000000
0000001000
0000000000
0000020000
0000000000
0000000000
0000000000
0000030100
0000000000
,
0000001000
0000000000
0000000010
0000000000
0000000100
0000000001
0000000010
0000000000
0000000100
0000000000
0000002000
0000000000
0000000000
0000000000
0000013000
0000000000
,
0001000000
0000000000
0000100000
0000000000
0010000000
0001000000
0100000000
0000000000
0010000000
0000000000
2000000000
0000000000
0000000000
0000000000
3000100000
0000000000
,
0010000000
0000000000
0001000000
0000000000
0010000000
0000001000
0001000000
0000000000
0000000100
0000000000
0000002000
0000000000
0000000000
0000000000
0000003010
0000000000
,
0000000100
0000000001
0000000010
0000000100
0000001000
0000010000
0000000010
0000000100
,
0000001000
0000010000
0000100000
0000000100
0000001000
0000010000
0000100000
0001000000
,
0010000000
0000100000
0001000000
0010000000
0100000000
1000000000
0100000000
0010000000
,
1000000000
0001000000
0010000000
0000100000
0000001000
0000000100
0000010000
0000000010
,
0000000100
0000000000
0000000001
0000001000
0000000100
0000010000
0000001000
0000000000
0000100000
0000000000
0000020000
0000000000
0000000000
0000000000
0001030000
0000000000
,
0000100000
0000000000
0010000000
0000000000
0000100000
0100000000
0010000000
0000000000
1000000000
0000000000
0002000000
0000000000
0000000000
0000000000
0013000000
0000000000
,
0000100000
0001000000
0000100000
0000000000
0000001000
0000000000
0000010000
0000000000
0000000100
0000000000
0000000002
0000000000
0000000000
0000000000
0000010003
0000000000
,
0000000100
0000010000
0000001000
0000000000
0001000000
0000000000
0000100000
0000000000
0010000000
0000000000
0002000000
0000000000
0000000000
0000000000
1003000000
0000000000
,
0010000000
0100000000
0001000000
0010000000
0000100000
0001000000
0000010000
0000100000
,
0000001000
0000010000
0001000000
0000100000
0000010000
0000001000
0000000100
0000010000
,
0000001000
0000000100
0000000010
0000000001
0000001000
0000000100
0000000010
0000000001
,
0000000010
0000000100
0000000001
0000001000
0000000100
0000010000
0000001000
0001000000
,
0000100000
0010000000
0001000000
0000000000
0100000000
0010000000
1000000000
0000000000
,
0100000000
0010000000
0001000000
0000000000
0000100000
0000001000
0000100000
0000000000
,
0000010000
0000100100
0000010000
0000000001
0000000100
0000000010
0000001000
0000000100
,
0000010000
0000000000
0000001000
0000000000
0001000000
0000000000
0000100000
0000000000
0010000000
0001000000
0100000000
0010000000
1000000000
0000100000
0010000000
0000010000
,
0000200000
0000000000
0000000000
0000000000
,
0000000000
0000000000
0000000000
0000000000
,
0000000000
0000000000
0000000000
0000000000
,
0000000000
0000000000
0000300000
0000000000
0000000000
0000000000
0000000000
0000000000
0000000000
0000000000
0000000000
0000000100
0000000000
0000000000
0000000000
0000010000
0000000000
0000000000
0000000000
0000000010
0000000000
0000000000
0000000000
0000001100
0000000000
0000000000
0000000000
0000000000
0000000000
0000000000
0000000000
0000000000
,
0000000000
0000000000
0000000000
0000000101
0000000000
0000000000
0000000000
0000000000
0000000000
0000000000
0000000000
0000000100
0000000000
0000000000
0000000000
0000000010
0000000000
0000000000
0000000000
0000010000
0000000000
0000000000
0000000000
0000000101
0000000000
0000000000
0000000000
0000000000
0000000000
0000000000
0000000000
0000000000
,
0000000000
0000000000
0000000000
0000001100
0000000000
0000000000
0000000000
0000000000
0000000000
0000000000
0000000000
0000001000
0000000000
0000000000
0000000000
0000010000
0000000000
0000000000
0000000000
0000001000
0000000000
0000000000
0000000000
0001010000
0000000000
0000000000
0000000000
0000000000
0000000000
0000000000
0000000000
0000000000
,
0000000000
0000000000
0000000000
0000101000
0000000000
0000000000
0000000000
0000000000
0000000000
0000000000
0000000000
0000100000
0000000000
0000000000
0000000000
0001000000
0000000000
0000000000
0000000000
0010000000
0000000000
0000000000
0000000000
0100000000
0000000000
0000000000
0000000000
1000000000
0000000000
0000000000
0000000000
0010000000
,
0000000000
0000000000
0000000000
1000000000
0000000000
0000000000
0000000000
0000000000
0000000000
0000000000
0000000000
0001000000
0000000000
0010000000
0000000000
0000100000
0000000000
0000000000
0000000000
0000001000
0000000000
0000000100
0000000000
0000010000
0000000000
0000000000
0000000000
0000000010
0000000000
0000000000
0000000000
0000000100
,
0000000000
0000000001
0000000000
0000010000
0000000000
0000000100
0000000000
0000001000
0000000000
0000000000
0000000000
0000010000
0000000000
0000001000
0000000000
0000010000
0000000000
0000000000
0000000000
0001000000
0000000000
0000100000
0000000000
0001000000
0000000000
0000000000
0000000000
0000100000
0000000000
0000000000
0000000000
0010000000
,
0000000000
0000000000
0000000000
0000200000
0000000000
0000000000
0000000000
0000000000
0000000000
0000000000
0000000000
1000300000
0000000000
0010000000
0000000000
1000000000
0000000000
0010000000
0000000000
1000000000
0000000000
0000100000
0000000000
0000000000
0000000000
0000000000
0000000000
0010000000
0000000000
0000000000
0000000000
0000001000
,
0000000000
0000000000
0000000000
0000100000
0000000000
0000000000
0000000000
0000000100
0000000000
0000000000
0000000000
0000010000
0000000000
0000000100
0000000000
0000010000
0000000000
0000000100
0000000000
0000010000
0000000000
0000000001
0000000000
0000000100
0000000000
0000000000
0000000000
0000000010
0000000000
0000000000
0000000000
0000001000
,
0000000000
0000000000
0000000000
0000000200
0000000000
0000000000
0000000000
0000000000
0000000000
0000000000
0000000000
0000010300
0000000000
0000000000
0000000000
0000001000
0000000000
0000000000
0000000000
0000100000
0000000000
0000000000
0000000000
0001000000
0000000000
0000000000
0000000000
0001100000
0000000000
0000000000
0000000000
0000000000
,
0000000000
0000000000
0000000000
1100000000
0000000000
0000000000
0000000000
0000000000
0000000000
0000000000
0000000000
0100000000
0000000000
0000000000
0000000000
1000000000
0000000000
0000000000
0000000000
0001000000
0000000000
0000000000
0000000000
0000100000
0000000000
0000000000
0000000000
0001100000
0000000000
0000000000
0000000000
0000000000
,
0000000000
0000000000
0000000000
0000011000
0000000000
0000000000
0000000000
0000000000
0000000000
0000000000
0000000000
0000001000
0000000000
0000000000
0000000000
0000010000
0000000000
0000000000
0000000000
0000000100
0000000000
0000000000
0000000000
0000001000
0000000000
0000000000
0000000000
0000000110
0000000000
0000000000
0000000000
0000000000
,
0000000000
0000000000
0000000000
0000001010
0000000000
0000000000
0000000000
0000000000
0000000000
0000000000
0000000000
0000000100
0000000000
0000000000
0000000000
0000001000
0000000000
0000000000
0000000000
0000000001
0000000000
0000000000
0000000000
0000000100
0000000000
0000000000
0000000000
0000000010
0000000000
0000000000
0000000000
0000010000
,
0000000000
0000000000
0000000000
0000000200
0000000000
0000000000
0000000000
0000000000
0000000000
0000000000
0000000000
0000001300
0000000000
0000000000
0000000000
0000000100
0000000000
0000000000
0000000000
0000010000
0000000000
0000000000
0000000000
0000001000
0000000000
0000000000
0000000000
0001010000
0000000000
0000000000
0000000000
0000000000
,
0000000000
0000000000
0000000000
0000101000
0000000000
0000000000
0000000000
0000000000
0000000000
0000000000
0000000000
0001000000
0000000000
0000000000
0000000000
0010000000
0000000000
0000000000
0000000000
0000100000
0000000000
0000000000
0000000000
0001000000
0000000000
0000000000
0000000000
0010000000
0000000000
0000000000
0000000000
0100000000
,
0000000000
0000000000
0000000000
1000000000
0000000000
0000000000
0000000000
0000000000
0000000000
0000000000
0000000000
0100000000
0000000000
0000000000
0000000000
0010000000
0000000000
0000000000
0000000000
0001000000
0000000000
0000000000
0000000000
0010000000
0000000000
0000000000
0000000000
0100000000
0000000000
0000000000
0000000000
0010000000
,
0000000000
0000000000
0000000000
0001000000
0000000000
0000000000
0000000000
0010000000
0000000000
0000000000
0000000000
0100000000
0000000000
0000000000
0000000000
1000000000
0000000000
0000000000
0000000000
0100000000
0000000000
0000000000
0000000000
0010000000
0000000000
0000000000
0000000000
0001000000
0000000000
0000100000
0000000000
0000001000
,
0000000000
0000010000
0000000000
0000001000
0000000000
0000000100
0000000000
0000010000
0000000000
0000000010
0000000000
0000000100
0000000000
0000000001
0000000000
0000000010
0000000000
0000000100
0000000000
0000001000
0000000000
0000010000
0000000000
0000001000
0000000000
0000000100
0000000000
0000010000
0000000000
0000001000
0000000000
0001000000
,
0000000000
0000100000
0000000000
0010000000
0000000000
0001000000
0000000000
0100000000
0000000000
0010000000
0000000000
1000000000
0000000000
0001000000
0000000000
0010000000
0000000000
0000100000
0000000000
0100000000
0000000000
0010000000
0000000000
0001000000
0000000000
0000101000
0000000000
0000010000
0000000000
0000001000
0000000000
0000000100
,
0000000000
0000010000
0000000000
0000000010
0000000000
0000000100
0000000000
0000000001
0000000000
0000010000
0000000000
0000000000
0000000000
0000000000
0000000000
0000000200
0000000000
0000000000
0000000000
0020000000
0000000000
0000000000
0000000000
0000000000
0000000000
0000000000
0000000000
0000000000
0000000000
0000000000
0000000000
0000000000
,
0000000000
0000000000
0000000000
0000000000
,
0000000000
0000000000
0000000000
0000000000
,
0000000000
0000000000
0000000000
0000000000
,
0000000000
0000000000
0000000000
0000000000
,
0000000000
0000000000
0000000000
0000000000
,
0000000000
0000000000
0000000000
0000000000
,
0000000000
0000000000
0000000000
0000000000
,
0000000000
0000000000
0000000000
0000000000
0000000000
0000000000
0000000000
0000000000
0000000000
0030000000
0000000000
0000000000
0000000000
0000000000
0000000000
0000000000
0000000000
0000000000
0000000000
0000000000
0000000000
0000000000
0000000000
0000000000
0000000000
0000000000
0000000000
0000000000
0000000000
0000000000
0000000000
0000000000
,
0000000000
0000000300
0000000000
0000001000
0000000000
0000000100
0000000000
0000010000
0000000000
0000000000
0000000000
0000000020
0000000000
0000000000
0000000000
0000000030
0000000000
0000000000
0000000000
0000010000
0000000000
0000000100
0000000000
0000001000
0000000000
0000000000
0000000000
0000000020
0000000000
0000000000
0000000000
0000000030
,
0000000000
0000000000
0000000000
0000010000
0000000000
0000000100
0000000000
0000010000
0000000000
0000000000
0000000000
0000000200
0000000000
0000000000
0000000000
0000000300
0000000000
0000000000
0000000000
0000100000
0000000000
0000010000
0000000000
0000100000
0000000000
0000000000
0000000000
0000020000
0000000000
0000000000
0000000000
0000030000
,
0000000000
0000000000
0000000000
0010000000
0000000000
0000000000
0000000000
0000000000
0000000000
0000000000
0000000000
0000100000
0000000000
0000000000
0000000000
1000000000
0000000000
0000000000
0000000000
0010000000
0000000000
0000000000
0000000000
0100000000
0000000000
0000000000
0000000000
0001000000
0000000000
0000000000
0000000000
0010000000
,
0000000000
0000000000
0000000000
0000200000
0000000000
0000000000
0000000000
0000000000
0000000000
0000000000
0000000000
0001300000
0000000000
0000000000
0000000000
0000001000
0000000000
0000000000
0000000000
0000100000
0000000000
0000000000
0000000000
0000010000
0000000000
0000000000
0000000000
0000001000
0000000000
0000000000
0000000000
0000000100
,
0000000000
0000000000
0000000000
0000020000
0000000000
0000000000
0000000000
0000000000
0000000000
0000000000
0000000000
0000030100
0000000000
0000000000
0000000000
0000001000
0000000000
0000000000
0000000000
0000000010
0000000000
0000000000
0000000000
0000000100
0000000000
0000000000
0000000000
0000000001
0000000000
0000000000
0000000000
0000001000
,
0000000000
0000000000
0000000000
0000000200
0000000000
0000000000
0000000000
0000000000
0000000000
0000000000
0000000000
0000010300
0000000000
0000000000
0000000000
0000001000
0000000000
0000000000
0000000000
0000100000
0000000000
0000000000
0000000000
0001000000
0000000000
0000000000
0000000000
0010000000
0000000000
0000000000
0000000000
0000100000
,
0000000000
0000000000
0000000000
0200000000
0000000000
0000000000
0000000000
0000000000
0000000000
0000000000
0000000000
0310000000
0000000000
0000000000
0000000000
1000000000
0000000000
0000000000
0000000000
0100000000
0000000000
0000000000
0000000000
0010000000
0000000000
0000000000
0000000000
0001000000
0000000000
0000000000
0000000000
0000100000
,
0000000000
0000000000
0000000000
0000002000
0000000000
0000000000
0000000000
0000000000
0000000000
0000000000
0000000000
0000013000
0000000000
0000000000
0000000000
0000000100
0000000000
0000000000
0000000000
0000010000
0000000000
0000000000
0000000000
0000000001
0000000000
0000000000
0000000000
0000000100
0000000000
0000000000
0000000000
0000000000
,
0000000000
0000000000
0000000000
0000001010
0000000000
0000000000
0000000000
0000000000
0000000000
0000000000
0000000000
0000001010
0000000000
0000000000
0000000000
0000000000
0000000000
0000000000
0000000000
0000010001
0000000000
0000000000
0000000000
0000000000
0000000000
0000000000
0000000000
0000010001
0000000000
0000000000
0000000000
0000000000
,
0000000000
0000000000
0000000000
0000010010
0000000000
0000000000
0000000000
0000000000
0000000000
0000000000
0000000000
0000001001
0000000000
0000000000
0000000000
0000000000
0000000000
0000000000
0000000000
0000101000
0000000000
0000000000
0000000000
0000000000
0000000000
0000000000
0000000000
0001010000
0000000000
0000000000
0000000000
0000000000
,
0000000000
0000000000
0000000000
0000011000
0000000000
0000000000
0000000000
0000000000
0000000000
0000000000
0000000000
0001100000
0000000000
0000000000
0000000000
0000000000
0000000000
0000000000
0000000000
0010100000
0000000000
0000000000
0000000000
0000000000
0000000000
0000000000
0000000000
1000100000
0000000000
0000000000
0000000000
0000000000
,
0000000000
0000000000
0000000000
0101000000
0000000000
0000000000
0000000000
0000000000
0000000000
0000000000
0000000000
1000100000
0000000000
0000000000
0000000000
0000000000
0000000000
0000000000
0000000000
0101000000
0000000000
0000000000
0000000000
0000000000
0000000000
0000000000
0000000000
0010000000
0000000000
0000000000
0000000000
0000000000
,
0000000000
0000000000
0000000000
0100000000
0000000000
0000000000
0000000000
0010000000
0000000000
0000000000
0000000000
1000000000
0000000000
0000000000
0000000000
0001000000
0000000000
0000000000
0000000000
0010000000
0000000000
0000000000
0000000000
0000100000
0000000000
0000000000
0000000000
0000001000
0000000000
0000000000
0000000000
0000000100
,
0000000000
0000000000
0000000000
0000010000
0000000000
0000000000
0000000000
0000000010
0000000000
0000000000
0000000000
0000001000
0000000000
0000000000
0000000000
0000000100
0000000000
0000000000
0000000000
0000001000
0000000000
0000000000
0000000000
0000000001
0000000000
0000000000
0000000000
0000000100
0000000000
0000000000
0000000000
0000000010
,
0000000000
0000000000
0000000000
0000010000
0000000000
0000000000
0000000000
0000000100
0000000000
0000000000
0000000000
0000001000
0000000000
0000000000
0000000000
0000010000
0000000000
0000000000
0000000000
0000100000
0000000000
0000000000
0000000000
0000001000
0000000000
0000000000
0000000000
0001000000
0000000000
0000000000
0000000000
0000010000
,
0000000000
0000000000
0000000000
0000100000
0000000000
0000000000
0000000000
0001000000
0000000000
0000000000
0000000000
0010000000
0000000000
0000000000
0000000000
0000100000
0000000000
0000000000
0000000000
0100000000
0000000000
0000000000
0000000000
0010000000
0000000000
0000000000
0000000000
1000000000
0000000000
0000000000
0000000000
0100000000
,
0000000000
0000000000
0000000000
0010000000
0000000000
0000000000
0000000000
0001000000
0000000000
0000000000
0000000000
0000100000
0000000000
0000000000
0000000000
0000010000
0000000000
0000000000
0000000000
0000001000
0000000000
0000000000
0000000000
0000000100
0000000000
0000000000
0000000000
0000000010
0000000000
0000000000
0000000000
0000000001
,
0000000000
0000000000
0000000000
0000000100
0000000000
0000000000
0000000000
0000000010
0000000000
0000000000
0000000000
0000001000
0000000000
0000000000
0000000000
0000000100
0000000000
0000000000
0000000000
0000010000
0000000000
0000000000
0000000000
0000001000
0000000000
0000000000
0000000000
0000000100
0000000000
0000000000
0000000000
0000000010
,
0000000000
0000000000
0000000000
0000000001
0000000000
0000000000
0000000000
0000000010
0000000000
0000000000
0000000000
0000000100
0000000000
0000000000
0000000000
0000001000
0000000000
0000000000
0000000000
0000010000
0000000000
0000000000
0000000000
0001000000
0000000000
0000000000
0000000000
0000100000
0000000000
0000000000
0000000000
0001000000
,
0000000000
0000000000
0000000000
0010000000
0000000000
0000000000
0000000000
0000100000
0000000000
0000000000
0000000000
0010000000
0000000000
0000000000
0000000000
0001000000
0000000000
0000000000
0000000000
0100000000
0000000000
0000000000
0000000000
0010000000
0000000000
0000000000
0000000000
1000000000
0000000000
0000000000
0000000000
0000100000
,
0000000000
0000000000
0000000000
0010000000
0000000000
0000000000
0000000000
0000010000
0000000000
0000000000
0000000000
0000100000
0000000000
0000000000
0000000000
0000000000
0000000000
0000000000
0000000000
0000000100
0000000000
0000000000
0000000000
0000010000
0000000000
0000000000
0000000000
0000000001
0000000000
0000000000
0000000000
0000000000
,
0000000000
0000000000
0000000000
0000000100
0000000000
0000000000
0000000000
0000000010
0000000000
0000000000
0000000000
0000001000
0000000000
0000000000
0000000000
0000000000
0000000000
0000000000
0000000000
0000000100
0000000000
0000000000
0000000000
0000001000
0000000000
0000000000
0000000000
0000010000
0000000000
0000000000
0000000000
0000000000
,
0000000000
0000000000
0000000000
0000100000
0000000000
0000000000
0000000000
0000010000
0000000000
0000000000
0000000000
0010000000
0000000000
0000000000
0000000000
0000100000
0000000000
0000000000
0000000000
1000000000
0000000000
0000000000
0000000000
0010000000
0000000000
0000000000
0000000000
0100000000
0000000000
0000000000
0000000000
0001000000
,
0000000000
0000000000
0000000000
0100000000
0000000000
0000000000
0000000000
0010000000
0000000000
0000000000
0000000000
0100000000
0000000000
0000000000
0000000000
0010000000
0000000000
0000000000
0000000000
0100000000
0000000000
0010000000
0000000000
0001000000
0000000000
0000100000
0000000000
0000001000
0000000000
0000010000
0000000000
0000000100
,
0000000000
0000000002
0000000000
0000000000
0000000000
0000000000
0000000000
0000000000
0000000000
0000000000
0000000000
0000000000
0000000000
0000000000
0000000000
0000000000
0000000000
0000000000
0000000000
0000000000
0000000000
0000000000
0000000000
0000000000
0000000000
0000000000
0000000000
0000000000
0000000000
0000000000
0000000000
0000000000
,
0000000000
0000000000
0000000000
0000000000
,
0000000000
0000000000
0000000000
0000000000
0000000000
0000000000
0000000000
0000000003
0000000000
0000000000
0000000000
0000000000
0000000000
0000000000
0000000000
0000000000
0000000000
0000000000
0000000000
0000000000
0000000000
0000000000
0000000000
0000000000
0000000000
0000000000
0000000000
0000000000
0000000000
0000000000
0000000000
0000000000