// measure 0
0000000000
0000000000
0000000000
0000000000
,  // measure 1
0000000000
0000000000
0000000000
0000000000
,  // measure 2
0000000000
0000000000
0000000000
0000000000
,  // measure 3
0000000000
0000000000
0000000000
0000000000
,  // measure 4
1000000000
0000000000
0000100000
0000000000
0010000000
0000100000
0001000000
0000000000
0000001000
0000000000
0000020000
0000000000
0000000000
0000000000
0000030100
0000000000
,  // measure 5
0000001000
0000000000
0000000010
0000000000
0000000100
0000000001
0000000010
0000000000
0000000100
0000000000
0000002000
0000000000
0000000000
0000000000
0000013000
0000000000
,  // measure 6
0001000000
0000000000
0000100000
0000000000
0010000000
0001000000
0100000000
0000000000
0010000000
0000000000
2000000000
0000000000
0000000000
0000000000
3000100000
0000000000
,  // measure 7
0010000000
0000000000
0001000000
0000000000
0010000000
0000001000
0001000000
0000000000
0000000100
0000000000
0000002000
0000000000
0000000000
0000000000
0000003010
0000000000
,  // measure 8
0000000100
0000000001
0000000010
0000000100
0000001000
0000010000
0000000010
0000000100
,  // measure 9
0000001000
0000010000
0000100000
0000000100
0000001000
0000010000
0000100000
0001000000
,  // measure 10
0010000000
0000100000
0001000000
0010000000
0100000000
1000000000
0100000000
0010000000
,  // measure 11
1000000000
0001000000
0010000000
0000100000
0000001000
0000000100
0000010000
0000000010
,  // measure 12
0000000100
0000000000
0000000001
0000001000
0000000100
0000010000
0000001000
0000000000
0000100000
0000000000
0000020000
0000000000
0000000000
0000000000
0001030000
0000000000
,  // measure 13
0000100000
0000000000
0010000000
0000000000
0000100000
0100000000
0010000000
0000000000
1000000000
0000000000
0002000000
0000000000
0000000000
0000000000
0013000000
0000000000
,  // measure 14
0000100000
0001000000
0000100000
0000000000
0000001000
0000000000
0000010000
0000000000
0000000100
0000000000
0000000002
0000000000
0000000000
0000000000
0000010003
0000000000
,  // measure 15
0000000100
0000010000
0000001000
0000000000
0001000000
0000000000
0000100000
0000000000
0010000000
0000000000
0002000000
0000000000
0000000000
0000000000
1003000000
0000000000
,  // measure 16
0010000000
0100000000
0001000000
0010000000
0000100000
0001000000
0000010000
0000100000
,  // measure 17
0000001000
0000010000
0001000000
0000100000
0000010000
0000001000
0000000100
0000010000
,  // measure 18
0000001000
0000000100
0000000010
0000000001
0000001000
0000000100
0000000010
0000000001
,  // measure 19
0000000010
0000000100
0000000001
0000001000
0000000100
0000010000
0000001000
0001000000
,  // measure 20
0000100000
0010000000
0001000000
0000000000
0100000000
0010000000
1000000000
0000000000
,  // measure 21
0100000000
0010000000
0001000000
0000000000
0000100000
0000001000
0000100000
0000000000
,  // measure 22
0000010000
0000100100
0000010000
0000000001
0000000100
0000000010
0000001000
0000000100
,  // measure 23
0000010000
0000000000
0000001000
0000000000
0001000000
0000000000
0000100000
0000000000
0010000000
0001000000
0100000000
0010000000
1000000000
0000100000
0010000000
0000010000
,  // measure 24
0000200000
0000000000
0000000000
0000000000
,  // measure 25
0000000000
0000000000
0000000000
0000000000
,  // measure 26
0000000000
0000000000
0000000000
0000000000
,  // measure 27
0000000000
0000300000
0000000000
0000000000
0000000000
0000000000
0000000100
0000000000
0000010000
0000000000
0000000010
0000000000
0000001100
0000000000
0000000000
0000000000
,  // measure 28
0000000000
0000000101
0000000000
0000000100
0000000010
0000010000
0000000101
0000000000
,  // measure 29
0000000000
0000001100
0000000000
0000001000
0000010000
0000001000
0001010000
0000000000
,  // measure 30
0000000000
0000101000
0000000000
0000100000
0001000000
0010000000
0100000000
1000000000
,  // measure 31
0010000000
0000000000
1000000000
0000000000
0000000000
0000000000
0001000000
0010000000
0000100000
0000000000
0000001000
0000000100
0000010000
0000000000
0000000010
0000000000
,  // measure 32
0000000100
0000000001
0000010000
0000000100
0000001000
0000000000
0000010000
0000001000
0000010000
0000000000
0001000000
0000100000
0001000000
0000000000
0000100000
0000000000
,  // measure 33
0010000000
0000000000
0000200000
0000000000
0000000000
0000000000
1000300000
0010000000
1000000000
0010000000
1000000000
0000100000
0000000000
0000000000
0010000000
0000000000
,  // measure 34
0000001000
0000000000
0000100000
0000000000
0000000100
0000000000
0000010000
0000000100
0000010000
0000000100
0000010000
0000000001
0000000100
0000000000
0000000010
0000000000
,  // measure 35
0000001000
0000000200
0000000000
0000010300
0000001000
0000100000
0001000000
0001100000
,  // measure 36
0000000000
1100000000
0000000000
0100000000
1000000000
0001000000
0000100000
0001100000
,  // measure 37
0000000000
0000011000
0000000000
0000001000
0000010000
0000000100
0000001000
0000000110
,  // measure 38
0000000000
0000001010
0000000000
0000000100
0000001000
0000000001
0000000100
0000000010
,  // measure 39
0000010000
0000000200
0000000000
0000001300
0000000100
0000010000
0000001000
0001010000
,  // measure 40
0000000000
0000101000
0000000000
0001000000
0010000000
0000100000
0001000000
0010000000
,  // measure 41
0100000000
1000000000
0000000000
0100000000
0010000000
0001000000
0010000000
0100000000
,  // measure 42
0010000000
0000000000
0001000000
0000000000
0010000000
0000000000
0100000000
0000000000
1000000000
0000000000
0100000000
0000000000
0010000000
0000000000
0001000000
0000100000
,  // measure 43
0000001000
0000010000
0000001000
0000000100
0000010000
0000000010
0000000100
0000000001
0000000010
0000000100
0000001000
0000010000
0000001000
0000000100
0000010000
0000001000
,  // measure 44
0001000000
0000100000
0010000000
0001000000
0100000000
0010000000
1000000000
0001000000
0010000000
0000100000
0100000000
0010000000
0001000000
0000101000
0000010000
0000001000
,  // measure 45
0000000100
0000010000
0000000010
0000000100
0000000001
0000010000
0000000000
0000000000
0000000200
0000000000
0020000000
0000000000
0000000000
0000000000
0000000000
0000000000
,  // measure 46
0000000000
0000000000
0000000000
0000000000
,  // measure 47
0000000000
0000000000
0000000000
0000000000
,  // measure 48
0000000000
0000000000
0000000000
0000000000
,  // measure 49
0000000000
0000000000
0000000000
0000000000
,  // measure 50
0000000000
0000000000
0000000000
0000000000
,  // measure 51
0000000000
0000000000
0000000000
0000000000
,  // measure 52
0000000000
0000000000
0000000000
0000000000
,  // measure 53
0000000000
0000000000
0000000000
0000000000
0000000000
0030000000
0000000000
0000000000
0000000000
0000000000
0000000000
0000000000
0000000000
0000000000
0000000000
0000000000
,  // measure 54
0000000000
0000000300
0000001000
0000000100
0000010000
0000000000
0000000020
0000000000
0000000030
0000000000
0000010000
0000000100
0000001000
0000000000
0000000020
0000000000
,  // measure 55
0000000030
0000000000
0000010000
0000000100
0000010000
0000000000
0000000200
0000000000
0000000300
0000000000
0000100000
0000010000
0000100000
0000000000
0000020000
0000000000
,  // measure 56
0000030000
0010000000
0000000000
0000100000
1000000000
0010000000
0100000000
0001000000
,  // measure 57
0010000000
0000200000
0000000000
0001300000
0000001000
0000100000
0000010000
0000001000
,  // measure 58
0000000100
0000020000
0000000000
0000030100
0000001000
0000000010
0000000100
0000000001
,  // measure 59
0000001000
0000000200
0000000000
0000010300
0000001000
0000100000
0001000000
0010000000
,  // measure 60
0000100000
0200000000
0000000000
0310000000
1000000000
0100000000
0010000000
0001000000
,  // measure 61
0000100000
0000002000
0000000000
0000013000
0000000100
0000010000
0000000001
0000000100
,  // measure 62
0000000000
0000001010
0000000000
0000001010
0000000000
0000010001
0000000000
0000010001
,  // measure 63
0000000000
0000010010
0000000000
0000001001
0000000000
0000101000
0000000000
0001010000
,  // measure 64
0000000000
0000011000
0000000000
0001100000
0000000000
0010100000
0000000000
1000100000
,  // measure 65
0000000000
0101000000
0000000000
1000100000
0000000000
0101000000
0000000000
0010000000
,  // measure 66
0000000000
0100000000
0010000000
1000000000
0001000000
0010000000
0000100000
0000001000
,  // measure 67
0000000100
0000010000
0000000010
0000001000
0000000100
0000001000
0000000001
0000000100
,  // measure 68
0000000010
0000010000
0000000100
0000001000
0000010000
0000100000
0000001000
0001000000
,  // measure 69
0000010000
0000100000
0001000000
0010000000
0000100000
0100000000
0010000000
1000000000
,  // measure 70
0100000000
0010000000
0001000000
0000100000
0000010000
0000001000
0000000100
0000000010
,  // measure 71
0000000001
0000000100
0000000010
0000001000
0000000100
0000010000
0000001000
0000000100
,  // measure 72
0000000010
0000000001
0000000010
0000000100
0000001000
0000010000
0001000000
0000100000
,  // measure 73
0001000000
0010000000
0000100000
0010000000
0001000000
0100000000
0010000000
1000000000
,  // measure 74
0000100000
0010000000
0000010000
0000100000
0000000000
0000000100
0000010000
0000000001
,  // measure 75
0000000000
0000000100
0000000010
0000001000
0000000000
0000000100
0000001000
0000010000
,  // measure 76
0000000000
0000100000
0000010000
0010000000
0000100000
1000000000
0010000000
0100000000
,  // measure 77
0001000000
0000000000
0100000000
0000000000
0010000000
0000000000
0100000000
0000000000
0010000000
0000000000
0100000000
0010000000
0001000000
0000100000
0000001000
0000010000
,  // measure 78
0000000100
0000000002
0000000000
0000000000
0000000000
0000000000
0000000000
0000000000
0000000000
0000000000
0000000000
0000000000
0000000000
0000000000
0000000000
0000000000
,  // measure 79
0000000000
0000000000
0000000000
0000000000
,  // measure 80
0000000000
0000000003
0000000000
0000000000