0000000000
0000000000
0000000000
0000000000
,
0000000000
0000000000
0000000000
0000000000
,
0000000000
0000000000
0000000000
0000000000
,
0000000000
0000000000
0000000000
0000000000
,
1000000000
0000000000
0001000000
0000000000
0020000000
0000000000
0000000000
0030000000
0000100000
0000000000
0002000000
0000000000
0000000000
0000000000
0003001000
0000000000
,
0000001000
0000000000
0000010000
0000000000
0000000020
0000000000
0000000000
0000000030
0000001000
0000000000
0000000002
0000000000
0000000000
0000000000
0000010003
0000000000
,
0000010000
0000000000
0000000001
0000000000
0000000200
0000000000
0000000000
0000000300
0000010000
0000000000
0000200000
0000000000
0000000000
0000000000
0000300100
0000000000
,
0000000100
0000000000
0000010000
0000000000
0000002000
0000000000
0000000000
0000003000
0001000000
0000000000
0000200000
0000000000
0000000000
0000000000
0100300000
0000000000
,
0100000000
0001000000
0010000000
0100000000
1000000000
0020000000
0000000000
0130000000
,
0100000000
1000000000
0010000000
0000100000
0001000000
0000002000
0000000000
0000013000
,
0000010000
0000000100
0000001000
0000010000
0001000000
0000002000
0000000000
0000103000
,
0000100000
0001000000
0000010000
0000001000
0001000000
0000200000
0000000000
0010300000
,
0010000000
0000100000
0001000000
0000001000
0000010000
0000000020
0000000000
0000001030
,
0000001000
0000000100
0000000010
0000000001
0000000100
0000000020
0000000000
0000000031
,
0000000001
0000000100
0000010000
0000000001
0000000100
0000020000
0000000000
0000130000
,
0000100000
0001000000
0010000000
0000100000
0001000000
0020000000
0000000000
0130000000
,
0100000000
0001000000
0100000000
0010000000
1000000000
0010000000
0000100000
0000010000
,
0000110000
0000100000
0000001000
0000010000
0000000100
0000001000
0000000010
0000000100
,
0000000110
0000000010
0000001000
0000000100
0000010000
0000001000
0001000000
0000100000
,
0001100000
0001000000
0000010000
0000100000
0001000000
0010000000
0000100000
0001000000
,
0001010000
0001000000
0000001000
0000000000
0001001000
0000001000
0000100000
0000000000
,
0000101000
0000100000
0000010000
0000000000
0000110000
0000010000
0001000000
0000000000
,
0001000000
0001000000
0000001000
0000001000
0000100000
0000100000
0000010000
0000010000
,
0000100000
0000100000
0000100000
0000100000
0000010000
0000010000
0000010000
0000010000
,
0000000000
0000000000
0000110000
0000000000
0000000000
0002002000
0000000000
0000000000
0000000000
0000000000
0000000000
0000000000
0000000000
0000000000
0000000000
0000000000
,
0000000000
0000000000
0000000000
0000000000
0000000000
0000000000
0000000000
0000000000
0000000000
0000000000
0000000000
0000000000
0000000000
0003003000
0000000000
0000000000
,
0010000000
0000000000
0000000000
0011000000
0000000000
0000000000
0011100000
0000000000
,
0000000100
0000000000
0000000000
0000001100
0000000000
0000000000
0000011100
0000000000
,
0010000000
0000000000
0000000000
0010100000
0000000000
0000000000
0011100000
0000000000
,
0000000100
0000000000
0000000000
0000010100
0000002000
0000000000
0001003000
0000000000
,
0000010000
0000000000
0000010000
0000000000
0000100000
0000000000
0001000000
0000000000
0010000000
0000100000
0001000000
0000000000
0001000000
0000100000
0010000000
0000000000
,
0001000000
0000000000
0000100000
0000000000
0000010000
0000000000
0000001000
0000000000
0000000100
0000010000
0000000100
0000010000
0000002000
0000000000
0000003000
0000000000
,
0000100000
0000000000
0000100000
0000000000
0000010000
0000000000
0000001000
0000000000
0000000100
0000010000
0000001000
0000000000
0000001000
0000010000
0000000100
0000000000
,
0000001000
0000000000
0000010000
0000000000
0000100000
0000000000
0001000000
0000000000
0010000000
0000100000
0010000000
0000100000
0002000000
0000000000
0003000000
0000000000
,
0000100000
0000000000
0000000000
0010000000
0000000000
0000000000
0001000000
0000000000
0000000000
0000020000
0000000000
0000000000
0000000000
0000000000
0000000000
0000000000
0000000000
0000030001
0000000000
0000000000
0000000000
0000000000
0000000000
0000000000
,
0000010000
0000000000
0000000000
0000000100
0000000000
0000000000
0000001000
0000000000
0000000000
0000200000
0000000000
0000000000
0000000000
0000000000
0000000000
0000000000
0000000000
1000300000
0000000000
0000000000
0000000000
0000000000
0000000000
0000000000
,
0000100000
0000000000
0000000000
0010000000
0000000000
0000000000
0001000000
0000000000
0000000000
0000020000
0000000000
0000000000
0000000000
0000000000
0000000000
0000000000
0000000000
0000030001
0000000000
0000000000
0000000000
0000000000
0000000000
0000000000
,
0000010000
0000000100
0000001000
0000100000
0010000000
0002000000
0003100000
0000000000
,
0000010000
0000000000
0000010000
0000000000
0000100000
0000000000
0001000000
0000000000
0010000000
0000100000
0001000000
0000000000
0001000000
0000100000
0010000000
0000000000
,
0001000000
0000000000
0000100000
0000000000
0000010000
0000000000
0000001000
0000000000
0000000100
0000010000
0000000100
0000010000
0000002000
0000000000
0000003000
0000000000
,
0000100000
0001000000
0010000000
0000100000
1000000000
0000100000
0010000000
0001000000
,
0100000000
0000000000
0001000000
0000000000
0010000000
0000000000
0000100000
0000000000
0001000000
0000001000
0001000000
0000010000
0000100000
0000010000
0000001000
0000000100
,
0000010000
0000000001
0000010000
0000000100
0000001000
0000000010
0000001000
0000000100
0000010000
0000001000
0001000000
0000001000
0000100000
0000010000
0000100000
0001000000
,
0010000000
0000100000
1000000000
0000100000
0010000000
0001000000
0100000000
0001000000
0010000000
0000100000
0001000000
0000001000
0001000000
0000010000
0000100000
0000000000
,
0000110000
0000000000
0002002000
0000000000
0000000000
0000000000
0000000000
0000000000
0000000000
0003003000
0000000000
0000000000
0000000000
0000000000
0000000000
0000000000
,
0000000000
0000000000
0000000000
0000000000
,
0000000000
0000000000
0000000000
0020000000
0000000000
0000000000
0000000000
0000000000
0000000000
0000000000
0000000000
0030000000
0000000000
0000000000
0000000000
0000000000
,
0000000000
0000000000
0000000000
0000000000
,
0000000000
0000000000
0000000000
0000000000
,
0000000000
0000000000
0000000000
0000000000
,
0000000000
0000000000
0000000000
0000000200
0000000000
0000000000
0000000000
0000000000
0000000000
0000000000
0000000000
0000000300
0000000000
0000000000
0000000000
0000000000
,
0000000000
0000000000
0000000000
0000000000
,
0000000000
0000000000
0000000000
0000000000
,
0000000000
0000000000
0000000000
0000000000
,
0000000000
0000000000
0000000000
0020000000
0000000000
0000000000
0000000000
0000000000
0000000000
0000000000
0000000000
0030000000
0000000000
0000000000
0000000000
0000000000
,
0000000000
0000000000
0000000000
0000000000
,
0000000000
0000000000
0000000000
0000000000
,
0000000000
0000000000
0000000000
0000000000
,
0000000000
0000000000
0000000000
0000000200
0000000000
0000000000
0000000000
0000000000
0000000000
0000000000
0000000000
0000000300
0000000000
0000000000
0000000000
0000000000
,
0000000000
0000000000
0000000000
0000000000
0000000000
0000000000
0000000000
0000000000
0000000000
0000000000
0000000000
0000000000
0000000000
0000000000
0000000000
0000020100
,
0000000000
0000000000
0000000000
0000031000
0000000000
0000000000
0000000000
0000012000
0000000000
0000000000
0000000000
0001003000
0000000000
0000000000
0000000000
0002001000
,
0000000000
0000000000
0000000000
0003100000
0000000000
0000000000
0000000000
0001200000
0000000000
0000000000
0000000000
0010300000
0000000000
0000000000
0000000000
0010000000
,
0000000000
0000000000
0010000000
0000100000
0000000000
0000001000
0000000000
0000000100
0000010000
0000001000
0000100000
0000001000
0000100000
0000001000
0000010000
0000000100
,
0000000000
0000000000
0000000100
0000010000
0000000000
0001000000
0000000000
0010000000
0000100000
0001000000
0000010000
0001000000
0000010000
0001000000
0000100000
0010000000
,
0000000000
0000000000
0010000000
0001000000
0000000000
0000010000
0000000000
0000000100
0000001000
0000010000
0001000000
0000010000
0001000000
0000010000
0000001000
0000000100
,
0000000000
0000000000
0000000100
0000001000
0000000000
0000100000
0000000000
0010000000
0001000000
0000100000
0000001000
0000100000
0000001000
0000100000
0001000000
0010000000
,
0000000000
0000000000
0010000000
0000100000
0000000000
0000001000
0000000000
0000000100
0000010000
0000000010
0000000100
0000000010
0000001000
0000000100
0000001000
0000010000
,
0000100000
0000010000
0001000000
0000001000
0001000000
0000100000
0010000000
0000100000
1000000000
0010000000
1000000000
0001000000
0100000000
0010000000
1000000000
0000100000
,
0000000000
0100000000
0000000000
0020000000
0000000000
0000000000
0030000000
1000000000
0000000000
0002000000
0000000000
0000000000
0000000000
0013000000
0000000000
0010000000
,
0000000000
0000100000
0000000000
0002000000
0000000000
0000000000
0003000000
0000001000
0000000000
0000020000
0000000000
0000000000
0000000000
0000030100
0000000000
0000000100
,
0000000000
0000001000
0000000000
0000000002
0000000000
0000000000
0000000003
0000010000
0000000000
0000000020
0000000000
0000000000
0000000000
0000001030
0000000000
0000001000
,
0000000000
0000000100
0000000000
0000020000
0000000000
0000000000
0000030000
0000001000
0000000000
0002000000
0000000000
0000000000
0000000000
0003100000
0000000000
0000100000
,
0000000000
0010000000
0000000000
0001000000
0000000000
0010000000
0000000000
0200000000
0000000000
1300000000
0000000000
0020000000
0000000000
0130000000
0000000000
1000000000
,
0000000000
0010000000
0000000000
0000100000
0000000000
1000000000
0000000000
0020000000
0000000000
0030100000
0000000000
0000020000
0000000000
0001030000
0000000000
0001000000
,
0000000000
0000001000
0000000000
0000000100
0000000000
0000000010
0000000000
0000002000
0000000000
0000003100
0000000000
0000000020
0000000000
0000000031
0000000000
0000000100
,
0000000000
0000000010
0000000000
0000000001
0000000000
0000000100
0000000000
0000000002
0000000000
0000000013
0000000000
0000000200
0000000000
0000000301
0000000000
0000000001
,
0000000000
0000000100
0000000000
0000010000
0000000000
0001000000
0000000000
0000002000
0000000000
0000103000
0000000000
0002000000
0000000000
0013000000
0000000000
0000100000
,
0000000000
0100000000
0000000000
0010000000
0000000000
1000000000
0000000000
0200000000
0000000000
0310000000
0000000000
0002000000
0000000000
0103000000
0000000000
0100000000
,
0000000000
0010000000
0000000000
0001000000
0000000000
0000010000
0000000000
0000200000
0000000000
0000301000
0000000000
0000020000
0000000000
0000030100
0000000000
0000001000
,
0000000000
0000000010
0000000000
0000000100
0000000000
0000000001
0000000000
0000020000
0000000000
0000030100
0000000000
0000002000
0000000000
0000013000
0000000000
0001010000
,
0000000000
0001000000
0000000000
0000001000
0000000000
0000000000
0000000000
0001001000
0000000000
0000001000
0000000000
0000100000
0000000000
0000000000
0000000000
0000101000
,
0000000000
0000100000
0000000000
0000010000
0000000000
0000000000
0000000000
0000110000
0000000000
0000010000
0000000000
0001000000
0000000000
0000000000
0000000000
0000001000
,
0000000000
0000001000
0000000000
0001000000
0000000000
0001000000
0000000000
0000010000
0000000000
0000010000
0000000000
0000100000
0000000000
0000100000
0000000000
0000110000
,
0000000000
0000110000
0000000000
0000110000
0000000000
0000110000
0000000000
0000010100
0010100000
0000010100
0010100000
0000010100
0010100000
0000010100
0020100000
0000010200
,
0000000000
0000000000
0000000000
0000000000
,
0000000000
0000000000
0000000000
0000000000
0000000000
0030000300
0000000000
0000000000
0000000000
0000000000
0000000000
0000000000
0000000000
0000000000
0000000000
0000000000
0000000000
0000000000
0000000000
0000000000
0000000000
0000000000
0000000000
0000000000
0000000000
0000000000
0000000000
0000000000
0000000000
0000000000
0000000000
0000000000