0000000000
0000000000
0000000000
0000000000
,
0000000000
0000000000
0000000000
0000000000
,
0000220000
0000000000
0000300000
0000000000
0000230000
0000000000
0000020000
0000000000
0000030000
0000000000
0000320000
0000000000
0000200000
0000000000
0000030000
0000000000
0000020000
0000000000
0000300000
0000000000
0000200000
0000000000
0000030000
0000000000
0000020000
0000000000
0000300000
0000000000
0000200000
0000000000
0000030000
0000020000
,
0000300000
0000200000
0000030000
0000020000
0000300000
0000200000
0000030000
0000020000
0000300000
0000200000
0000030000
0000020000
0000300000
0000200000
0000030000
0000020000
0000300000
0000200000
0000030000
0000020000
0000300000
0000200000
0000030000
0000020000
0000300000
0000200000
0000030000
0000020000
0000330000
0000000000
0000000000
0000000000
,
0010110100
0010000000
0000100000
0100000000
0011000000
1001000000
0010000000
1000000000
,
1010100000
1000000000
0100000000
0010000000
0011000000
1001000000
0000100000
0010000000
,
0010110100
0000000100
0000001000
0000000010
0000001100
0000001001
0000010000
0000000001
,
0000010101
0000000001
0000000010
0000000100
0000001100
0000001001
0000010000
0000000100
,
0000001000
0000000010
0000000100
0000000001
0000000100
0000000010
0000001000
0000000100
0000010000
0000000100
0000001000
0000000010
0000000100
0000000001
0000010000
0000000100
,
0000001000
0000010000
0000100000
0001000000
0011000000
0010100000
1000000000
1000000000
,
0001000000
0100000000
0010000000
1000000000
0010000000
0100000000
0001000000
0010000000
0000100000
0010000000
0001000000
0100000000
0010000000
1000000000
0000100000
0010000000
,
0001000000
0000100000
0000010000
0000001000
0000001100
0000010100
0000000001
0000000001
,
0000001000
0000000010
0000000100
0000000001
0000001000
0000000100
0000010000
0000001000
0000100000
0000010000
0010000000
0000100000
0010000000
0001000000
1000000000
0010000000
,
0100000000
0001000000
0010000000
0000100000
1010000000
1001000000
0010000000
0010000000
,
0001000000
0100000000
0010000000
1000000000
0001000000
0010000000
0000100000
0001000000
0000010000
0000100000
0000000100
0000010000
0000000100
0000001000
0000000001
0000000100
,
0000000010
0000001000
0000000100
0000010000
0000000101
0000001001
0000000010
0000000010
,
0000001000
0000000100
0000000010
0000000001
0000000100
0000000010
0000010000
0000001000
0000000100
0000001000
0000010000
0000000100
0000100000
0000010000
0001000000
0000100000
,
0010000000
0001000000
1000000000
0010000000
0110000000
0100100000
1000000000
1000000000
,
0001000000
0010000000
0100000000
1000000000
0010000000
0100000000
0000100000
0001000000
0010000000
0001000000
0000100000
0010000000
0000010000
0000100000
0000001000
0000010000
,
0000000100
0000001000
0000000001
0000000100
0000000110
0000010010
0000000001
0000000001
,
0000010101
0000010000
0000000100
0000001000
0000001110
0000000010
0000001000
0000000100
,
0000110100
0000100000
0000001000
0010000000
0010110000
0000010000
0001000000
0000001000
,
0000110000
0000001100
0000110000
0000001100
0000110000
0000001100
0000110000
0000001100
,
0011000000
0000110000
0011000000
0000110000
0011000000
0000110000
0011000000
0000110000
,
0000000000
0000101000
0002020200
0000000000
0000000000
0000000000
0000000000
0000000000
,
0003030300
0000000000
0000000000
0000000000
,
0010000000
0010000000
0000110000
0001000000
0001000000
0000001000
0000110000
0000000000
,
0000000100
0000000100
0000110000
0000001000
0000001000
0001000000
0000110000
0000000000
,
0010000000
0000001000
0000110000
0000000100
0001000000
0000110000
0010000000
0000000000
,
0000000100
0000100000
0000001000
0010000000
0000010000
0001000000
0000001000
0000000000
,
0001000000
0000000000
0001000000
0000000000
0000100000
0000000000
1000000000
0000000000
0010000000
0100000000
0001000000
0010000000
0000100000
0001000000
0000010000
0000000000
,
0000100000
0000000000
0000100000
0000000000
0000001000
0000000000
0000010000
0000000000
0000000100
0000001000
0000000010
0000000100
0000000002
0000000000
0000000103
0000000000
,
0000000010
0000000000
0000000010
0000000000
0000010000
0000000000
0000000001
0000000000
0000000100
0000000010
0000001000
0000000100
0000010000
0000001000
0000100000
0000000000
,
0000010000
0000000000
0000010000
0000000000
0001000000
0000000000
0000100000
0000000000
0010000000
0001000000
0100000000
0010000000
2000000000
0000000000
3000000000
0000000000
,
0001000000
0000000000
0001000000
0000000000
0010000000
0000000000
0000002000
0002000000
0013103000
0000000000
0020000000
0000200000
0030301100
0000000000
0000000000
0000000000
,
0000100000
0000000000
0000100000
0000000000
0000010000
0000000000
0200000000
0020000000
0330110000
0000000000
0000020000
0000200000
0011330000
0000000000
0000000000
0000000000
,
0000001000
0000000000
0000001000
0000000000
0001000000
0000000000
0000000020
0000000200
0000110330
0000000000
0000200000
0000020000
0000331100
0000000000
0000000000
0000000000
,
0000010000
0000000000
0000010000
0000000000
0000000100
0000000000
0002000000
0000002000
0003013100
0000000000
0000000200
0000020000
0011030300
0000000000
0000000000
0000000000
,
0001000000
0000000000
0001000000
0000000000
0000010000
0000000000
0000010000
0000000000
0000001000
0000010000
0000000100
0000001000
0000010000
0000001000
0000000100
0000000000
,
0000100000
0000000000
0000100000
0000000000
0000001000
0000000000
0000001000
0000000000
0010000000
0001000000
0000100000
0001000000
0010000000
0000000000
0000100000
0000000000
,
0100000000
0010110000
0001000000
0010110000
0100000000
0010110000
0001000000
0010110000
,
0100000000
0000000000
0000100000
0000000000
0010000000
0000000000
0010000000
0000000000
0001000000
0000100000
0000010000
0000001000
0000000100
0000000010
0000000001
0000010000
,
0000000010
0000001000
0000000100
0000010000
0000000010
0000001000
0000000001
0000000100
0000000010
0000010000
0000001000
0000000100
0000000010
0000001000
0000000100
0000010000
,
0000000100
0000001000
0000000010
0000000100
0000000001
0000000010
0000000100
0000001000
0000010000
0000100000
0001000000
0010000000
0100000000
2000000000
0000000000
0000000000
,
0000000000
0010200000
3000300000
0000000000
,
0000000000
0000000000
0000000000
0000000000
,
0000000000
0000000000
0000000000
0000000000
,
0000000000
0000000000
0000000000
0000000000
,
0000000000
0000000000
0000000000
0000000000
,
0000000000
0000000000
0000000000
0000000000
,
0000000000
0000000000
0000000000
0000000000
,
0000000000
0000000000
0000000000
0000000000
,
0000000000
0000000000
0000000000
0000000000
0000000000
0000000000
0000000000
0000000000
0000000000
0000000000
0000000000
0000000000
1000100000
0000000000
0000000000
1000000000
,
0010000000
0000000000
0000100000
0000000000
0000010000
0000000000
0001000000
0000000000
0000001000
0000010000
0000001000
0000010000
0000000100
0000000000
0000001000
0000000010
,
0000000100
0000000000
0000000001
0000000000
0000000100
0000000010
0000010000
0000000100
0000001000
0000000010
0000000100
0000000001
0000010001
0000000000
0000000000
0000000001
,
0000000100
0000000000
0000010000
0000000000
0000100000
0000000000
0000001000
0000000000
0001000000
0000100000
0001000000
0000100000
0010000000
0000000000
0001000000
0100000000
,
0010000000
0000000000
1000000000
0000000000
0010000000
0100000000
0000100000
0010000000
0001000000
0100000000
0010000000
1000000000
1000100000
0000000000
0000000000
0000100000
,
0010000000
0000000000
0001000000
0000000000
0000100000
0000000000
0000001000
0000000000
0001000000
0000010000
0001000000
0000010000
0001000000
0000000000
0000001000
0000100000
,
0000001000
0000000000
0000010000
0000000000
0000000100
0000010000
0000001000
0000100000
0000010000
0001000000
0000100000
0010000000
0000110000
0000000000
0000000000
0000010000
,
0001000000
0000000000
0000001000
0000000000
0000010000
0000000000
0000000100
0000000000
0000100000
0000001000
0000100000
0000010000
0000100000
0001000000
0010000000
0100000000
,
0010000000
0001000000
0000100000
0000010000
0000001000
0000000100
0000010000
0000001000
0000100000
0000000100
0000010000
0000001000
0000110000
0000000000
0001000000
0000000000
,
0010000000
0000100000
0110000000
1000100000
0001000000
0001000000
0000110000
0000001000
,
0000000100
0000010000
0000000110
0000010001
0000001000
0000001000
0000101100
0000100000
,
0000010000
0010000000
0011000000
0100100000
0001000000
0001000000
0011010000
0000010000
,
0000100000
0000000000
0000000100
0000000000
0000001100
0000000000
0000010010
0000000000
0000001000
0000000000
0000001000
0000000000
0000000001
0000000100
0000000010
0000001000
,
0000000100
0000010000
0000000100
0000001000
0000000010
0000000100
0000000001
0000010000
0000000100
0000001000
0000000010
0000000100
0000000001
0000001000
0000000100
0000010000
,
0000000100
0000001000
0000000010
0000000100
0000000001
0000001000
0000000010
0000010000
0000000100
0000001000
0000000100
0000000010
0000000001
0000010000
0000000100
0000001000
,
0000000100
0000100000
0000001000
0000100000
0000010000
0001000000
0000100000
0010000000
0001000000
0100000000
0010000000
1000000000
0001000000
0010000000
0100000000
1000000000
,
0010000000
0100000000
0001000000
0010000000
0000100000
0001000000
0000100000
0010000000
0000100000
0100000000
0000100000
0010000000
0001000000
1000000000
0010000000
0100000000
,
0001000000
0010000000
0000100000
0001000000
0000010000
0000100000
0000001000
0000010000
0000000100
0000001000
0000000010
0000000100
0000000001
0000010000
0000000010
0000010000
,
0000000100
0000010000
0000001000
0000010000
0000000100
0000001000
0000000010
0000000100
0000000001
0000000100
0000000010
0000001000
0000000001
0000000100
0000000010
0000000100
,
0000000001
0000010000
0000000100
0000001000
0000000010
0000000100
0000001000
0000010000
0000000100
0000010000
0000001000
0000100000
0000001000
0001000000
0000010000
0000100000
,
0001000000
0010000000
0000100000
1000000000
0010000000
0100000000
0001000000
0010000000
0000010000
0001000000
0000001000
0000100000
0011010000
0000000000
0001000000
0000000000
,
0000010000
0000100000
0000101100
0000001000
0000100000
0000010000
0011010000
0001000000
,
0000010000
0000000000
0000000000
0000000000
0000100000
0000000000
0000000000
0000000000
0000101100
0000000000
0000000000
0000000000
0000001000
0000000000
0000000000
0000000000
0000100000
0000000000
0000000000
0000000000
0000010000
0000000000
0000000000
0000000000
0010000000
0001000000
0000100000
0000010000
0000000000
0000000000
0000000000
0000000000
,
0010000000
0001000000
0000010000
0000000100
0000000000
0000000000
0000000000
0000000000
0010000000
0000100000
0000001000
0000000100
0000000000
0000000000
0000000000
0000000000
0000100000
0000010000
0000001000
0000000100
0000000000
0000000000
0000000000
0000000000
0000101000
0000000000
0000000000
0000000000
0001010000
0000000000
0000000000
0000000000
,
0010101000
0000000000
0000000000
0000000000
0001010100
0000000000
0000000000
0000000000
0000100000
0000010000
0000001000
0000000000
0001000000
0000000000
0000000100
0000001000
0000100000
0000000000
0000001000
0000000000
0000010000
0000000100
0000000010
0000000000
0000020000
0000000000
0000000000
0000000000
0000000002
0000000000
0000000000
0000000000
,
0000000000
0000000000
0000000000
0000000000
,
0000000000
0000000000
0000000000
0000000000
0000000000
0000030003
0000000000
0000000000
0000000000
0000000000
0000000000
0000000000
0000000000
0000000000
0000000000
0000000000
0000000000
0000000000
0000000000
0000000000
0000000000
0000000000
0000000000
0000000000
0000000000
0000000000
0000000000
0000000000
0000000000
0000000000
0000000000
0000000000