00000
00000
00000
00000
,
00000
00000
00000
00000
,
M0000
01000
00100
00010
0000M
10000
01000
00100
,
000M0
00001
10000
01000
00M00
00010
00001
10000
,
0M000
00100
00010
00001
M0000
01000
00100
00010
,
0000M
10000
01000
00100
000M0
00001
10000
01000
,
00M00
00010
00001
10000
0M000
00100
00010
00001
,
M0000
01000
00100
00010
0000M
10000
01000
00100
,
000M0
00001
10000
01000
00M00
00010
00001
10000
,
0M000
00100
00010
00001
M0000
01000
00100
00010
,
0000M
10000
01000
00100
000M0
00001
10000
01000
,
00M00
00010
00001
10000
0M000
00100
00010
00001
,
00000
00000
00000
00000
,
10000
00000
00010
00100
00000
00010
10000
00000
00010
00000
10000
00100
00000
10000
00010
00000
,
10000
00000
00010
00100
00000
00010
10000
00000
00010
00000
10000
00100
10000
00010
00100
00000
,
00001
00100
00001
01000
00100
01000
00001
00000
01000
00100
01000
00001
00100
00001
01000
00000
,
00001
00100
00001
01000
00100
01000
00001
00000
01000
00100
01000
00001
00100
00001
01000
00000
,
00001
00100
00001
01000
00100
00000
00100
00000
01000
00100
01000
00001
00100
00000
00100
00000
,
00001
00100
00001
01000
00100
00000
00100
00000
01000
00100
01000
00001
00100
00001
00100
00000
,
00001
00100
00001
01000
00100
01000
00001
00000
01000
00100
01000
00001
00100
00001
01000
00000
,
00010
00000
10000
00000
00010
00000
10000
00000
00010
10000
00010
10000
00010
10000
00010
10000
,
00010
00000
00010
00000
10000
00000
10000
00000
00010
00000
00010
00000
10000
00000
10000
00000
00010
00100
00010
00000
10000
00100
10000
00000
00010
00100
00010
00000
10000
00100
10000
00000
,
00000
00000
00000
00000
00000
00000
00000
00000
00M00
00000
00000
00000
M0000
1000M
00001
00000
,
00000
00000
00000
00000
00000
00000
00000
00000
00M00
00000
00000
00000
M0000
1000M
00001
00000
,
00000
00000
00000
00000
00000
00000
00000
00000
00M00
00000
00000
00000
M0000
1000M
00001
00000
,
00000
00000
00000
00000
00000
00000
00000
00000
00M00
00000
00000
00000
M0000
1000M
00001
00000
,
00000
00000
00000
00000
00000
00000
M0M0M
00000
00100
00100
00100
00100
M0100
1010M
00101
00100
,
00100
00100
00100
00100
00100
00100
00100
00100
00100
00100
00100
00100
M0100
1010M
00101
00100
,
00100
00100
00100
00100
00100
00100
00100
00100
00100
00100
00100
00100
M0100
1010M
00101
00100
,
00100
00100
00100
00100
00100
00100
00100
00100
00100
00100
00100
00100
M0100
1010M
00101
00100
,
00100
00000
00100
00000
00100
00000
00100
00000
00100
00000
00100
00000
01000
00100
01000
00100
01000
00100
01000
00100
01000
00100
01000
00000
00000
00000
00000
00000
01000
00100
01000
00100
,
01000
00100
01000
00100
01000
00100
01000
00000
00000
00000
00000
00000
01000
00100
01000
00100
01000
00100
01000
00100
01000
00100
01000
00100
01000
00000
00000
00000
01000
00100
01000
00100
,
01000
00100
01000
00100
01000
00100
01000
00100
01000
00000
00000
00000
01000
00100
01000
00100
01000
00100
01000
00100
01000
00100
01000
00100
01000
00100
01000
00100
01000
00100
01000
00000
,
00000
00000
00000
00000
00100
00000
00000
00000
00100
00000
00000
00000
01000
00100
01000
00100
01000
00100
01000
00100
01000
00100
01000
00100
01000
00100
01000
00100
01000
00100
01000
00100
,
01000
00000
00000
00000
00100
00000
00000
00000
00100
00000
00000
00000
01000
00100
01000
00100
01000
00100
01000
00100
01000
00100
01000
00100
01000
00100
01000
00100
01000
00100
01000
00100
,
01000
00100
01000
00000
00000
00000
00000
00000
00100
00000
00000
00000
01000
00100
01000
00100
01000
00100
01000
00100
01000
00100
01000
00100
01000
00100
01000
00100
01000
00100
01000
00100
,
01000
00100
01000
00100
01000
00000
00000
00000
00100
00000
00000
00000
01000
00100
01000
00100
01000
00100
01000
00100
01000
00100
01000
00100
01000
00100
01000
00100
01000
00100
01000
00100
,
01000
00100
01000
00100
01000
00100
01000
00100
01000
00000
00000
00000
01000
00100
01000
00100
01000
00100
01000
00100
01000
00100
01000
00100
01000
00100
01000
00100
01000
00100
01000
00100
,
01000
00100
01000
00100
01000
00100
01000
00100
01000
00100
01000
00000
00001
00000
00000
00000
00000
00000
00000
00000
00000
00000
00000
00000
00000
00000
00000
00000
00000
00000
00000
00000