00000
00000
00000
00000
,
00000
00000
00000
00000
,
00000
00000
00000
00000
,
00000
00000
00000
00000
,
00001
00100
00001
00100
00002
00000
00003
00000
,
10000
00100
10000
00100
10000
00000
00000
00000
,
10010
00100
01001
00100
,
10010
00000
00000
00000
00000
00000
10000
00100
,
02000
00000
00000
00000
03010
00000
00010
00100
,
00002
00000
00000
00000
10003
00000
10000
00001
,
00100
00010
00100
01000
00100
10000
00100
00001
,
10000
00000
00000
00000
,
00010
00100
00010
00100
00020
00000
00030
00000
,
01000
00100
01000
00100
01000
00000
00000
00000
,
01001
00100
10010
00100
,
01001
00000
00000
00000
00000
00000
10000
00100
,
02000
00000
00000
00000
03010
00000
00010
00100
,
00002
00000
00000
00000
10003
00000
10000
00001
,
00100
00010
00100
01000
00100
10000
00100
00001
,
10000
00000
00000
00000
,
00010
01000
00100
10000
00001
00100
00001
00000
,
01000
00010
00100
10001
,
01000
00010
00100
00001
10000
00100
10000
00000
,
00010
01000
00100
10001
,
10000
00001
10000
00001
00100
00000
01010
00000
,
00010
01000
00100
10000
00100
01000
00010
00100
,
00001
10000
00001
10000
00100
00000
01010
00000
,
01000
00010
00100
00001
00100
00010
01000
00100
,
10000
00000
00000
00000
00001
00100
00010
00000
,
10000
00100
01000
00010
00100
00001
10000
00100
,
10000
00000
00000
00000
00001
10000
00100
01000
,
00010
01000
00001
10000
,
00100
00000
00000
00000
10000
00001
00100
00010
,
01000
00010
10000
00001
,
00100
00000
00000
00000
00001
00100
00010
00000
,
10000
00100
01000
00010
00100
00001
10000
00100
,
02200
00000
00000
00000
00000
03300
00000
00000
,
00220
00000
00000
00000
00000
00330
00000
00000
,
20200
00000
00000
00000
00000
30300
00000
00000
,
00202
00000
00000
00000
00000
00303
00000
00000
,
20020
00000
00000
00000
00000
30030
00000
00000
,
02002
00000
00000
00000
00000
03003
00000
00000
,
00100
00100
00100
00100
,
10010
00100
01001
00000
,
10001
00100
01010
00100
,
00000
10001
00000
10001
,
00000
10001
10001
00000
,
00110
01100
00101
10100
,
02020
00000
00000
00000
00000
00000
00000
03030
00000
00000
00000
00000
10000
00000
00100
00000
,
02000
00000
00000
00000
03010
00000
00010
00100
,
00002
00000
00000
00000
10003
00000
10000
00001
,
00100
00010
00100
01000
00100
10000
00100
00001
,
10000
00000
00000
00000
,
00100
10001
00000
10001
,
00000
10001
10001
00000
,
01100
00110
10100
00101
,
02020
00000
00000
00000
00000
00000
00000
03030
00000
00000
00000
00000
10000
00000
00100
00000
,
01000
00010
00100
00000
10001
00000
00001
00100
,
00010
01000
00100
00000
10001
00000
10000
00001
,
00100
00010
00100
01000
00100
10000
00100
00001
,
10000
00000
00000
00000
00000
00000
00001
00100
,
00010
01000
00100
10000
00001
00000
10000
00100
,
01000
00010
00100
00001
10000
00000
10000
00001
,
00100
00010
00100
01000
00100
10000
00100
00001
,
10000
00000
00000
00000
10000
00001
10000
00001
,
20002
00000
00000
30003
00000
00000
00000
00000