00000
00000
00000
00000
00000
00000
00000
00000
00000
00000
00000
00000
00000
00000
00000
00000
,
00000
00000
00000
00000
00000
00000
00000
00000
00000
00000
00000
00000
00000
00000
00000
00000
,
00000
00000
00000
00000
00000
00000
00000
00000
00000
00000
00000
00000
00000
00000
00000
00000
,
00000
00000
00000
00000
00000
00000
00000
00000
00000
00000
00000
00000
00000
00000
00000
00000
,
11010
00000
00000
00000
00000
00000
00000
00000
00000
00000
00000
00000
00100
00000
01011
00000
,
00000
00000
00000
00000
00000
00000
00000
00000
01000
00010
00001
01000
00010
00001
00100
00010
,
01000
10000
00010
01000
10000
00000
00000
00000
00010
00000
01000
00000
10000
00000
00000
00000
,
00010
01000
10000
00100
01000
00000
00000
00000
00010
00000
01000
00000
00100
00000
00000
00000
,
01000
00000
00010
00000
00002
00000
00003
00000
00010
00000
01000
00000
20000
00000
30000
00000
,
01000
00000
00010
00001
01000
00000
00010
00000
00100
00000
00010
00000
01000
00000
00100
00000
,
01000
00000
00010
00000
00002
00000
00003
00000
00010
00000
01000
00000
20000
00000
30000
00000
,
01000
00000
00010
00001
01000
00000
00010
00000
00100
00000
00010
00000
01000
00000
00100
00000
,
01000
00000
10000
00000
01000
00000
00100
00000
01000
00000
00010
00000
00100
00000
00010
00000
,
01000
00000
00010
00001
01000
00010
00001
01000
00010
00001
01000
00010
00001
01000
00010
00001
,
01000
00000
00010
00000
00002
00000
00003
00000
00010
00000
01000
00000
20000
00000
30000
00000
,
01000
00000
00100
00000
01000
00000
00010
00000
00100
00010
00001
10000
00100
00000
01000
00000
,
00020
00000
01000
00000
20000
00000
30030
00000
02000
00000
00010
00000
00002
00000
03003
00000
,
00010
00000
01000
10000
00010
00000
01000
00000
00100
00000
01000
00000
00010
00000
00100
00000
,
00020
00000
01000
00000
20000
00000
30030
00000
02000
00000
00010
00000
00002
00000
03003
00000
,
00010
00000
01000
10000
00010
00000
01000
00000
00100
00000
01000
00000
00010
00000
00100
00000
,
00010
00000
00001
00000
00010
00000
00100
00000
00010
00000
01000
00000
00100
00000
01000
00000
,
00010
00000
01000
10000
00010
01000
10000
00010
01000
10000
00010
01000
10000
00010
01000
10000
,
00010
00000
01000
00000
20000
00000
30000
00000
01000
00000
00010
00000
00002
00000
00003
00000
,
00010
00000
00100
00000
00010
00000
01000
00000
00100
01000
10000
00001
00100
00000
00010
00000
,
01000
10000
00100
01000
00010
00001
00100
00010
01000
10000
00100
01000
00010
00001
00100
00010
,
02000
00000
00020
00000
00000
00000
00000
00000
00000
00000
00000
00000
03000
00000
00030
00000
,
01000
10000
00010
00000
01000
00000
00100
00000
10000
01000
00010
00000
00100
00000
00010
00000
,
01000
10000
00001
00000
00100
00000
00010
00000
01000
00000
00100
00000
10000
00000
00000
00000
,
00010
00001
00100
00010
01000
10000
00100
01000
00010
00001
00100
00010
01000
10000
00100
01000
,
00020
00000
02000
00000
00000
00000
00000
00000
00000
00000
00000
00000
00000
00000
03030
00000
,
00010
00100
00010
00100
00010
00100
00010
10000
00001
00100
00001
00100
00001
00100
00001
01000
,
00200
00000
00000
00000
00000
00000
00000
00000
00000
00000
00000
00000
00000
00000
00300
00000
,
20200
00000
00000
00000
00000
00000
00000
00000
00000
00000
00000
00000
00000
00000
00000
30000
,
02000
00000
00000
00000
00000
00000
00000
00000
00000
00000
00000
00000
00000
00000
03000
,
00020
00000
00000
00000
00000
00000
00000
00000
00000
00000
00000
00000
00000
00000
00000
00030
,
00002
00000
00000
00000
00000
00000
00000
00000
00000
00000
00000
00000
00000
00000
00303
00000
,
02020
00000
00000
00000
00000
00000
00000
00000
00000
00000
00000
00000
03030
00000
00100
00000
,
02020
00000
00000
00000
00000
00000
00000
00000
00000
00000
00000
00000
00000
00000
03030
00000
,
10001
00000
00000
00000
02020
00000
00000
00000
00000
00000
00000
00000
00000
00000
03030
00000
,
00100
00000
00010
00000
01000
00000
00100
00000
01000
00100
01000
00010
00100
00010
01000
00000
,
00100
00100
00100
00100
00010
00000
00000
00000
00100
00100
00100
00100
01000
00000
00000
00000
,
00100
00100
00100
00100
00001
00000
00000
00000
00100
00100
00100
00100
10000
00000
00010
00000
,
00100
00100
00100
00100
10000
00000
00000
00000
00100
00100
00100
00100
00001
00000
00000
00000
,
00100
00100
00100
00100
01000
00000
00000
00000
00100
00100
00100
00100
00010
00000
10000
00000
,
00100
00100
00010
00100
00100
00000
00000
00000
01000
00100
00100
00100
01000
00000
00000
00000
,
00100
00100
00001
00100
00100
00000
00000
00000
10000
00100
00100
00100
10000
00000
00100
00000
,
01000
00010
01000
00010
01000
00000
00000
00000
00001
10000
00001
10000
00001
00000
00000
00000
,
10000
00000
00001
00000
10000
00000
00001
00100
00010
00000
01000
00000
00010
00000
00100
00000
,
00001
00000
10000
00000
02000
00000
03000
00000
10000
00000
00001
00000
00020
00000
00030
00000
,
00001
00000
10000
00000
01000
00000
10000
00000
00100
00000
10000
00000
00001
00000
00100
00000
,
00001
00000
10000
00000
02000
00000
03000
00000
10000
00000
00001
00000
00020
00000
00030
00000
,
00001
00000
10000
00000
01000
00000
10000
00000
00100
00000
10000
00000
00001
00000
00100
00000
,
00001
00000
00010
00000
00001
00000
00100
00000
00001
00000
10000
00000
00100
00000
10000
00000
,
00001
00000
10000
01000
00001
10000
01000
00001
10000
01000
00001
10000
01000
00001
10000
01000
,
00001
00000
10000
00000
02000
00000
03000
00000
10000
00000
00001
00000
00020
00000
00030
00000
,
00001
00000
00100
00000
00001
00000
10000
00000
00100
10000
01000
00010
00100
00000
00001
00000
,
20000
00000
00001
00000
00020
00000
30030
00000
00002
00000
10000
00000
02000
00000
03003
00000
,
10000
00000
00001
00000
00010
00000
00001
00000
00100
00000
00001
00000
10000
00000
00100
00000
,
20000
00000
00001
00000
00020
00000
30030
00000
00002
00000
10000
00000
02000
00000
03003
00000
,
10000
00000
00001
00000
00010
00000
00001
00000
00100
00000
00001
00000
10000
00000
00100
00000
,
10000
00000
01000
00000
10000
00000
00100
00000
10000
00000
00001
00000
00100
00000
00001
00000
,
10000
00000
00001
00010
10000
00001
00010
10000
00001
00010
10000
00001
00010
10000
00001
00010
,
10000
00000
00001
00000
00020
00000
00030
00000
00001
00000
10000
00000
02000
00000
03000
00000
,
10000
00000
00100
00000
10000
00000
00001
00000
00100
00001
00010
01000
00100
00000
10000
00000
,
00001
10000
00001
10000
00001
10000
00001
10000
00001
00100
00001
00100
00001
00100
00001
00100
,
00002
00000
00020
00000
00000
00000
00000
00000
00000
00000
00000
00000
00000
00000
00033
00000
,
00010
00001
00010
00000
00001
00000
00100
00000
00010
00001
00010
00000
00100
00000
00001
00000
,
01000
10000
01000
00000
00100
00000
10000
00000
00001
00000
00100
00000
00010
00000
00000
00000
,
10000
00001
10000
00001
10000
00001
10000
00001
10000
00100
10000
00100
10000
00100
10000
00100
,
20000
00000
02000
00000
00000
00000
00000
00000
00000
00000
00000
00000
00000
00000
33000
00000
,
10000
00100
10000
00100
10000
00100
10000
00010
01000
00100
01000
00100
01000
00100
01000
00001
,
00200
00000
00300
00000
00200
00300
00000
00000
00200
00000
00300
00000
00100
00000
00100
00000
,
00200
00000
00300
00000
00200
00300
00000
00000
00000
00000
00000
00000
00000
00000
00100
00000
,
00200
00000
00000
00000
00000
00000
00000
00000
00000
00000
00000
00000
00000
00000
00300
00000
,
00000
00000
00000
00000
00000
00000
00000
00000
00000
00000
00000
00000
00000
00000
00000
00000
,