00000
00000
00000
00000
,
00000
00000
00000
00000
,
00000
00000
00000
00000
,
00000
00000
00000
00000
,
11010
00000
00000
00000
00000
00000
00010
01011
,
00000
00000
00000
00000
00000
00000
00000
00000
00001
00010
00100
00000
00010
00100
01000
10000
,
01000
10000
01000
10000
01000
00000
00000
00000
00000
00000
00010
00000
00011
00000
00000
00000
,
00001
00010
00001
00010
00100
00000
00000
00000
01000
00000
10000
02000
00000
00000
03000
00000
,
01000
10000
21000
30000
00200
00310
00002
00013
,
00100
02000
23000
30000
00100
01000
00010
10000
,
00010
00001
00012
00003
00200
01300
20000
31000
,
00100
00020
00032
00003
00100
00010
01000
00001
,
00010
01000
10000
00010
01000
10000
00020
10030
,
00100
00010
00002
00013
00100
01000
20000
31000
,
01000
00010
00001
01000
00010
00001
00020
00130
,
01000
00000
20000
00000
31000
00000
00000
00000
01000
10000
01000
10000
00001
00010
00001
00010
,
00001
00010
00021
00030
00200
10300
02000
13000
,
00100
00002
00023
00030
00100
00001
10000
00010
,
10000
01000
12000
03000
00200
00301
00020
00031
,
00100
20000
32000
03000
00100
10000
00001
01000
,
10000
00001
00010
10000
00001
00010
20000
30010
,
00100
10000
02000
13000
00100
00001
00020
00031
,
00001
10000
01000
00001
10000
01000
20000
30100
,
00001
00000
00020
00000
00031
00000
00000
00000
00001
00010
00001
00010
01000
10000
01000
10000
,
01000
10000
01000
10000
01000
10000
01000
10000
01000
10000
01000
10000
01000
10000
01000
10000
,
02000
20000
00000
00000
00000
00000
00000
33000
,
10000
01000
10000
00000
01000
00100
01000
00000
00100
00010
00100
00000
00010
00001
00010
00000
,
00001
00010
00001
00000
00100
00010
00100
00000
02000
00000
20000
00000
00000
00000
33000
00000
,
00010
00001
00010
00001
00010
00001
00010
00001
00010
00001
00010
00001
00010
00001
00010
00001
,
00020
00002
00000
00000
00000
00000
00000
00033
,
00100
00010
00100
00010
00100
00010
00100
00010
00100
00010
00100
00010
00100
00010
00100
00010
,
00200
00000
00000
00000
,
00000
00000
00000
00000
,
00000
00000
00000
00000
,
00000
00000
00300
00000
,
00200
00000
00000
00000
00000
00000
00000
00000
00000
00000
00000
00000
00000
00000
00000
00000
00000
00000
00000
00000
00000
00000
00000
00000
00000
00000
00000
00000
00000
00000
00000
00300
,
02020
00000
00000
00000
,
00000
00000
00000
00000
,
00000
00000
00000
00000
,
03030
00000
00000
00000
00000
00000
00000
00000
00000
00000
00000
00000
00000
00000
00000
00000
01010
02020
00000
00000
00000
00000
00000
00000
00000
00000
00000
00000
00000
00000
00000
00000
,
00000
00000
00000
00000
,
00000
00000
00000
00000
,
00000
00000
00000
00000
,
03030
00000
00000
00000
00000
00000
00000
00000
00000
00000
00000
00000
00000
00000
00000
00000
00000
01010
00000
02020
00000
00000
00000
00000
00000
00000
00000
00000
00000
00000
00000
00000
,
00000
00000
00000
00000
,
00000
00000
00000
00000
,
00000
03030
00000
00000
00000
00000
00000
00000
00000
00000
00000
00000
00000
00000
00000
00000
00000
00000
00000
00001
00000
00000
00000
00010
00000
00000
00000
00010
00000
00000
00000
00100
,
00000
00000
00000
00100
00000
00000
00000
01000
00000
00000
00000
01000
00000
00000
00000
10000
00000
00000
00000
01000
00000
01000
00000
01000
00000
01000
00000
10000
00000
00000
00000
00000
,
00000
00000
00000
00100
00000
00100
00000
00100
00000
00100
00000
01000
00000
00000
00000
00000
00000
00000
00000
00010
00000
00010
00000
00010
00000
00010
00000
00100
00000
00000
00000
00000
,
00000
00000
00000
00001
00000
00001
00000
00001
00000
00001
00000
00010
00000
00000
00000
00010
00000
00000
00000
00010
00000
00010
00000
00010
00000
00010
00000
00100
00000
00000
00000
00000
,
00000
00000
00000
00100
00000
00100
00000
00100
00000
00100
00000
01000
00000
00000
00000
00000
00000
00000
00000
01000
00000
01000
00000
01000
00000
01000
00000
10000
00000
00000
00000
00000
,
00000
00000
00000
10000
00000
10000
00000
10000
00000
10000
00000
01000
00000
00000
00000
01000
00000
00000
00000
01000
00000
10000
00000
01000
00000
10000
00000
01000
00000
00000
00000
00000
,
00000
00000
00000
00100
00000
01000
00000
00100
00000
01000
00000
00100
00000
00000
00000
00000
00000
00000
00000
00010
00000
00100
00000
00010
00000
00100
00000
00010
00000
00000
00000
00000
,
00000
00000
00000
00001
00000
00010
00000
00001
00000
00010
00000
00001
00000
00000
00000
00001
00000
00000
00000
00010
00000
01000
00000
00010
00000
01000
00000
00010
00000
00000
00000
00000
,
00000
00000
00000
10000
00000
00001
00000
10000
00000
00001
00000
10000
00000
00000
00000
00000
00000
00000
00000
10000
00000
00000
00000
01000
00000
00100
00000
01000
00000
00000
00000
00100
,
00000
00010
00000
00100
00000
00000
00000
00010
00000
00001
00000
00100
00000
00000
00000
00010
00000
00000
00000
00010
00000
00000
00000
00001
00000
00000
00000
00012
00000
00000
00000
00003
,
00000
00000
00000
00200
00000
00000
00000
01300
00000
00000
00000
20000
00000
00000
00000
31000
00000
00000
00000
00100
00000
00000
00000
00020
00000
00000
00000
00032
00000
00000
00000
00003
,
00000
00000
00000
00100
00000
00000
00000
00010
00000
00000
00000
01000
00000
00000
00000
00001
00000
00000
00000
01000
00000
00000
00000
10000
00000
00000
00000
21000
00000
00000
00000
30000
,
00000
00000
00000
00200
00000
00000
00000
00310
00000
00000
00000
00002
00000
00000
00000
00013
00000
00000
00000
00100
00000
00000
00000
02000
00000
00000
00000
23000
00000
00000
00000
30000
,
00000
00000
00000
00100
00000
00000
00000
01000
00000
00000
00000
00010
00000
00000
00000
10000
00000
00000
00000
01000
00000
00000
00000
00010
00000
00000
00000
00001
00000
00000
00000
01000
,
00000
00000
00000
00010
00000
00000
00000
00001
00000
00000
00000
02000
00000
00000
00000
03001
00000
00000
00000
00100
00000
00000
00000
01000
00000
00000
00000
20000
00000
00000
00000
31000
,
00000
00000
00000
00100
00000
00000
00000
00010
00000
00000
00000
00002
00000
00000
00000
00013
00000
00000
00000
00010
00000
00000
00000
01000
00000
00000
00000
10000
00000
00000
00000
00010
,
00000
00000
00000
01000
00000
00000
00000
10000
00000
00000
00000
02000
00000
00000
00000
03100
00000
00000
00000
00010
00000
00000
00000
00002
00000
00000
00000
00013
00000
00000
00000
00000
,
00000
00000
00000
00010
00000
00001
00000
00010
00000
00001
00000
10000
00000
01000
00000
10000
00000
01000
00000
10000
00000
00000
00000
01000
00000
00000
00000
12000
00000
00000
00000
03000
,
00000
00000
00000
00200
00000
00000
00000
00301
00000
00000
00000
00020
00000
00000
00000
00031
00000
00000
00000
00100
00000
00000
00000
20000
00000
00000
00000
32000
00000
00000
00000
03000
,
00000
00000
00000
00100
00000
00000
00000
10000
00000
00000
00000
00001
00000
00000
00000
01000
00000
00000
00000
00001
00000
00000
00000
00010
00000
00000
00000
00021
00000
00000
00000
00030
,
00000
00000
00000
00200
00000
00000
00000
10300
00000
00000
00000
02000
00000
00000
00000
13000
00000
00000
00000
00100
00000
00000
00000
00002
00000
00000
00000
00023
00000
00000
00000
00030
,
00000
00000
00000
00100
00000
00000
00000
00001
00000
00000
00000
10000
00000
00000
00000
00010
00000
00000
00000
00001
00000
00000
00000
10000
00000
00000
00000
01000
00000
00000
00000
00001
,
00000
00000
00000
10000
00000
00000
00000
01000
00000
00000
00000
00002
00000
00000
00000
01003
00000
00000
00000
00100
00000
00000
00000
00001
00000
00000
00000
00020
00000
00000
00000
00031
,
00000
00000
00000
00100
00000
00000
00000
10000
00000
00000
00000
02000
00000
00000
00000
13000
00000
00000
00000
10000
00000
00000
00000
00001
00000
00000
00000
00010
00000
00000
00000
10000
,
00000
00000
00000
00001
00000
00000
00000
00010
00000
00000
00000
00002
00000
00000
00000
00103
00000
00000
00000
10000
00000
00000
00000
02000
00000
00000
00000
13000
00000
00000
00000
00000
,
00000
00000
00000
10000
00000
01000
00000
10000
00000
01000
00000
00010
00000
00001
00000
00010
00000
00001
00000
00010
00000
00001
00000
00010
00000
00001
00000
00010
00000
00001
00000
00010
,
00000
00001
00000
00010
00000
00001
00000
00010
00000
00001
00000
00010
00000
00001
00000
00010
00000
00001
00000
00020
00000
00000
00000
00002
00000
00000
00000
00000
00000
00000
00000
00000
,
00000
00000
00000
00000
00000
00000
00000
00000
00000
00000
00000
00000
00000
00000
00000
00033
00000
00000
00000
00001
00000
00010
00000
00001
00000
00000
00000
00010
00000
00100
00000
00010
,
00000
00000
00000
00100
00000
01000
00000
00100
00000
00000
00000
01000
00000
10000
00000
01000
00000
00000
00000
10000
00000
01000
00000
10000
00000
00000
00000
00100
00000
01000
00000
00100
,
00000
00000
00000
00020
00000
00000
00000
00002
00000
00000
00000
00000
00000
00000
00000
00033
00000
00000
00000
01000
00000
10000
00000
01000
00000
10000
00000
01000
00000
10000
00000
01000
,
00000
10000
00000
01000
00000
10000
00000
01000
00000
10000
00000
01000
00000
10000
00000
01000
00000
10000
00000
02000
00000
00000
00000
20000
00000
00000
00000
00000
00000
00000
00000
00000
,
00000
00000
00000
00000
00000
00000
00000
00000
00000
00000
00000
00000
00000
00000
00000
33000
00000
00000
00000
00100
00000
01000
00000
00100
00000
01000
00000
00100
00000
01000
00000
00100
,
00000
01000
00000
00100
00000
01000
00000
00100
00000
01000
00000
00100
00000
01000
00000
00100
00000
01000
00000
00100
00000
00000
00000
00100
00000
00100
00000
00200
00000
00000
00000
00000
,
00000
00300
00000
00100
00000
00000
00000
00100
00000
00100
00000
00100
00000
00000
00000
00000
00000
00100
00000
00200
00000
00000
00000
00000
00000
00300
00000
00200
00000
00300
00000
00000
,
00000
00000
00000
00000
00000
00000
00000
00000
00000
00000
00000
00000
00000
00000
00000
00100
00000
00000
00000
00200
00000
00000
00000
00000
00000
00000
00000
00000
00000
00000
00000
00000
,
00000
00000
00000
00000
00000
00000
00000
00000
00000
00000
00000
00000
00000
00000
00000
00300
00000
00000
00000
00000
00000
00000
00000
00000
00000
00000
00000
00000
00000
00000
00000
00000