0000000000
0000000000
0000000000
0000000000
,
0000000000
0000000000
0000000000
0000000000
,
0000000000
0000000000
0000000000
0000000000
,
0000000000
0000000000
0000000000
0000000000
,
1010100000
0000000000
0000000000
0000000000
1000000000
0000000000
0010000000
0000000000
0000100000
0000000000
0000010000
0000000000
0000002000
0000003000
0000000020
0000000030
,
0000000000
0000000000
0000000000
0000000000
0000000000
0000000000
0000000000
0000000000
0000000010
0000000100
0000000010
0000000100
0000000010
0000000100
0000000010
0000000100
,
0000000001
0000000100
0000000001
0000000100
0000000001
0000000000
0000000100
0000000000
0000010000
0000000000
0000100000
0000000000
0001000000
0000000000
0100000000
0000000000
,
0100000000
0010000000
0100000000
0001000000
0100000000
0000000000
0000000000
0000000000
0002000000
0003000000
0010000000
0000000000
0200002000
0300003000
0000000000
0000000000
,
0010000000
0000010000
0000100000
0000000100
0000100000
0000010000
0010000000
0000100000
,
1000000000
0000000000
0001000000
0010000000
0001000000
0000000000
0100000000
0000000000
0000001000
0000000000
0001000000
0000000000
0000000010
0000000000
0000001000
0000000000
,
0000000100
0000100000
0000010000
0010000000
0000010000
0000100000
0000000100
0000010000
,
0000000001
0000000000
0000001000
0000000100
0000001000
0000000000
0000000010
0000000000
0001000000
0000000000
0000001000
0000000000
0100000000
0000000000
0001000000
0000000000
,
0010000000
0000001000
0001000000
0000000100
0001000000
0000001000
0010000000
0001000000
,
0100000000
0000000000
0000100000
0010000000
0000100000
0000000000
1000000000
0000000000
0000010000
0000000000
0000100000
0000000000
0000000001
0000000000
0000010000
0000000000
,
0000000100
0001000000
0000001000
0010000000
0000001000
0001000000
0000000100
0000001000
,
0000000010
0000000000
0000010000
0000000100
0000010000
0000000000
0000000001
0000000000
0000100000
0000000100
0000100000
0000010000
0000100000
0000000000
0000100000
0000010000
,
0010000000
0000000000
0000100000
0000000000
0000001000
0000000000
0000000100
0000010000
0000000100
0000000000
0000010000
0000000000
0001000000
0000000000
0010000000
0000000000
,
0000100000
0000000000
0000001000
0000000100
0000001000
0000000000
0000000100
0000000000
0000010000
0000000000
0001000000
0000000000
0010000000
0000000000
0000100000
0000000000
,
0000001000
0000000000
0000000100
0000000000
0000010000
0000000000
0001000000
0010000000
0001000000
0000000000
0010000000
0000000000
0000100000
0000000000
0000001000
0000000000
,
0000000100
0000000000
0000010000
0000000100
0000010000
0000000000
0001000000
0000000000
0010000000
0000000000
0000100000
0000000000
0000001000
0000000000
0000000100
0000000000
,
0000010000
0000000000
0001000000
0000000000
0010000000
0000000000
0000100000
0000001000
0000100000
0000000000
0000001000
0000000000
0000000100
0000000000
0000010000
0000000000
,
0001000000
0000000000
0010000000
0000100000
0010000000
0000000000
0000100000
0000000000
0000001000
0000000000
0000000100
0000000000
0000010000
0000000000
0001000000
0000000000
,
0010000000
0000000000
0000100000
0000000000
0000001000
0000000000
0000000100
0000010000
0000000100
0000000000
0000010000
0000000000
0001000000
0000000000
0010000000
0000000000
,
0000100000
0000000000
0000001000
0000000100
0000001000
0000000000
0000000100
0000000000
0000010000
0000000100
0000100000
0000010000
0010000000
0000000000
0001000000
0000000000
,
0100000000
0010000000
0100000000
0001000000
0100000000
0010000000
0100000000
0001000000
0100000000
0010000000
0100000000
0001000000
0100000000
0000001000
0100000000
0001000000
,
0100000000
0010000000
0001000000
0000001000
0001000000
0000000100
0001000010
0000000000
,
0000000001
0000100000
0000000010
0001000000
0000000100
0010000000
0000001000
0100000000
,
0000010000
1000000000
0000001000
0100000000
0000000100
0010000000
0000000010
0001000000
0000000001
0000000000
0000200000
0000000000
0000000000
0000300000
0000000000
0000000000
,
0000000001
0000000100
0000000001
0000010000
0000000001
0000000100
0000000001
0000010000
0000000001
0000000100
0000000001
0000010000
0000000001
0000100000
0000000001
0000010000
,
0000000001
0000000100
0000010000
0000100000
0000010000
0010000000
1000010000
0000000000
,
1000000000
0000010000
0100000000
0000001000
0010000000
0000000100
0001000000
0000000010
0000100000
0000000001
0001000000
0000000010
0010000000
0000000100
0100000000
0000001000
,
1000000000
0000020000
0000000000
0000000000
0000000000
0000000000
0000000000
0000000000
0000000000
0000000000
0000000000
0000000000
0000000000
0000000000
0000030000
0000000000
,
1000000000
0000000000
0010000000
0000000000
0000000000
0000100000
0000000000
0000000000
0000000000
0000000000
0000000000
0000000000
0000000000
0000000000
0000000000
0000000000
0000000000
0000000000
0000000000
0000000000
0000000000
0000000000
0000000000
0000000000
0000000000
0000000000
0000000000
0000000000
0000000000
0000000000
0000000000
0000000000
0000000000
0000000000
0000000000
0000000000
0000000000
0000000000
0000010000
0000000000
0000000000
0000000100
0000000000
0000000000
0000000001
0000000000
0000000000
0000000000
0000000000
0000000000
0000000000
0000000000
0000000000
0000000000
0000000000
0000000000
0000000000
0000000000
0000000000
0000000000
0000000000
0000000000
0000000000
0000000000
0000000000
0000000000
0000000000
0000000000
0000000000
0000000000
0000000000
0000000000
0000000000
0000000000
0000000000
0000000000
0000000000
0000000000
0000000000
0000000000
0000000000
0000000000
0000000000
0000000000
0000000000
0000000000
0000000010
0000000000
0000000000
0000000000
0000000000
0000000100
0000000000
0000000000
0000000000
0000000000
0000001000
0000000000
0000000000
0000000000
0000000000
0000000000
0000000000
0000000000
0000000000
0000000000
0000000000
0000000000
0000000000
0000000000
0000000000
0000000000
0000000000
0000000000
0000000000
0000000000
0000000000
0000000000
0000000000
0000000000
0000000000
0000000000
0000000000
0000000000
0000000000
0000000000
0000000000
0000000000
0000000000
0000000000
0000000000
0000000000
0000000000
0000000000
0000000000
0000000000
0000000000
0000000000
0000000000
0000000000
0000000000
0000000000
0000000000
0000000000
0000000000
0000000000
0000000000
0000000000
0000000000
0000000000
0000000000
0000000000
0000000000
0000000000
0000000000
0000000000
0000000000
0000000000
0000000000
0000000000
0000000000
0000000000
0000000000
0000020000
0000000000
0000000000
0000000000
0000000000
0000000000
0000000000
0000000000
0000000000
0000000000
0000000000
0000000000
0000000000
0000000000
0000000000
0000000000
0000000000
0000000000
0000000000
0000000000
0000000000
0000000000
0000000000
0000000000
0000000000
0000000000
0000000000
0000000000
0000000000
,
0000000000
0000000000
0000000000
0000000000
0000000000
0000000000
0000000000
0000000000
0000000000
0000000000
0002000000
0000000000
0000000000
0000000000
0000000000
0000000000
0000000000
0000000000
0000000000
0000000000
0000000000
0000000000
0000000000
0000000000
0000000000
0000000000
0000000000
0000000000
0000000000
0000000000
0000000000
0000000000
0000000000
0000000000
0003030000
0000000000
0000000000
0000000000
0000000000
0000000000
0000000000
0000000000
0000000000
0000000000
0000000000
0000000000
0000000000
0000000000
0000202000
0000000000
0000000000
0000000000
0000000000
0000000000
0000000000
0000000000
0000000000
0000000000
0000000000
0000000000
0000000000
0000000000
0000000000
0000000000
0000000000
0000000000
0000000000
0000000000
0000000000
0000000000
0000000000
0000000000
0000000000
0000000000
0000000000
0000000000
0000000000
0000000000
0000000000
0000000000
0000000000
0000000000
0000000000
0000000000
0000000000
0000000000
0000000000
0000000000
0000000000
0000000000
0000000000
0000000000
0000000000
0000000000
0000000000
0000000000
0000000000
0000000000
0000000000
0000000000
0000000000
0000000000
0000000000
0000000000
0000000000
0000000000
0000000000
0000000000
0000000000
0000000000
0000000000
0000000000
0000000000
0000000000
0000000000
0000000000
0000000000
0000000000
0000000000
0000000000
0000303000
0000000000
0000000000
0000000000
0000000000
0000000000
0000000000
0000000000
0000000000
0000000000
0000000000
0000000000
0001010000
0000000000
0000000000
0000000000
0000000000
0000000000
0000000000
0000000000
0000000000
0000000000
0000000000
0000000000
0010000100
0000000000
0000000000
0000000000
0000000000
0000000000
0000000000
0000000000
0000000000
0000000000
0000000000
0000000000
0000000000
0000000000
0000000000
0000000000
0000000000
0000000000
0000000000
0000000000
0000000000
0000000000
0000000000
0000000000
0000000000
0000000000
0000000000
0000000000
0000000000
0000000000
0000000000
0000000000
0000000000
0000000000
0000000000
0000000000
0000000000
0000000000
0000000000
0000000000
0000000000
0000000000
0000000000
0000000000
0000000000
0000000000
0000000000
0000000000
,
0000000000
0000000000
0000000000
0000000000
0000000000
0000000000
0000000000
0000000000
0000000000
0000000000
0000000000
0000000000
0000000000
0000000000
0000000000
0000000000
0000000000
0000000000
0000000000
0000000000
0000000000
0000000000
0000000000
0000000000
0000000000
0000000000
0000000000
0000000000
0000000000
0000000000
0000000000
0000000000
0000000000
0020000200
0000000000
0000000000
0000000000
0000000000
0000000000
0000000000
0000000000
0000000000
0000000000
0000000000
0000000000
0000000000
0030110300
0000000000
0000000000
0000000000
0000000000
0000000000
0000000000
0000000000
0000000000
0000000000
0000000000
0000000000
0000000000
0000000000
0000000000
0000000000
0000000000
0000000000
,
0000000000
0000000000
0000000000
0000000000
0000000000
0000000000
0000000000
0000001000
0000000000
0001000000
0000000000
0000010000
0000000000
0000100000
0000000000
0001000000
,
0010000000
0001000000
0010000000
0001000000
0000000000
0000100000
0000000000
0000010000
0001000000
0000010000
0001000000
0000010000
0000000000
0000000000
0000000000
0001000000
,
0000010000
0001000000
0000010000
0001000000
0000000000
0000000000
0000000000
0000001000
0000100000
0000001000
0000100000
0000001000
0000000000
0000000000
0000000000
0000100000
,
0000001000
0000100000
0000001000
0000100000
0000000000
0000010000
0000000000
0010000000
0000010000
0010000000
0000010000
0010000000
0000000000
0000000000
0000000000
0000010000
,
0010000000
0000010000
0010000000
0000010000
0000000000
0000000000
0000000000
0000100000
0000000100
0000100000
0000000100
0000100000
0000000000
0000000000
0000000000
0000000100
,
0000100000
0000000100
0000100000
0000000100
0000000000
0000100000
0000000000
0000001000
0010000000
0000001000
0010000000
0000001000
0000000000
0000000000
0000000000
0010000000
,
0000001000
0010000000
0000001000
0010000000
0000000000
0000000000
0000000000
0000000100
0001000000
0000000100
0001000000
0000000100
0000000000
0000000000
0000000000
0001000000
,
0000000100
0001000000
0000000100
0001000000
0000000000
0000001000
0000000000
0010000000
0000010000
0000100000
0000010000
0010000000
0000000000
0000000000
0000000000
0000000100
,
0000100000
0000010000
0000100000
0000000100
0000000000
0000000000
0000000000
0000100000
0000000000
0000010000
0000000000
0000100000
0000010000
0000100000
0000010000
0000100000
,
0000000000
0000100000
0000000000
0000010000
0000100000
0000010000
0000100000
0000010000
0000000000
0000100000
0000000000
0000010000
0000000000
0010000000
0000000000
0000010000
,
0000000000
0000100000
0000000000
0000000100
0000000000
0000010000
0000000000
0000000001
0000000000
0000001000
0000000100
0000001000
0000000000
0000000010
0000000000
0001000000
,
0000000000
0000001000
0000000000
0100000000
0000000000
0001000000
0000000000
0010000000
0000000000
0000010000
0000000000
0000100000
0000000000
0000000100
0000000000
0000100000
,
0000000000
0000010000
0000000000
0010000000
0000000000
0000100000
0000000000
1000000000
0000000000
0001000000
0010000000
0001000000
0000000000
0100000000
0000000000
0000001000
,
0000000000
0001000000
0000000000
0000000010
0000000000
0000001000
0000000000
0000000100
0000000000
0001000000
0000000000
0000001000
0000000000
0010000000
0000000000
0000001000
,
0000000000
0001000000
0000000000
0000000100
0000000000
0000001000
0000000000
0000000010
0000000000
0000010000
0000000100
0000010000
0000000000
0000000001
0000000000
0000100000
,
0000000000
0000010000
0000000000
1000000000
0000000000
0000100000
0000000000
0010000000
0000000000
0000001000
0000000000
0001000000
0000000000
0000000100
0000000000
0001000000
,
0000000000
0000001000
0000000000
0010000000
0000000000
0001000000
0000000000
0100000000
0000000000
0000100000
0010000000
0000100000
0000000000
1000000000
0000000000
0000010000
,
0010000000
0000010000
0000100000
0000010000
0000000000
0000010000
0000100000
0000000100
0000000000
0000010000
0000000000
0001000000
0000000000
0010000000
0000100000
0010000000
,
0000000000
0000100000
0000000000
0000001000
0000000000
0000000100
0000000000
0000010000
0000000000
0001000000
0010000000
0001000000
0000000000
0010000000
0000000000
0000100000
,
0000000000
0000001000
0000000000
0000000100
0000000000
0000010000
0000000000
0001000000
0000000000
0010000000
0000000000
0000100000
0000000000
0000001000
0000000100
0000001000
,
0000000000
0000000100
0000000000
0000010000
0000000000
0001000000
0000000000
0010000000
0000000000
0000100000
0010000000
0000100000
0000000000
0000001000
0000000000
0000000100
,
0000000000
0000010000
0000000000
0001000000
0000000000
0010000000
0000000000
0000100000
0000000000
0000001000
0000000000
0000000100
0000000000
0000010000
0001000000
0000010000
,
0000000000
0001000000
0000000000
0010000000
0000000000
0000100000
0000000000
0000001000
0000000000
0000000100
0000010000
0000000100
0000000000
0000010000
0000000000
0001000000
,
0000000000
0010000000
0000000000
0000100000
0000000000
0000001000
0000000000
0000000100
0000000000
0000010000
0000000000
0001000000
0000000000
0010000000
0000100000
0010000000
,
0000000000
0000100000
0000000000
0000001000
0000000000
0000000100
0000000000
0000010000
0000000000
0001000000
0010000000
0001000000
0000000000
0010000000
0000000000
0000100000
,
0010000000
0000010000
0000100000
0000000100
0000000000
0000001000
0000000000
0000000010
0000000100
0000000010
0000010000
0000000010
0000000100
0000000010
0000010000
0000000010
,
0000000100
0000000010
0000010000
0000000010
0000100000
0000000010
0000010000
0000000010
0000000000
0000000100
0000000000
0000001000
0000000000
0001000000
0000000000
0000001000
,
0000000000
0010000000
0000000000
0100001000
0000000000
0000000000
0000000000
1000000000
0000000000
0000010000
0000000000
0100000000
0000000000
0000001000
0000000000
0010000000
,
0000000000
0000000100
0000000000
0001000000
0000000000
0000000010
0000000000
0000100000
0000000001
0001000000
0000000010
0010000000
0000000100
0100000000
0000001000
1000000000
,
0000000000
0000020000
0000000000
0000000000
0000030000
0000000000
0000000000
1000000000
0010000000
1000000000
0001000000
1000000000
0010000000
1000000000
0001000000
1000000000
,
0010000000
1000000000
0001000000
1000000000
0000001000
1000000000
0001000000
1000000000
0000000000
0010000000
0000000000
0000100000
0000000000
0000010000
0000000000
0000100000
,
0000000000
0000000100
0000000000
0000100001
0000000000
0000000000
0000000000
0000000001
0000100000
0000000010
0001000000
0000000100
0010000000
0000001000
0100000000
0000010000
,
1000000000
0000001000
0100000000
0000000100
0010000000
0000000010
0001000000
0000000001
0000200000
0000000000
0000000000
0000000000
0000000000
0000000000
0000000000
0000000000
,
0000000000
0000000000
0000000000
0000000000
,
0000000000
0000000000
0000000000
0000000000
0000000000
0000000000
0000300000
0000000000
0000000000
0000000000
2000002000
3000003000
0000000000
0000000000
0200020000
0000000000
0000000000
0000000000
0000000000
0000000000
0000000000
0000000000
0000000000
0000000000
0000000000
0000000000
0000000000
0000000000
0000000000
0000000000
0000000000
0000000000
,
0000000000
0000000000
0000000000
0000000000
0000000000
0000000000
0000000000
0000000000
0000000000
0000000000
0000000000
0000000000
0000000000
0000000000
0000000000
0300030000
0000000000
0000000000
0000000000
0000000000
0000000000
0000000000
0000000000
0000000000
0000000000
0000000000
0000000000
0000000000
0000000000
0000000000
0000000000
0000000000