// measure 0
0000000000
0000000000
0000000000
0000000000
0000000000
0000000000
0000000000
0000000000
F000FM000M
F000FM000M
FF00FM000M
FF00F00000
FF00F0M0M0
F000F0M0M0
F0F0F00000
F0F0F00M00
F0F0F00000
F000F0M0M0
F00FF0M0M0
F00FF00000
F00FFM000M
F000FM000M
F000FM000M
0000000000
0000000000
0000000000
0000000000
0000000000
0000000000
0000000000
0000000000
0000000000
,  // measure 1
0000000000
0000000000
0000000000
0000000000
,  // measure 2
0001111000
0000000000
0000000000
0000000000
0000000000
0000000000
0010000000
0000010000
0000000000
0000000000
0000000000
0000000000
0000000100
0000000000
0010000000
0000000000
,  // measure 3
0001111000
0000000000
0000000000
0000000000
0000000000
0000000000
0010000000
0000001000
0000000000
0000000000
0000000000
0000000000
0000000000
0000000000
0000000000
0000000000
,  // measure 4
1000000000
0000000000
0010000000
0100000000
0001000000
0000000000
0010000000
0000000000
0000100000
0001000000
0000010000
0000100000
0000001000
0000010000
0000000100
0000001000
,  // measure 5
0000000001
0000000000
0000000100
0000000010
0000001000
0000000000
0000000100
0000000000
0000010000
0000001000
0000100000
0000010000
0001000000
0000100000
0010000000
0001000000
,  // measure 6
0100000000
0000000000
0010000000
1000000000
0010000000
0100000000
0001000000
0010000000
0000100000
0001000000
0000001000
0000100000
0000010000
0000001000
0000000100
0000010000
,  // measure 7
0000000010
0000000000
0000000000
0000000000
0000010000
0000000000
0000000100
0000000000
0000001000
0000000000
0000000000
0000000000
0000000010
0000000000
0000000000
0000000000
0000001000
0000000000
0000000100
0000000000
0000010000
0000000000
0000001000
0000000000
0001000000
0000010000
0001000000
0000100000
0010000000
0000000000
0000100000
0000000000
,  // measure 8
0100000000
0000000000
0010000000
1000000000
0000100000
0000000000
0010000000
0000000000
0001000000
0000100000
0000001000
0001000000
0000010000
0000001000
0000000100
0000010000
,  // measure 9
0000000010
0000000000
0000000100
0000000001
0000010000
0000000000
0000000100
0000000000
0000001000
0000010000
0001000000
0000001000
0000100000
0001000000
0010000000
0000100000
,  // measure 10
1000000000
0000000000
0010000000
0100000000
0010000000
1000000000
0000100000
0010000000
0001000000
0000100000
0000010000
0001000000
0000001000
0000010000
0000000100
0000001000
,  // measure 11
0000000001
0000000000
0000000000
0000000000
0000001000
0000000000
0000000100
0000000000
0000010000
0000000000
0000000000
0000000000
0000000001
0000000000
0000000000
0000000000
0000010000
0000000000
0000000100
0000000000
0000001000
0000000000
0000010000
0000000000
0000100000
0000001000
0001000000
0000010000
0010000000
0000000000
0001000000
0000000000
,  // measure 12
0100000000
0010000000
0100000000
0001000000
0100000000
0000001000
0100000000
0000000000
0000000010
0000001000
0000000000
0000000000
0000000100
0000000100
0000000100
0000000000
,  // measure 13
0000001000
0000000000
0000010000
0000000000
0001000000
0000000000
0000010000
0000000000
0000100000
0000001000
0000100000
0000000000
0000010000
0000000000
0000001000
0000000000
0000100000
0000000000
0001000000
0000000000
0000001000
0000000000
0000100000
0000000000
0000001000
0000000000
0000010000
0000000000
0000000000
0000000000
0000000000
0000000000
,  // measure 14
0000000001
0000000100
0000000001
0000010000
0000000001
0000100000
0000000001
0000000000
1000000000
0000100000
0000000000
0000000000
0010000000
0010000000
0010000000
0000000000
,  // measure 15
0001000000
0000000000
0100000000
0010000000
0100000000
0000000000
0001000000
0000000000
0100000000
0010000000
0100000000
0000000000
0001000000
0000000000
0000000000
0000000000
0000000000
0000000000
0000000000
0000000000
0000000000
0000000000
0000000000
0000000000
0000000000
0000000000
0000000000
0000000000
0000000000
0000000000
0000000000
0000000000
,  // measure 16
0000000001
0000000010
0000000100
0000001000
0000000010
0000000100
0000001000
0000010000
,  // measure 17
0000000100
0000001000
0000010000
0000100000
0000001000
0000010000
0001000000
0000100000
,  // measure 18
0020000000
0000000000
0000000000
0000000000
0000000000
0000000000
0030000000
1000000000
0100000000
0000000000
0000000000
0000000000
0000000000
0000000000
0000000000
0000000000
,  // measure 19
1100000000
0001100000
0000000000
0000000000
0000000000
0000000000
0000000000
0000000000
,  // measure 20
0000100000
0000010000
0000100000
0000010000
0000100000
0000000000
0000000000
0000000000
0000001000
0001000000
0000001000
0001000000
0000001000
0000000000
0000000000
0000000000
0000100000
0000001000
0000100000
0000001000
0000100000
0000000000
0000000000
0000000000
0000010000
0001000000
0000010000
0001000000
0000010000
0000000000
0000100000
0000000000
,  // measure 21
0000001000
0000010000
0000001000
0000010000
0000001000
0000000000
0000000000
0000000000
0001000000
0000100000
0001000000
0000100000
0001000000
0000000000
0000000000
0000000000
0000001000
0000100000
0000001000
0000100000
0000001000
0000000000
0000000000
0000000000
0001000000
0000010000
0001000000
0000010000
0001000000
0000000000
0000010000
0000000000
,  // measure 22
0000100000
0000010000
0001000000
0000010000
0000100000
0000000000
0000000000
0000000000
0000001000
0001000000
0000010000
0001000000
0000001000
0000000000
0000000000
0000000000
0000100000
0000001000
0000010000
0000001000
0000100000
0000000000
0000000000
0000000000
0000010000
0001000000
0000100000
0001000000
0000010000
0000000000
0000100000
0000000000
,  // measure 23
0000001000
0000010000
0000001000
0000100000
0000001000
0000000000
0000000000
0000000000
0000100000
0001000000
0000100000
0000001000
0000100000
0000000000
0000000000
0000000000
0000000000
0000000000
0000000000
0000000000
0000000000
0000000000
0000000000
0000000000
0000000000
0000000000
0000000000
0000000000
0000000000
0000000000
0000000000
0000000000
,  // measure 24
0000000001
0000000000
0000000010
0000000100
0000001000
0000000000
0000000001
0000000000
0000001000
0000000100
0000100000
0000010000
0010000000
0001000000
0100000000
0010000000
,  // measure 25
1000000000
0000000000
0010000000
0100000000
0000100000
0000000000
0010000000
0000000000
0001000000
0000100000
0000010000
0000001000
0000100000
0000001000
0000010000
0001000000
,  // measure 26
0000000100
0000000000
0000001000
0000010000
0001000000
0000010000
0000001000
0000000100
0000010000
0000001000
0001000000
0000010000
0000100000
0001000000
0010000000
0000100000
,  // measure 27
0100000000
0000000000
0000000000
0000000000
0000100000
0000000000
0010000000
0000000000
0001000000
0000000000
0000000000
0000000000
0100000000
0000000000
0000000000
0000000000
0001000000
0000000000
0010000000
0000000000
0000100000
0000000000
0001000000
0000000000
0000001000
0000100000
0000000100
0000010000
0000000010
0000000000
0000000100
0000000000
,  // measure 28
0000000010
0000000000
0000000001
0000000100
0000010000
0000000000
0000000010
0000000000
0000010000
0000000100
0001000000
0000001000
0010000000
0000100000
1000000000
0010000000
,  // measure 29
0100000000
0000000000
0010000000
1000000000
0001000000
0000000000
0010000000
0000000000
0000100000
0001000000
0000001000
0000010000
0001000000
0000010000
0000001000
0000100000
,  // measure 30
0000000100
0000000000
0000010000
0000001000
0000100000
0000001000
0000010000
0000000100
0000001000
0000010000
0000100000
0000001000
0001000000
0000100000
0010000000
0001000000
,  // measure 31
1000000000
0000000000
0000000000
0000000000
0001000000
0000000000
0010000000
0000000000
0000100000
0000000000
0000000000
0000000000
1000000000
0000000000
0000000000
0000000000
0000100000
0000000000
0010000000
0000000000
0001000000
0000000000
0000100000
0000000000
0000010000
0000100000
0000000100
0000010000
0000000001
0000000000
0000000100
0000000000
,  // measure 32
0000000010
0000000100
0000000001
0000000100
0000010000
0000000100
0000001000
0000000000
0100000000
0001000000
0000000000
0000000000
0010000000
0010000000
0010000000
0000000000
,  // measure 33
0001000000
0000000000
0000100000
0000000000
0000001000
0000000000
0000100000
0000000000
0000010000
0001000000
0000010000
0000000000
0000100000
0000000000
0001000000
0000000000
0000010000
0000000000
0000001000
0000000000
0001000000
0000000000
0000010000
0000000000
0001000000
0000000000
0000100000
0000000000
0000000000
0000000000
0000000000
0000000000
,  // measure 34
1000000000
0010000000
0100000000
0010000000
0001000000
0010000000
0000100000
0000000000
0000000001
0000010000
0000000000
0000000000
0000000100
0000000100
0000000100
0000000000
,  // measure 35
0000001000
0000000000
0000000010
0000000100
0000000010
0000000000
0000001000
0000000000
0000000010
0000000100
0000000010
0000000000
0000001000
0000000000
0000000000
0000000000
0000010000
0000000000
0000100000
0000000000
0000001000
0001000000
0000000000
0000000000
0000010000
0000100000
0000001000
0000000000
0001000000
0000000000
0000010000
0000000000
,  // measure 36
0000100000
0000000000
0000001000
0000000000
0001000000
0000010000
0000000000
0000000000
0000000000
0000000000
0000000000
0000000000
0000000000
0000000000
0000100000
0000000000
0000002000
0000000000
0000000000
0000000000
0000000000
0000000000
0000000000
0000000000
0000000000
0000000000
0000000000
0000000000
0000000000
0000000000
0000003000
0000000000