00000
00000
00000
00000
,
00000
00000
00000
00000
,
00000
00000
00000
00000
,
00000
00000
00000
00000
,
00010
00000
01000
00000
,
00010
01000
00010
01000
,
00001
00000
10000
00000
,
00001
10000
10001
00000
,
10001
00000
10001
00000
,
10001
00000
10001
10001
,
00010
00000
01000
00000
,
00010
01000
01010
00000
,
01010
00000
01010
00000
,
01010
00100
10001
10001
,
00001
00001
10000
00000
,
10000
10000
00001
00000
,
00001
00001
10000
10000
,
00001
00001
10000
10000
,
00010
00010
01000
00000
,
01000
01000
00010
00000
,
00010
00010
01000
01000
,
00010
01000
00010
01010
,
00001
00000
10000
00000
,
00001
10000
00001
10000
,
00010
00000
01000
00000
,
00010
01000
01010
00000
,
01010
00000
01010
00000
,
01010
00000
01010
01010
,
00001
00000
10000
00000
,
00001
10000
10001
00000
,
10001
00000
10001
00000
,
10001
00100
01010
01010
,
00010
00010
01000
00000
,
01000
01000
00010
00000
,
00010
00010
01000
01000
,
00010
00010
01000
01000
,
00001
00001
10000
00000
,
10000
10000
00001
00000
,
00001
00001
10000
10000
,
00001
10000
00001
10001
,
00010
00000
00000
00000
,
01000
00000
00000
00000
,
00001
00000
00000
00000
,
10000
00000
00000
00000
,
00010
00000
00000
00000
,
01000
00000
00000
00000
,
00001
00000
10000
00000
,
00010
01000
00001
10000
,
00010
00010
01000
01000
,
00001
00000
00001
00000
20000
00000
00000
30000
,
00001
00001
10000
10000
,
00010
00000
00010
00000
02000
00000
00000
03000
,
00010
00010
01000
01000
,
00001
00000
00001
00000
20000
00000
00000
30000
,
00001
00000
00001
00000
02000
00000
00000
03000
,
00010
00000
00010
00000
20000
00000
00000
30000
,
00001
00001
00100
00100
,
00010
00000
00010
00000
02000
00000
00000
03000
,
00010
00010
00100
00100
,
00001
00000
00001
00000
20000
00000
00000
30000
,
00001
00001
00100
00100
,
00010
00000
00010
00000
02000
00000
00000
03000
,
00001
00000
00001
00000
20000
00000
00000
30000
,
00010
00000
00010
00000
02000
00000
00000
03000
,
00001
10000
10001
00000
,
10000
00001
10001
00000
,
00001
10000
00001
00001
,
10000
00001
10000
10000
,
00010
01000
01010
00000
,
01000
00010
01010
00000
,
00010
00010
01000
01000
,
00010
01000
00010
01010
,
00001
00000
10000
00000
,
00001
10000
00001
10001
,
00010
00000
01000
00000
,
00010
01000
00100
10001