00000
00000
00000
00000
,
00000
00000
00000
00000
,
00000
00000
00000
00000
,
00000
00000
00000
00000
,
01010
00000
01010
00000
,
01010
00000
00000
00000
,
00001
00000
00100
00000
,
00010
00000
01000
00000
,
00010
00000
01000
00000
,
00010
00000
01000
00000
,
00100
00000
00100
00000
,
10000
00000
00100
00000
,
01000
00000
00010
00000
,
01000
00000
00010
00000
,
01010
00000
01010
00000
,
00100
00000
00100
00000
,
00001
00000
00000
00000
,
10000
00000
00000
00000
,
00100
00000
00100
00000
,
01010
00000
01010
00000
,
01000
00000
00010
00000
,
01000
00000
00010
00000
,
01010
00000
01010
00000
,
01010
00000
00000
00000
,
10000
00000
00100
00000
,
01000
00000
00010
00000
,
01000
00000
00010
00000
,
01000
00000
00010
00000
,
00100
00000
00100
00000
,
00001
00000
00100
00000
,
00010
00000
01000
00000
,
00010
00000
01000
00000
,
01010
00000
01010
00000
,
00100
00000
00100
00000
,
00001
00000
00000
00000
,
10000
00000
00000
00000
,
00100
00000
00100
00000
,
01010
00000
01010
00000
,
01000
00000
00010
00000
,
01000
00000
00010
00000
,
00000
00000
00000
00000
,
00000
00000
00000
00000
,
00200
00000
00000
00000
,
00300
00000
00000
00000
,
00100
00000
00000
00000
,
00000
00000
00000
00000
,
00200
00000
00000
00000
,
00300
00000
00000
00000
,
00001
00000
00100
00000
,
00001
00000
00000
00000
,
10000
00000
00100
00000
,
10000
00000
00000
00000
,
00001
00000
10000
00000
,
00001
00000
00000
00000
,
20000
00000
30000
00000
,
00002
00000
00003
00000
,
00100
00000
00100
00000
,
00100
00000
00000
00000
,
00010
00000
01000
00000
,
00010
00000
00000
00000
,
01000
00000
01000
00000
,
00010
00000
00000
00000
,
00020
00000
00030
00000
,
02000
00000
03000
00000
,
01010
00000
01010
00000
,
00100
00000
00100
00000
,
00010
00000
00010
00000
,
01000
00000
01000
00000
,
00100
00000
00100
00000
,
01010
00000
01010
00000
,
01000
00000
00010
00000
,
01000
00000
00010
00000
,
00010
00000
01000
00000
,
00010
00000
01000
00000
,
01010
00000
01010
00000
,
00200
00000
00000
00300