00000
00000
00000
00000
,
00000
00000
00000
00000
,
00000
00000
00000
00000
,
00000
00000
00000
00000
,
20100
00000
30000
00010
00200
00000
00300
00001
,
02000
00000
00000
00000
00000
00000
03000
00000
00010
00000
00100
00000
00001
10000
00100
01000
,
00010
00110
01000
01100
,
10001
00000
00000
00000
00000
00000
10000
00100
,
02000
00000
00000
00000
03001
00000
00001
00100
,
00020
00000
00000
00000
10030
00000
10000
00001
,
00100
00010
00100
01000
00100
10000
00100
00001
,
20000
00000
00000
30000
00000
00000
00000
00000
,
00102
00000
00003
01000
00200
00000
00300
10000
,
00020
00000
00000
00000
00000
00000
00030
00000
01000
00000
00100
00000
10000
00001
00100
00010
,
01000
01100
00010
00110
,
10001
00000
00000
00000
00000
00000
00001
00100
,
00010
01000
00100
00000
10001
00000
10000
00100
,
01000
00010
00100
00000
10001
00000
00001
10000
,
00100
01000
00100
00010
00100
00001
00100
10000
,
00002
00000
00000
00003
00000
10000
00001
10000
,
00010
01000
00100
01000
00010
00100
00001
10000
,
01000
00100
00010
00100
00001
01000
00100
10000
,
01000
00100
00010
01000
00001
00100
00010
10000
,
00100
10000
01000
10000
00100
01000
10000
00100
,
00001
00101
10000
10100
,
00001
00100
00010
01000
00100
10000
00100
01000
,
00010
00000
00110
00000
01000
00000
01100
00100
,
10000
00010
01000
00001
00100
00010
01000
00100
,
20000
00000
00000
30000
01000
00100
00010
00000
,
01000
00100
00010
00001
00100
00010
00001
00100
,
20000
00000
00000
30000
00001
00100
10000
01000
,
00010
00001
00010
01000
00001
00010
00100
01000
,
00020
00000
00000
00030
00001
00100
10000
00001
,
00010
00100
01000
00010
00100
00001
10000
00100
,
01000
00000
00000
00000
00001
10000
00010
01000
,
00100
10000
00001
00100
00010
01000
00100
10000
,
10001
10000
01000
00100
00010
00100
00001
10000
,
10001
00001
00010
00100
01000
00100
10000
00001
,
10001
10000
01000
00100
00010
01000
00100
00010
,
00011
00000
00010
00000
00100
00000
01000
00000
00010
00100
00001
10000
00100
01000
00010
00000
,
01010
00010
00001
00100
10000
00001
00010
00100
,
01100
00100
10000
01000
00100
00010
01000
00100
,
01010
00000
00010
00000
00100
00000
00001
00000
10000
00100
01000
00010
00100
00001
10000
00000
,
00010
01000
00010
01000
00001
10000
00001
10000
00100
00000
00000
00000
00000
00000
00000
00000
,
10001
00100
01010
00100
,
00000
10001
00000
01010
,
00000
10001
10001
00000
,
00001
00100
10000
00100
00001
00100
10000
00100
,
00002
00000
00000
00000
00000
00000
00000
00003
00000
00000
00000
00000
10000
00000
00100
00000
,
02000
00000
00000
00000
03001
00000
00001
00100
,
00020
00000
00000
00000
10030
00000
10000
00001
,
00100
00010
00100
01000
00100
10000
00100
00001
,
20000
00000
00000
30000
00000
00000
00000
00000
,
00100
01010
00100
10001
,
00000
10001
10001
00000
,
10000
00100
00001
00100
10000
00100
00001
00100
,
20000
00000
00000
00000
00000
00000
00000
30000
00000
00000
00000
00000
00001
00000
00100
00000
,
00020
00000
00000
00000
10030
00000
10000
00100
,
02000
00000
00000
00000
03001
00000
00001
10000
,
00100
01000
00100
00010
00100
00001
00100
10000
,
00002
00000
00000
00003
00000
00000
00001
00100
,
00010
01000
00100
10000
00001
00000
10000
00100
,
01000
00010
00100
00001
10000
00000
10000
00001
,
00100
00010
00100
01000
00100
10000
00100
00001
,
20000
00000
00000
00000
00000
00000
30000
00000
00001
10000
00001
10000
00100
01000
00010
00100
,
00002
00000
00000
00003
00000
00000
00000
00000