00000
00000
00000
00000
,
00000
00000
00000
00000
,
00000
00000
00000
00000
,
10001
00000
00000
00000
,
01000
01000
00010
00010
,
01000
00001
00100
10001
,
00010
10000
00100
01000
,
00010
01000
00100
00000
,
10000
00110
10000
00110
,
10000
00000
00110
00000
00010
00100
00001
00000
,
10000
10000
00100
01000
,
00010
01000
00100
00000
,
01000
01000
00010
00010
,
01000
00010
00100
01010
,
00001
00100
00010
00000
,
10000
00100
01000
00000
,
10000
10000
00010
01000
,
00001
00001
01000
00010
,
01000
00100
01000
00000
,
00010
00100
01010
00000
,
10000
10000
00010
01000
,
00010
00100
00001
01100
,
00010
10000
00010
00000
01000
00100
01000
00000
,
00010
10000
00001
00100
00010
00000
10100
00000
,
00010
00000
10000
00100
01000
00000
00010
00000
,
01000
00010
00100
00000
,
00001
00000
01100
00000
00010
00100
00010
00000
,
10000
00000
00110
00000
01000
00100
10000
00000
,
10000
00000
00001
00100
00001
00100
00010
00000
,
01000
00100
01000
00010
00100
00000
00000
00000
,
00010
00100
00010
00100
01000
00100
01000
00100
,
00010
00000
01000
00100
01100
00000
00110
00000
,
10100
01001
00110
00000
,
00101
10010
01100
00000
,
00001
00000
00001
00100
00010
00100
01000
00000
,
10000
00000
10000
00100
01000
00100
00010
00000
,
00011
00100
11000
00000
,
11000
00100
00011
00000
,
00001
00100
00001
00000
01000
00010
00100
00010
,
01000
00100
10000
00100
00001
00000
01001
00000
,
00100
00000
00000
00000
,
10001
00000
00000
00000
,
10100
00000
00000
00000
,
00101
00000
00000
00000
,
10001
00000
00000
00000
,
10001
00000
00000
00000
,
10000
00000
00001
00000
,
10000
00001
10000
00001
,
01000
00001
00100
00001
01000
00001
00100
00001
,
01000
00000
00100
00000
01000
00000
00010
00000
01000
00000
00010
00100
00010
00100
00010
00100
,
00010
10000
00100
10000
00010
10000
00100
10000
,
00010
00000
00100
00000
00010
00000
01000
00000
00010
00000
01000
00100
01000
00100
01000
00100
,
01000
00001
00100
00001
01000
00001
00100
00001
,
01000
00000
00100
00000
01000
00000
00010
00000
01000
00000
00010
00100
00010
00100
00010
00100
,
00010
00000
00100
00000
00010
00000
01000
00000
00010
00000
01000
00100
01000
00100
01000
00100
,
01000
00000
00100
00000
01000
00000
00010
00000
01000
00000
00010
00100
00010
00100
00010
00100
,
00001
01000
00100
01000
00001
01000
00100
01000
,
00001
00000
00100
00000
00001
00000
10000
00000
00001
00000
10000
00100
10000
00100
10000
00100
,
10000
00010
00100
00010
10000
00010
00100
00010
,
10000
00000
00100
00000
10000
00000
00001
00000
10000
00000
00001
00100
00001
00100
00001
00100
,
00001
01000
00100
01000
00001
01000
00100
01000
,
00001
00000
00100
00000
00001
00000
10000
00000
00001
00000
10000
00100
10000
00100
10000
00100
,
10000
00000
00100
00000
10000
00000
00001
00000
10000
00000
00001
00100
00001
00100
00001
00100
,
00001
00000
00100
00000
00001
00000
10000
00000
00001
00000
10000
00100
10000
00100
10000
00100
,
10100
00101
01110
00000
,
00101
00100
10100
00100
01110
00000
00000
00000
,
01000
00000
00100
00000
01000
00000
00100
00000
00011
00000
00100
01000
00010
00000
00000
00000
,
00010
00000
00100
00000
00010
00000
00100
00000
11000
00000
00100
00010
01000
00000
00000
00000
,
00101
10100
01110
00000
,
01010
00100
01001
00100
10010
00000
00000
00000
,
10100
00110
10100
00000
00010
01000
00100
01000
,
00010
00100
00010
01000
00001
00100
00001
00100
10000
00000
00000
00000
01100
00000
00000
00000
,
00101
01100
00101
00000
01000
00010
00100
00010
,
01000
00100
01000
00010
10000
00100
10000
00100
00001
00000
00000
00000
00110
00000
00000
00000
,
10100
00110
10100
00000
00001
01100
10000
00110
,
00010
01000
00100
10000
01000
00100
00001
00010
00100
00000
00000
01000
10000
00000
00000
00000