00000
00000
00000
00000
,
00000
00000
00000
00000
,
00000
00000
00000
00000
,
10000
00001
10000
00001
10000
00001
10000
00001
10000
00001
10000
00001
10000
00001
10000
00001
,
01000
00100
20000
30000
00010
00100
00002
00003
,
00010
00100
01000
00010
10000
00000
01101
00000
,
10010
00000
00001
00100
00010
00000
10010
00000
,
02000
03000
00002
00003
00020
00030
00200
00300
02000
00000
00000
00000
03100
00000
00000
00000
,
00100
10000
00100
01000
00001
00000
00000
00000
01000
00100
01000
00010
10000
00000
00000
00000
,
00100
01000
00010
00000
10010
01001
10010
00000
,
01001
00000
00010
00100
00002
00003
02000
03000
,
00100
10000
00100
00000
01000
00001
01000
00000
00020
00000
00000
00000
00130
00000
00000
00000
,
10000
00100
10000
00010
10000
00100
10000
00010
01000
00100
01000
00001
01000
00100
01000
00001
,
10000
00000
01000
00100
00010
00000
01010
00000
,
10010
01001
01020
10030
,
01001
10010
20001
30010
,
00002
00003
00020
00030
00200
00300
02000
03000
00020
00030
20000
00000
30001
00000
00000
00000
,
00002
00003
20000
30000
02000
03000
00200
00300
00020
00030
02000
00000
03010
00000
00000
00000
,
10000
00100
10000
00010
01000
00100
01000
00001
00200
00000
00000
00000
00310
00000
00000
00000
,
00001
00100
00001
01000
00010
00100
00010
10000
00200
00000
00000
00000
01300
00000
00000
00000
,
02000
03000
00200
00300
20000
30000
00000
00000
02000
03000
00200
00300
00020
00030
02000
03000
,
00002
00003
20000
30000
00200
00300
02000
00000
03010
00000
00000
00000
01010
00000
00000
00000
,
00010
00100
00002
00003
01000
00100
20000
30000
,
01000
00100
00010
01000
00001
00000
10110
00000
,
01001
00000
10000
00100
01000
00000
01001
00000
,
00020
00030
20000
30000
02000
03000
00200
00300
00020
00000
00000
00000
00130
00000
00000
00000
,
01000
00100
01000
00010
10000
00000
00000
00000
00010
00100
00010
01000
00001
00000
00000
00000
,
00100
00010
01000
00000
01001
10010
01001
00000
,
10010
00000
01000
00100
20000
30000
00020
00030
,
00100
00001
00100
00000
00010
10000
00010
00000
02000
00000
00000
00000
03100
00000
00000
00000
,
00001
00100
00001
01000
00001
00100
00001
01000
00010
00100
00010
10000
00010
00100
00010
10000
,
00001
00000
00010
00100
01000
00000
01010
00000
,
10010
01001
20001
30010
,
01001
10010
01020
10030
,
02000
03000
20000
30000
00200
00300
00002
00003
20000
30000
00020
00000
01030
00000
00000
00000
,
02000
03000
00020
00030
00002
00003
00200
00300
20000
30000
00002
00000
10003
00000
00000
00000
,
00010
00100
00010
10000
00001
00100
00001
01000
00200
00000
00000
00000
10300
00000
00000
00000
,
01000
00100
01000
00001
10000
00100
10000
00010
00200
00000
00000
00000
00301
00000
00000
00000
,
00002
00003
00200
00300
00020
00030
00000
00000
00002
00003
00200
00300
20000
30000
00002
00003
,
02000
03000
00020
00030
00200
00300
00002
00000
10003
00000
00000
00000
10001
00000
00000
00000
,
20000
00100
00000
00100
00000
00100
00000
30100
,
00002
00100
00000
00100
00000
00100
00000
00103
,
02000
00100
00000
00100
00000
00100
00000
03100
,
00020
00100
00000
00100
00000
00100
00000
00130
,
20000
30000
00200
00300
02000
03000
00002
00003
00020
00030
00200
00300
02000
03000
00020
00030
,
20000
30000
02000
03000
00200
00300
00020
00030
02000
03000
00002
00003
00200
00300
00020
00030
,
20000
30000
00200
00300
02000
03000
00020
00030
00200
00300
00002
00003
00020
00030
00200
00300
,
01000
00000
00000
00000
01001
00000
00000
00000
00010
10000
00010
00000
02000
03000
00002
00003
,
20000
30000
00200
00300
00002
00003
00020
00030
00002
00003
00200
00300
20000
30000
00002
00003
,
00020
00030
00200
00300
02000
03000
00020
00030
20000
30000
00001
01000
00100
01000
00001
01000
,
00002
00003
00200
00300
20000
30000
02000
03000
20000
30000
00200
00300
00002
00003
20000
30000
,
02000
03000
00200
00300
00020
00030
02000
03000
00002
00003
10000
00010
00100
00010
10000
00010
,
02000
03000
00002
00003
00020
00030
00200
00300
02000
03000
00020
00030
20000
30000
02000
03000
,
00200
00300
00020
00030
02000
03000
00002
00003
20000
30000
00010
00100
00010
10000
00010
00100
,
00002
00003
00020
00030
00200
00300
02000
03000
00020
00030
01000
00100
01000
00001
01000
00100
,
20000
30000
00020
00030
00200
00300
00002
00003
02000
03000
00001
00100
00001
01000
00001
00100
,
00020
00030
20000
30000
00200
00000
01300
00000
00002
00003
20000
30000
02000
00000
03100
00000
,
00020
00030
20000
30000
00200
00300
02000
03000
00002
00003
10000
00100
10000
00100
10000
00100
,
02000
03000
00002
00003
00200
00000
00310
00000
20000
30000
00002
00003
00020
00000
00130
00000
,
02000
03000
00002
00003
00200
00300
00020
00030
20000
30000
00001
00100
00001
00100
00001
00100
,
00002
01003
00020
10030
00200
01300
00002
10003
,
00200
00000
01300
00000
00020
00000
00130
00000
00002
00003
01000
00100
10000
01000
00100
00010
,
02000
03000
00200
00300
20000
30000
00020
00030
02000
03000
00001
00010
00100
01000
00010
10000
,
00002
00003
00200
00300
20000
30000
02000
03000
00002
00003
00010
00100
00010
00100
00010
00100
,
01000
01001
01020
10030
,
01001
10010
20001
30010
,
00002
00003
00020
00030
00200
00300
02000
03000
00020
00030
20000
00000
30001
00000
00000
00000
,
00002
00003
20000
30000
02000
03000
00200
00300
00020
00030
02000
00000
03010
00000
00000
00000
,
10000
00100
10000
00010
01000
00100
01000
00001
00200
00000
00000
00000
00310
00000
00000
00000
,
00001
00100
00001
01000
00010
00100
00010
10000
00200
00000
00000
00000
01300
00000
00000
00000
,
02000
03000
00200
00300
20000
30000
00000
00000
02000
03000
00200
00300
00020
00030
02000
03000
,
00002
00003
20000
30000
00200
00300
02000
00000
03010
00000
00000
00000
01110
00000
00000
00000
,
00020
00030
00200
00300
00002
00003
00000
00000
00020
00030
00200
00300
02000
03000
00020
00030
,
20000
30000
00002
00003
00200
00300
00020
00000
01030
00000
00000
00000
01110
00000
00000
00000
,
20000
30000
00200
00300
02000
03000
00000
00000
00002
00003
00200
00300
00020
00030
20000
30000
,
00100
01000
00001
00100
10000
01000
00100
00010
00001
00000
00000
00000
00111
00000
00000
00000