00000
00000
00000
00000
,
00020
00000
00000
00000
,
20000
00000
00000
00030
00000
00000
00000
00000
00000
00000
00000
00000
00000
00000
00000
00000
,
30010
00000
00100
00000
00010
00000
00100
00000
00010
00100
00010
00100
00010
00100
00010
00000
,
01000
00100
10000
00000
00010
00100
00001
00000
,
10000
00100
01000
00010
01000
00000
10100
00000
,
00010
00100
00010
10000
00100
01000
00100
01000
,
00010
00110
01110
00000
,
00001
00100
00001
00010
00100
00000
00000
00000
10000
00100
10000
01000
00100
00000
00000
00000
,
00010
01000
00100
10000
00001
00000
00000
00000
10000
00000
00110
00000
10110
00000
00000
00000
,
01000
00100
01000
00001
00100
00010
00100
00010
,
01000
01100
01110
00000
,
00001
00010
00100
01000
00100
10000
01000
00100
00010
00100
00001
00010
00100
01000
00100
10000
,
01000
00000
00100
00010
00100
00000
01101
00000
,
10000
00000
00110
00000
01000
00000
00110
00000
10000
00000
10000
00100
10000
00000
00001
00000
,
00001
00000
01100
00000
00010
00000
01100
00000
00001
00000
00001
00100
00001
00000
00100
00000
,
01010
00000
01000
01100
00010
00110
10010
00000
,
00100
00000
00010
00110
01000
01100
01001
00000
,
10010
01001
10110
00000
,
01001
10010
01101
00000
,
10000
00100
10000
00000
00010
00000
00000
00000
00100
00000
00001
00000
10000
00000
01000
00000
,
00100
00010
00100
00001
01000
00000
10100
00000
,
00001
00100
00001
00000
10000
00100
10000
00000
,
00010
00100
00001
00010
00100
00000
00000
00000
,
02000
03200
20300
32000
03200
02300
23000
30002
,
00023
00230
00320
00032
20003
00110
00110
30110
,
00010
00100
00002
00000
01103
00000
00000
00000
01000
00100
20000
00000
30110
00000
00000
00000
,
01000
00020
02000
00000
03130
00000
00000
00000
10010
00000
00100
00000
01000
00000
00000
00000
,
00020
00230
00302
00023
00230
00320
00032
20003
,
32000
03200
02300
23000
30002
01100
01100
01103
,
01000
00100
20000
30000
00100
10000
00002
00003
00100
00010
02000
03000
00100
01000
00020
00030
,
00100
00000
00001
10000
00100
00000
01110
00000
,
10200
01300
01200
00310
00022
00000
00033
00000
,
00201
00310
00210
01300
22000
00000
33000
00000
,
01000
00100
00010
00100
00001
10000
00200
00300
,
00010
00100
01000
00100
10000
00001
00200
00300
,
00001
10000
10101
00000
,
10000
00001
10101
00000
,
01000
00000
00100
00000
01000
00000
00000
00000
00010
00100
00001
00000
00001
10000
00100
00000
,
00100
01000
00010
00000
00010
00100
00001
00000
01001
00000
00000
00000
10110
00000
00000
00000
,
02020
00000
00000
00000
00000
00000
00000
03030
,
20020
00000
00000
00000
00000
00000
00000
30030
,
02002
00000
00000
00000
00000
00000
00000
03003
,
20002
00000
00000
00000
00000
00000
00000
30003
,
02020
00000
00000
00000
00000
00000
00000
03030
,
20020
00000
00000
00000
00000
00000
00000
30030
,
02102
00000
00100
00000
,
03103
00000
00000
00000
01000
00000
00000
00000
00010
01000
00010
00000
01000
00000
00010
01000
,
00001
00100
00010
00100
00001
00000
00100
00000
00010
00100
00001
00100
00010
00000
00100
00000
,
00001
00100
00010
00100
00001
00000
00100
00000
10000
01000
00100
00010
00001
00000
00000
00000
,
10000
00100
01000
00100
10000
00000
00100
00000
01000
00100
10000
00100
01000
00000
00100
00000
,
10000
00100
01000
00100
10000
00000
00100
00000
00001
00010
00100
01000
10000
00000
00000
00000
,
00001
00100
00010
00100
00001
00000
00100
00000
00010
00100
00001
00100
00010
00000
00100
00000
,
00001
00100
00010
00100
00001
00000
00100
00000
10000
01000
00100
00010
00001
00000
00010
00000
,
00100
00000
01000
00000
10000
00000
01000
00000
00100
00010
00001
00010
00100
00000
01000
00000
,
10000
00000
01000
00000
00100
00000
00010
00000
00001
00010
00100
01000
10000
00000
01000
00000
,
00100
10000
00100
01000
00010
00100
00010
00100
00001
01000
00100
10000
00001
00100
00010
00100
,
00010
01000
00100
10000
01000
00100
00010
01000
00100
01000
00010
00100
00001
10000
00100
01000
,
00010
00100
00010
00100
00001
00100
00010
01000
00100
10000
00100
01000
00010
00100
00010
00100
,
00001
10000
00100
01000
00100
10000
00001
00100
00001
00100
00010
01000
00100
01000
00001
10000
,
00010
00100
00010
00000
10000
00000
00001
00000
01000
00100
01000
00000
00010
00000
01000
00000
,
00001
00100
00001
00000
01000
00000
00010
00000
10000
00100
10000
00000
00010
00000
01000
00000
,
00001
00100
00001
00100
00001
00100
00001
00100
00010
01000
00100
10000
00100
10000
00100
10000
,
00100
10000
00100
10000
00100
10000
00100
01000
00010
00100
00001
10000
00001
10000
00001
10000
,
00001
01000
00001
00100
00001
00000
01100
00000
,
10000
00010
10000
00100
10000
00000
00110
00000
,
01000
00100
01000
00000
00010
00000
00100
00000
00001
00000
01000
00000
00010
00000
00000
00000
,
00010
00100
00010
00000
01000
00000
00100
00000
10000
00000
00010
00000
01000
00000
00000
00000
,
00001
00101
01101
00000
,
10000
10100
10110
00000
,
00001
00100
00010
00000
00110
00000
00000
00000
01000
00100
10000
00000
10000
00100
00010
00000
,
00010
00100
01000
00000
01000
00100
10000
00000
00001
00000
00000
00000
01101
00000
00000
00000
,
10000
00100
01000
00000
01100
00000
00000
00000
00010
00100
00001
00000
00001
00100
01000
00000
,
01000
00100
00010
00000
00010
00100
00001
00000
10000
00000
00000
00000
10110
00000
00000
00000
,
00010
00100
00001
00000
00101
00000
00000
00000
00001
00010
00100
01000
10000
01000
00100
00010
,
00001
00010
00100
01000
10000
01000
00100
00010
00002
00000
00000
00000
00113
00000
00000
00000