000000
000000
000000
000000
,
000000
000000
000000
000000
,
000000
000000
000000
000000
,
000000
000000
000000
000000
,
000100
001000
000001
000000
001000
000100
000010
000000
,
000100
001000
000010
001000
000100
000000
010100
000000
,
001000
000100
001000
000010
001000
000001
001000
000010
,
001000
010000
100000
000100
002000
000000
000000
003000
,
000100
101000
000100
001100
,
000100
000000
000101
000000
001010
010100
001010
000000
,
010000
001000
010000
000100
010000
000010
010000
000100
,
000010
000001
001000
000100
020000
000000
000000
030000
,
000100
000010
001000
010000
000100
000010
001000
010000
,
000020
000000
010000
100000
020030
000000
000100
030000
,
001100
000101
101100
000000
,
001100
000000
000000
000000
001001
000000
000000
000000
101100
000000
000000
000000
000000
000000
000000
001000
,
000100
000000
010000
000000
000100
000000
000010
000000
000100
000000
010000
000000
001000
000000
000000
010000
,
000010
001000
000100
000010
000100
001000
000010
000000
,
001100
010100
001110
000000
,
001100
001010
011100
000000
,
100000
010000
001000
000100
010000
001000
010000
100000
,
010000
000100
100000
000100
010000
000000
001101
000000
,
001000
000100
100000
000000
000100
001000
010000
000000
,
001000
000100
010000
000100
001000
000000
001010
000000
,
000100
001000
000100
010000
000100
100000
000100
010000
,
000100
000010
000001
001000
000200
000000
000000
000300
,
001000
000101
001000
001100
,
001000
000000
101000
000000
010100
001010
010100
000000
,
000010
000100
000010
001000
000010
010000
000010
001000
,
010000
100000
000100
001000
000020
000000
000000
000030
,
001000
010000
000100
000010
001000
010000
000100
000010
,
020000
000000
000010
000001
030020
000000
001000
000030
,
001100
101000
001101
000000
,
001100
000000
000000
000000
100100
000000
000000
000000
001101
000000
000000
000000
000000
000000
000000
000100
,
001000
000000
000010
000000
001000
000000
010000
000000
001000
000000
000010
000000
000100
000000
000000
000010
,
010000
000100
001000
010000
001000
000100
010000
000000
,
001100
001010
011100
000000
,
001100
010100
001110
000000
,
000001
000010
000100
001000
000010
000100
000010
000001
,
000010
001000
000001
001000
000010
000000
001101
000000
,
010000
000100
010000
000100
010000
000100
010000
000100
,
001000
000010
001000
000010
001000
000010
001000
000010
,
000100
000001
000100
000001
000100
000001
000100
000001
,
000010
000100
001000
010000
100000
010000
001000
000100
,
001000
000010
001000
000010
001000
000010
001000
000010
,
010000
000100
010000
000100
010000
000100
010000
000100
,
100000
001000
100000
001000
100000
001000
100000
001000
,
100000
010000
001000
000100
000010
000001
000010
000100
,
001000
000010
001000
000001
001000
000010
001000
000001
,
000100
000010
001000
010000
100000
000100
000010
000001
,
010000
001000
010000
000100
010000
001000
010000
000100
,
100000
010000
001000
000010
000100
000001
010000
001000
,
100000
000100
100000
001000
010000
000100
010000
001000
,
100000
001000
000010
000001
000100
010000
100000
001000
,
010000
000100
000010
000001
010000
001000
100000
000100
,
001000
000010
000100
000001
001000
010000
100000
000010
,
010000
000100
010000
000001
010000
000100
010000
000001
,
000010
000100
010000
001000
100000
000010
000100
000001
,
001000
010000
001000
000010
001000
010000
001000
000010
,
100000
001000
010000
000100
000010
000001
001000
010000
,
100000
000010
100000
010000
001000
000010
001000
010000
,
100000
010000
000100
000001
000010
001000
100000
010000
,
001000
000010
000100
000001
001000
010000
100000
000010
,
010000
000100
000010
000001
010000
001000
100000
000100
,
001100
000101
101100
000000
,
001100
000000
000000
000000
001001
000000
000000
000000
101100
000000
000000
000000
000000
000000
000000
001000
,
000100
000000
010000
000000
000100
000000
000010
000000
000100
000000
010000
000000
001000
000000
000000
010000
,
000010
001000
000100
000010
000100
001000
000010
000000
,
001100
010100
001110
000000
,
001100
001010
011100
000000
,
100000
010000
001000
000100
010000
001000
010000
100000
,
010000
000100
100000
000100
001000
000000
001011
000000
,
000001
000010
000100
001000
000010
000100
000010
000001
,
000010
001000
000001
001000
000100
000000
011100
000000
,
100000
001000
010000
000010
001000
000100
001000
000001
,
000010
000100
001000
010000
100000
000000
111100
000000