0000000000
0000000000
0000000000
0000000000
,
0000000000
0000000000
0000000000
0000000000
,
0000000000
0000000000
0000000000
0000000000
,
0000000000
0000000000
0000000000
0000000000
,
0100000000
0000100000
0100000000
0000000000
0001000000
1000000000
0001000000
0000000000
,
0100000000
0000000000
0000100000
0000000000
0001000000
0000000000
0000001000
0000000000
0000000100
0000000000
0000000000
0000000000
0000000101
0000000000
0000000000
0000001000
,
0000000010
0000000000
0000010000
0000000100
0000001000
0000000000
0000110000
0000000000
,
0001100000
0011000000
0100100000
0000000000
,
1000000000
0010000000
1000000000
0010000000
1000000000
0000000000
0000000000
0000000000
0001000000
0010000000
0001000000
0010000000
0001000000
0000000000
0000000000
0000000000
,
0100000000
0010000000
0100000000
0010000000
0100000000
0000000000
0000000000
0000000000
0000100000
0000000000
1000000000
0000000000
1000100000
0000000000
0000000000
0001000000
,
0100000000
0000000000
0000100000
0010000000
0001000000
0000000000
0000110000
0000000000
,
0000011000
0000001100
0000010010
0000000000
,
0000001000
0000000100
0000001000
0000010000
0000001000
0000000100
0000001000
0000010000
,
0000001000
0000000100
0000001000
0000000100
0000001000
0000000000
0000000010
0000000000
0000010000
0000000000
0000000000
0000000000
0000001000
0001000000
0000000000
0000000000
,
0010010000
0001010000
0010010000
0000000000
,
0000100100
0000000000
0000000000
0000000000
0000101000
0000000000
0000000000
0000000000
0000100100
0000000000
0000000000
0000000000
0000000000
0000000000
0000000000
0000000001
,
0000010000
0000000000
0000000100
0000001000
0000010000
0000100000
0001000000
0000000000
,
1000000000
0000100000
0000000000
0000000000
0010000000
0000000000
0001000000
0000000000
0000100000
0000000000
0000010000
0000000000
0000001000
0000000000
0000000000
0000000000
,
0000001100
0001000100
0010000100
0000000000
,
0011000000
0010001000
0010000100
0000000000
,
0000100000
0000010000
0000001000
0000000000
0000000100
0000010000
0000001000
0001000000
,
0000100000
0000000000
0010000000
0000000000
0001000000
0000100000
0000010000
0000001000
0000000100
0000000000
0000000000
0000000000
0000100100
0000000000
0000000000
0000000000
,
0000000010
0000010000
0000000010
0000000000
0000001000
0000000001
0000001000
0000000000
,
0000000010
0000000000
0000010000
0000000000
0000001000
0000000000
0001000000
0000000000
0010000000
0000000000
0000000000
0000000000
1010000000
0000000000
0000000000
0001000000
,
0100000000
0000000000
0000100000
0010000000
0001000000
0000000000
0000101000
0000000000
,
0001010000
0000010100
0000001001
0000000000
,
0000000010
0000000100
0000000010
0000000100
0000000010
0000000000
0000000000
0000000000
0000010000
0000000100
0000010000
0000000100
0000010000
0000000000
0000000000
0000000000
,
0000000001
0000000100
0000000001
0000000100
0000000001
0000000000
0000000000
0000000000
0000010000
0000000000
0000000001
0000000000
0000010001
0000000000
0000000000
0000001000
,
0000000010
0000000000
0000010000
0000000100
0000001000
0000000000
0001010000
0000000000
,
0000101000
0010100000
1001000000
0000000000
,
0001000000
0010000000
0001000000
0000100000
0001000000
0010000000
0001000000
0000100000
,
0001000000
0010000000
0001000000
0010000000
0001000000
0000000000
0100000000
0000000000
0000100000
0000000000
0000000000
0000000000
0001000000
0000001000
0000000000
0000000000
,
0000110000
0000101000
0000100100
0000000000
,
0000110000
0000000000
0000000000
0000000000
0001010000
0000000000
0000000000
0000000000
0010010000
0000000000
0000000000
0000000000
0000000000
0000000000
0000000000
1000000000
,
0000100000
0000000000
0000000000
0000000000
0001000000
0000000000
0000001000
0000000000
0000000100
0000000000
0000000010
0000000000
0000001000
0000000000
0000000000
0000000001
,
0000010000
0000000000
0000001000
0001000000
0010000000
0100000000
0001000000
0000000000
,
0011000000
0010010000
0010000100
0000000000
,
0000001100
0000100100
0010000100
0000000000
,
0000010000
0000100000
0001000000
0000000000
0010000000
0000100000
0001000000
0000001000
,
0000010000
0000000000
0000000100
0000000000
0000001000
0000010000
0000100000
0001000000
0010000000
0000000000
0000000000
0000000000
0010010000
0000000000
0000000000
0000000000
,
0010000000
0000010000
0010000000
0000100000
0010000000
0000010000
0010000000
0001000000
,
0000100000
0000001000
0000100000
0000000100
0000100000
0000001000
0000100000
0000010000
,
0010000000
0000001000
0010000000
0001000000
0010000000
0000001000
0010000000
0000010000
,
0001000000
0000000100
0001000000
0000010000
0000001000
0000000100
0000001000
0000010000
,
0001000000
0000010000
0000001000
0000000100
0000100000
0000001000
0000100000
0000000100
,
0000001000
0000000100
0000100000
0000001000
0000010000
0000001000
0000100000
0000010000
,
0001000000
0000100000
0001000000
0000010000
0010000000
0001000000
0010000000
0000010000
,
0001000000
0000000000
0000001000
0000000000
0000100000
0000000000
0000010000
0000000000
0001000000
0000100000
0010000000
0001000000
0100000000
0010000000
1000000000
0000100000
,
0010000000
0001000000
0000010000
0000000100
0000001000
0000010000
0000000100
0000000001
,
0000000010
0000000000
0000000100
0000000000
0000001000
0000000000
0000000001
0000000000
0000010000
0000000000
0000000010
0000000100
0000000010
0000000100
0000000010
0000000100
,
0000000010
0000010000
0000000100
0000001000
0000100000
0010000000
0001000000
0000100000
,
0010000000
0000000000
1000000000
0000000000
0100000000
0000000000
0010000000
0000000000
0000100000
0000000000
0100000000
0010000000
0100000000
0010000000
0100000000
0010000000
,
0100000000
0001000000
0000100000
0000010000
0000001000
0000100000
0010000000
0001000000
,
0000100000
0000000000
0000010000
0000000000
0000001000
0000000000
0000000100
0000000000
0000010000
0000000000
0000000010
0000000100
0000000010
0000000100
0000000010
0000000100
,
0000000010
0000000000
0000001000
0000000000
0000010000
0000000000
0000100000
0000000000
0001000000
0000000000
0100000000
0010000000
0100000000
0010000000
0100000000
0010000000
,
0100000000
0000000000
0001000000
0000000000
0000100000
0000000000
0000010000
0000000000
0000001000
0000000000
0000000010
0000000100
0000000010
0000000100
0000000010
0000000100
,
0000000001
0000010000
0000000100
0000001000
0000100000
0001000000
0000001000
0000010000
,
0001000000
0000000000
0010000000
0000000000
0000100000
0000000000
0100000000
0000000000
0001000000
0000000000
1000000000
0010000000
1000000000
0010000000
1000000000
0010000000
,
1000000000
0001000000
0010000000
0000100000
0000001000
0000000100
0000010000
0000001000
,
0000000100
0000000000
0000000010
0000000000
0000000001
0000000000
0000000100
0000000000
0000010000
0000000000
0000000001
0000000100
0000000001
0000000100
0000000001
0000000100
,
0000000001
0000010000
0000001000
0001000000
0000100000
0000001000
0000000100
0000010000
,
0000001000
0000000000
0001000000
0000000000
0000100000
0000000000
0010000000
0000000000
0001000000
0000000000
1000000000
0010000000
1000000000
0010000000
1000000000
0010000000
,
1000000000
0000000000
0000000000
0000000000
0000110000
0000000000
0000000000
0000000000
0000010100
0000000000
0000000001
0000000100
0000000001
0000000100
0000000001
0000000100
,
0000000001
0000000000
0000000000
0000000000
0000110000
0000000000
0000000000
0000000000
0010100000
0000000000
1000000000
0010000000
1000000000
0010000000
1000000000
0010000000
,
0100000000
0110000000
1001000000
0000000000
,
0001000000
0000000000
0000000000
0000000000
0011000000
0000000000
0000000000
0000000000
0100100000
0000000000
0000000000
0000000000
0000000000
0000000000
0000000000
1000000000
,
0000100000
0000000000
0000000000
0000000000
0001000000
0000000000
0000001000
0000000000
0000000100
0000000000
0000000010
0000000000
0000001000
0000000000
0000000000
0000000001
,
0000010000
0000000000
0000000000
0000000000
0000001000
0000000000
0001000000
0000000000
0010000000
0000000000
0100000000
0000000000
0001000000
0000000000
0000000000
1000000000
,
0000100000
0000000000
0000000000
0001000000
0000001000
0000000000
0000000000
0000010000
0000000001
0000000000
0000000000
0000000000
0000000000
0000000000
0000000000
0000000001
,
0000010000
0000000000
0000000000
0000001000
0001000000
0000000000
0000000000
0000100000
1000000000
0000000000
0000000000
0000000000
0000000000
0000000000
0000000000
0000000000
,
0001000000
1000000000
0001000000
0000000000
0100000000
0000100000
0100000000
0010000000
,
0001000000
0000000000
0000100000
0000000000
0010000000
0001000000
0000100000
0000010000
0000001000
0000000000
0000000000
0000000000
0000001001
0000000000
0000000000
0000000000
,
0000001000
0000000001
0000001000
0000000000
0000000010
0000010000
0000000010
0000000100
,
0000001000
0000000000
0000010000
0000000000
0000000100
0000001000
0000010000
0000100000
0001000000
0000000000
0000000000
0000000000
1001000000
0000000000
0000000000
0000000000
,
0100000000
0000000000
0000100000
0000000000
0100000000
0000000000
0000000000
0000000000
0001000000
1000000000
0001000000
0010000000
0001000000
1000000000
0000100000
0010000000
,
0000100000
0100000000
0000100000
0010000000
0001000000
0000100000
0000010000
0000001000
0000000100
0000000000
0000000000
0000000000
0000000011
0000000000
0000000000
0000000000