0000000000
0000000000
0000000000
0000000000
,
0000000000
0000000000
0000000000
0000000000
,
0000000000
0000000000
0000000000
0000000000
,
1000000000
0000000000
0000000000
0000000000
0010000000
0000000000
0000000000
0000000000
0100000000
0001000000
0100000000
0001000000
0100000000
0001000000
0100000000
0000000000
,
0001000000
0010000000
0001000000
0010000000
0001000000
0000000000
0000000000
0000000000
0100000000
0010000000
0100000000
0010000000
0100000000
0000000000
0000000000
0000000000
,
0001000000
0100000000
0010000000
1000000000
0000100000
0010000000
0001000000
0100000000
0020000000
0000000000
0000000000
0000000000
1030000000
0000000000
0000000000
0000000000
,
1001000000
0000000000
1000000000
0010000000
0000100000
0000010000
0000001000
0000000000
,
0000001100
0000000000
0000000000
0000000000
0000000110
0000000000
0000000000
0000000000
0000002020
0000000000
0000000000
0000003030
0000000000
0000000000
0000000000
0000000000
,
0000000010
0000000100
0000000010
0000000100
0000000010
0000000000
0000000000
0000000000
0000001000
0000000100
0000001000
0000000100
0000001000
0000000000
0000000000
0000000000
,
0000000010
0000000100
0000000010
0000000100
0000000010
0000001000
0000000100
0000010000
0000000002
0000000003
0000000200
0000000300
0000000020
0000000030
0000000000
0000000000
,
0000001001
0000000000
0000000001
0000000100
0000010000
0000100000
0001000000
0000000000
,
0011000000
0000000000
0000000000
0000000000
0110000000
0000000000
0000000000
0000000000
0202000000
0000000000
0000000000
0303000000
0000000000
0000000000
0000000000
0000000000
,
0100000000
0010000000
0100000000
0010000000
0100000000
0010000000
0100000000
0010000000
0001000000
0010000000
0001000000
0010000000
0001000000
0010000000
0001000000
0010000000
,
1000000000
0000000000
0000100000
0010000000
0001000000
0000000000
0111000000
0000000000
,
1010000000
0000000000
0000000000
0000000000
0011000000
0000000000
0000000000
0000000000
0100000000
0001000000
0100000000
0001000000
0100000000
0000000000
0001000000
0000000000
,
0110000000
0000000000
0000000000
0000000000
0010100000
0000000000
0000000000
0000000000
0001000000
0000001000
0001000000
0000001000
0001000000
0000000000
0000001000
0000000000
,
0000100000
0000000000
0000000100
0000000000
0000001000
0000000000
0000000010
0000000000
0000010000
0000000100
0000010000
0000000100
0000010000
0000000000
0000000100
0000000000
,
0000001000
0000000000
0000000010
0000000000
0000000100
0000000000
0000000001
0000000000
0000000100
0000000001
0000000100
0000000001
0000000100
0000000000
0000000001
0000000000
,
0000000101
0000000000
0000000000
0000000000
0000001100
0000000000
0000000000
0000000000
0000000010
0000001000
0000000010
0000001000
0000000010
0000000000
0000001000
0000000000
,
0000000110
0000000000
0000000000
0000000000
0000010100
0000000000
0000000000
0000000000
0000001000
0001000000
0000001000
0001000000
0000001000
0000000000
0001000000
0000000000
,
0000010000
0010000000
0000100000
0000000000
1000000000
0010000000
0000100000
0000010000
,
0000001000
0000000000
0000000010
0000000000
0000001000
0000000010
0000001000
0000000010
0000001000
0000000000
0000000010
0000000000
0000001110
0000000000
0000000000
0000000000
,
0000001000
0000000100
0000001000
0000000100
0000001000
0000000000
0000000000
0000000000
0000000010
0000000100
0000000010
0000000100
0000000010
0000000000
0000000000
0000000000
,
0000001000
0000000010
0000000100
0000000001
0000010000
0000000100
0000001000
0000000010
0000000200
0000000000
0000000000
0000000000
0000000301
0000000000
0000000000
0000000000
,
0000001001
0000000000
0000000001
0000000100
0000010000
0000100000
0001000000
0000000000
,
0011000000
0000000000
0000000000
0000000000
0110000000
0000000000
0000000000
0000000000
0202000000
0000000000
0000000000
0303000000
0000000000
0000000000
0000000000
0000000000
,
0100000000
0010000000
0100000000
0010000000
0100000000
0000000000
0000000000
0000000000
0001000000
0010000000
0001000000
0010000000
0001000000
0000000000
0000000000
0000000000
,
0100000000
0010000000
0100000000
0010000000
0100000000
0001000000
0010000000
0000100000
2000000000
3000000000
0020000000
0030000000
0200000000
0300000000
0000000000
0000000000
,
1001000000
0000000000
1000000000
0010000000
0000100000
0000010000
0000001000
0000000000
,
0000001100
0000000000
0000000000
0000000000
0000000110
0000000000
0000000000
0000000000
0000002020
0000000000
0000000000
0000003030
0000000000
0000000000
0000000000
0000000000
,
0000000010
0000000100
0000000010
0000000100
0000000010
0000000100
0000000010
0000000100
0000001000
0000000100
0000001000
0000000100
0000001000
0000000100
0000001000
0000000100
,
0000000001
0000000000
0000010000
0000000100
0000001000
0000000000
0000001110
0000000000
,
0000000101
0000000000
0000000000
0000000000
0000001100
0000000000
0000000000
0000000000
0000000010
0000001000
0000000010
0000001000
0000000010
0000000000
0000001000
0000000000
,
0000000110
0000000000
0000000000
0000000000
0000010100
0000000000
0000000000
0000000000
0000001000
0001000000
0000001000
0001000000
0000001000
0000000000
0001000000
0000000000
,
0000010000
0000000000
0010000000
0000000000
0001000000
0000000000
0100000000
0000000000
0000100000
0010000000
0000100000
0010000000
0000100000
0000000000
0010000000
0000000000
,
0001000000
0000000000
0100000000
0000000000
0010000000
0000000000
1000000000
0000000000
0010000000
1000000000
0010000000
1000000000
0010000000
0000000000
1000000000
0000000000
,
1010000000
0000000000
0000000000
0000000000
0011000000
0000000000
0000000000
0000000000
0100000000
0001000000
0100000000
0001000000
0100000000
0000000000
0001000000
0000000000
,
0110000000
0000000000
0000000000
0000000000
0010100000
0000000000
0000000000
0000000000
0001000000
0000001000
0001000000
0000001000
0001000000
0000000000
0000001000
0000000000
,
0000100000
0000000100
0000010000
0000000000
0000000001
0000000100
0000010000
0000100000
,
0001000000
0000000000
0100000000
0000000000
0001000000
0100000000
0001000000
0100000000
0001000000
0000000000
0100000000
0000000000
0111000000
0000000000
0000000000
0000000000
,
0011000000
0010000000
0000100000
0001000000
0000001000
0000010000
0000000100
0000001000
,
0000001100
0000000100
0000010000
0000001000
0001000000
0000100000
0010000000
0001000000
,
0001100000
0000100000
0000010000
0000001000
0000000100
0000010000
0000000100
0000001000
,
0000011000
0000010000
0000100000
0001000000
0010000000
0001000000
0010000000
0000100000
,
0010100000
0010000000
0001000000
0000100000
0000010000
0000001000
0000000100
0000010000
,
0000010100
0000000100
0000001000
0000010000
0000100000
0001000000
0010000000
0000100000
,
0001100000
0000100000
0010000000
0000001000
0000011000
0000010000
0000000100
0001000000
,
0000010000
0000000000
0000100000
0000000000
0000010000
0000000000
0000100000
0000000000
0000010000
0000100000
0000010000
0000000000
0000100000
0000000000
0000010000
0000100000
,
0000010000
0010000000
0000100000
0010000000
0000010000
0010000000
0000100000
0010000000
,
0000010000
0000000000
0010000000
0000000000
0000100000
0000000000
0010000000
0000000000
0000002000
0000003000
0010000000
0001000000
0000100000
0000010000
0000001000
0000000100
,
0000100000
0000000100
0000010000
0000000100
0000100000
0000000100
0000010000
0000000100
,
0000100000
0000000000
0000000100
0000000000
0000010000
0000000000
0000000100
0000000000
0002000000
0003000000
0000000100
0000001000
0000010000
0000100000
0001000000
0010000000
,
0000001000
0010000000
0000100000
0010000000
0000001000
0010000000
0000100000
0010000000
,
0000001000
0000000000
0010000000
0000000000
0000100000
0000000000
0010000000
0000000000
0000000200
0000000300
0010000000
0001000000
0000100000
0000010000
0000001000
0000000100
,
0000100000
0000000000
0000000100
0000000000
0000010000
0000000000
0000000100
0000000000
0002000000
0003000000
0000000100
0000001000
0000010000
0000100000
0001000000
0010000000
,
0000001000
0000000000
0010000000
0000000000
0000100000
0000000000
0010000000
0000000000
0000000200
0000000300
0010000000
0001000000
0000100000
0000010000
0000001000
0000000100
,
0000100000
0000000100
0000010000
0000000100
0000100000
0000000100
0000010000
0000000100
,
0000100000
0000000000
0000000100
0000000000
0000010000
0000000000
0000000100
0000000000
0002000000
0003000000
0000000100
0000001000
0000010000
0000100000
0001000000
0010000000
,
0000010000
0010000000
0000100000
0010000000
0000010000
0010000000
0000100000
0010000000
,
0000010000
0000000000
0010000000
0000000000
0000100000
0000000000
0010000000
0000000000
0000002000
0000003000
0010000000
0001000000
0000100000
0000010000
0000001000
0000000100
,
0001000000
0000000100
0000010000
0000000100
0001000000
0000000100
0000010000
0000000100
,
0001000000
0000000000
0000000100
0000000000
0000010000
0000000000
0000000100
0000000000
0020000000
0030000000
0000000100
0000001000
0000010000
0000100000
0001000000
0010000000
,
0000010000
0000000000
0010000000
0000000000
0000100000
0000000000
0010000000
0000000000
0000002000
0000003000
0010000000
0001000000
0000100000
0000010000
0000001000
0000000100
,
0001000000
0000000000
0000000100
0000000000
0000010000
0000000000
0000000100
0000000000
0020000000
0030000000
0000000100
0000001000
0000010000
0000100000
0001000000
0010000000
,
0011000000
0000000000
0000000000
0000000000
0110000000
0000000000
0000000000
0000000000
0100000000
0001000000
0100000000
0001000000
0100000000
0000000000
0001000000
0000000000
,
0110000000
0000000000
0000000000
0000000000
0010100000
0000000000
0000000000
0000000000
0001000000
0000001000
0001000000
0000001000
0001000000
0000000000
0000001000
0000000000
,
0000100000
0000000000
0000000100
0000000000
0000001000
0000000000
0000000010
0000000000
0000010000
0000000100
0000010000
0000000100
0000010000
0000000000
0000000100
0000000000
,
0000001000
0000000000
0000000010
0000000000
0000000100
0000000000
0000000001
0000000000
0000000100
0000000001
0000000100
0000000001
0000000100
0000000000
0000000001
0000000000
,
0000000101
0000000000
0000000000
0000000000
0000001100
0000000000
0000000000
0000000000
0000000010
0000001000
0000000010
0000001000
0000000010
0000000000
0000001000
0000000000
,
0000000110
0000000000
0000000000
0000000000
0000010100
0000000000
0000000000
0000000000
0000001000
0001000000
0000001000
0001000000
0000001000
0000000000
0001000000
0000000000
,
0000010000
0010000000
0000010000
0000000000
0010000000
0001000000
0000100000
0010000000
,
1000000000
0000000000
0100000000
0000000000
0010000000
0001000000
0000100000
0000010000
0000001000
0000000000
0000000000
0000000000
0000000111
0000000000
0000000000
0000000000
,
0000100000
0000000100
0000100000
0000000000
0000000100
0000001000
0000010000
0000000100
,
0000000001
0000000000
0000000010
0000000000
0000000100
0000001000
0000010000
0000100000
0001000000
0000000000
0000000000
0000000000
1110000000
0000000000
0000000000
0000000000
,
0000010000
0000000000
0010000000
0000000000
0000010000
0000000000
0000000000
0000000000
0010000000
0001000000
0000100000
0010000000
1000000000
0100000000
0010000000
0001000000
,
0000100000
0000010000
0000001000
0000000100
0000000010
0000000001
0000010000
0000001000
0000000100
0000000000
0000000000
0000000000
0000011100
0000000000
0000000000
0000000000