0000000000
0000000000
0000000000
0000000000
,
0000000000
0000000000
0000000000
0000000000
,
0000000000
0000000000
0000000000
0000000000
,
0000000000
0000000000
0000000000
0000000000
,
0001000000
0000010000
0000110000
0000000000
0000100000
0000001000
0001001000
0000000000
,
0010000000
0000000100
0000100000
0000010000
0100001000
0000000000
0001000010
0000000000
,
0010000100
0000000000
0000100000
0000010000
0001000000
0000000000
0000001000
0000000000
,
0000100000
0000010000
0001000000
0000000000
0000010000
0000100000
0000001000
0000000000
0001010100
0000000000
0001000000
0000000000
0000001000
0000000000
0000010000
0000000000
,
0000000001
0000000100
0000010000
0000001000
0000000100
0000000000
0000010000
0000000000
0000001000
0001000000
0000100000
0010000000
0001000000
0000000000
0000100000
0000000000
,
0010000000
1000000000
0000100000
0100000000
0001000000
0000000000
0010000000
0000000000
0001010100
0000000000
0010101000
0000000000
0001010100
0000000000
0000000000
0000000000
,
0000110000
0000000000
0000000100
0010000000
0001000000
0000000000
0000100000
0000000000
,
0000001000
0001000000
0000010000
0000000000
0001000000
0000001000
0000100000
0000000000
0001010100
0000000000
0001000000
0000000000
0000001000
0000000000
0000010000
0000000000
,
0000000001
0000000010
0000000100
0000001000
0000000001
0000000010
0000000100
0000001000
0000000010
0000000100
0000001000
0000010000
0000000010
0000000100
0000001000
0000010000
,
0000000100
0000000000
0001000000
0000010000
0010101000
0000000000
0001010100
0000000000
,
0011001000
0000110100
0011010000
0000000000
,
0001001100
0000000000
0000000000
0000000000
0010110000
0000000000
0000000000
0000000000
0000102100
0000000000
0000000000
0000000000
0000000000
0000003000
0000000000
0000000000
,
0001000000
0000100000
0010000000
0000000000
0001000000
0000000000
0000100000
0000000000
0000010000
0000000000
0000001000
0000000000
0000000100
0000000000
0000100000
0000000000
,
0000001000
0000010000
0000000100
0000000000
0000001000
0000000000
0000010000
0000000000
0000100000
0000000000
0001000000
0000000000
0010000000
0000000000
0000010000
0000000000
,
0001000000
0000100000
0001000000
0000000000
0000001000
0000010000
0000001000
0000000000
0000101100
0000000000
0000000000
0000000000
0000000000
0000000000
0000000000
0000000000
,
0000001000
0000010000
0000001000
0000000000
0001000000
0000100000
0001000000
0000000000
0011020000
0000000000
0000000000
0000000000
0000000000
0000030000
0000000000
0000000000
,
0010000000
0000001000
0000100000
0000010000
0010000000
0000000000
0000001000
0000000000
0001000000
0000100000
0010000000
0000100000
0001000000
0000010000
0000100000
0000001000
,
0000010000
0000000100
0000001000
0000010000
0000100000
0001000000
0000100000
0000010000
0000001000
0000000000
0000000100
0000000000
0000100100
0000000000
0000000000
0000000000
,
0001000000
0000010000
0000100000
0000001000
0010000000
0000000000
0000000000
0000000000
0000001000
0001000000
0000010000
0000100000
0000000100
0000000000
0000000000
0000000000
,
0000100000
0000010000
0001000000
0000001000
0000100000
0000000000
0000010000
0000000000
0001000010
0000000000
0000000000
0000000000
0100001000
0000000000
0000000000
0000000000
,
0010000100
0000000000
0000010000
0000100000
0000001000
0000000000
0001000000
0000000000
,
0000010000
0000100000
0000001000
0000000000
0000100000
0000010000
0001000000
0000000000
0010101000
0000000000
0000001000
0000000000
0001000000
0000000000
0000100000
0000000000
,
1000000000
0010000000
0000100000
0001000000
0010000000
0000000000
0000100000
0000000000
0001000000
0000001000
0000010000
0000000100
0000001000
0000000000
0000010000
0000000000
,
0000000100
0000000001
0000010000
0000000010
0000001000
0000000000
0000000100
0000000000
0010101000
0000000000
0001010100
0000000000
0010101000
0000000000
0000000000
0000000000
,
0000110000
0000000000
0010000000
0000000100
0000001000
0000000000
0000010000
0000000000
,
0001000000
0000001000
0000100000
0000000000
0000001000
0001000000
0000010000
0000000000
0010101000
0000000000
0000001000
0000000000
0001000000
0000000000
0000100000
0000000000
,
1000000000
0100000000
0010000000
0001000000
1000000000
0100000000
0010000000
0001000000
0100000000
0010000000
0001000000
0000100000
0100000000
0010000000
0001000000
0000100000
,
0010000000
0000000000
0000001000
0000100000
0001010100
0000000000
0010101000
0000000000
,
0001001100
0010110000
0000101100
0000000000
,
0011001000
0000000000
0000000000
0000000000
0000110100
0000000000
0000000000
0000000000
0012010000
0000000000
0000000000
0000000000
0000000000
0003000000
0000000000
0000000000
,
0000001000
0000010000
0000000100
0000000000
0000001000
0000000000
0000010000
0000000000
0000100000
0000000000
0001000000
0000000000
0010000000
0000000000
0000010000
0000000000
,
0001000000
0000100000
0010000000
0000000000
0001000000
0000000000
0000100000
0000000000
0000010000
0000000000
0000001000
0000000000
0000000100
0000000000
0000100000
0000000000
,
0000001000
0000010000
0000001000
0000000000
0001000000
0000100000
0001000000
0000000000
0011010000
0000000000
0000000000
0000000000
0000000000
0000000000
0000000000
0000000000
,
0001000000
0000100000
0001000000
0000000000
0000001000
0000010000
0000001000
0000000000
0000201100
0000000000
0000000000
0000000000
0000000000
0000300000
0000000000
0000000000
,
0000000100
0001000000
0000010000
0000100000
0000000100
0000000000
0001000000
0000000000
0000001000
0000010000
0000000100
0000010000
0000001000
0000100000
0000010000
0001000000
,
0000100000
0010000000
0001000000
0000100000
0000010000
0000001000
0000010000
0000100000
0001000000
0000000000
0010000000
0000000000
0010010000
0000000000
0000000000
0000000000
,
0001000000
0000010000
0001000000
0000010000
0001000000
0000010000
0001000000
0000010000
0001000000
0000010000
0001000000
0000010000
0001000000
0000010000
0001000000
0000010000
,
0000100000
0000001000
0000100000
0000001000
0000100000
0000001000
0000100000
0000001000
0000100000
0000001000
0000100000
0000001000
0000100000
0000001000
0000100000
0000001000
,
0001000000
0000000100
0001000000
0000000100
0001000000
0000000100
0001000000
0000000100
0001000000
0000000100
0001000000
0000000100
0001000000
0000000100
0001000000
0000000100
,
0010000000
0000010000
0010000000
0000010000
0010000000
0000010000
0010000000
0000010000
0010000000
0000010000
0010000000
0000010000
0010000000
0000010000
0010000000
0000010000
,
0001000000
0000000100
0001000000
0000000100
0001000000
0000000100
0001000000
0000000100
0001000000
0000000100
0001000000
0000000100
0001000000
0000000100
0001000000
0000000100
,
0000100000
0000010000
0000100000
0000010000
0000100000
0000010000
0000100000
0000010000
0000100000
0000010000
0000100000
0000010000
0000100000
0000010000
0000100000
0000010000
,
0001000000
0000001000
0001000000
0000001000
0001000000
0000001000
0001000000
0000001000
0010000000
0000000100
0010000000
0000000100
0010000000
0000000100
0010000000
0000000100
,
0000100000
0000010000
0000100000
0000010000
0001000000
0000001000
0001000000
0000001000
0010000000
0000000100
0010000000
0000000100
0001000000
0000010000
0010000000
0000000100
,
0002000000
0003000000
0000020000
0000030000
0020000000
0030000000
0002000000
0003000000
0000020000
0000030000
0002000000
0003000000
0020000000
0030000000
0000020000
0000030000
,
0002000000
0003000000
0000020000
0000030000
0000002000
0000003000
0000000200
0000000300
0000100000
0000000000
0000001100
0001000000
0000001100
0000100000
0000001100
0001000000
,
0000010100
0000000000
0000200000
0000300000
0000002000
0000003000
0020000000
0030000000
0000200000
0000300000
0000002000
0000003000
0000200000
0000300000
0020000000
0030000000
,
0000002000
0000003000
0000200000
0000300000
0000002000
0000003000
0000020000
0000030000
0000000200
0000000300
0011000000
0000001000
0011000000
0000010000
0011000000
0000001000
,
0010100000
0000000000
0000020000
0000030000
0002000000
0003000000
0000000200
0000000300
0000020000
0000030000
0002000000
0003000000
0000020000
0000030000
0000000200
0000000300
,
0002000000
0003000000
0000020000
0000030000
0002000000
0003000000
0000200000
0000300000
0020000000
0030000000
0000010100
0001000000
0000010100
0000100000
0000010100
0001000000
,
0000001100
0000000000
0010000000
0000000000
0000010000
0000000000
0001000000
0000000000
0000000100
0000000000
0010100000
0000001000
0010100000
0000010000
0010100000
0000001000
,
0011000000
0000000000
0000000100
0000000000
0000100000
0000000000
0000001000
0000000000
0010000000
0000000000
0000001000
0000100000
0000000100
0010000000
0000010000
0001000000
,
0000001000
0000010000
0000001000
0000010000
0000000100
0000010000
0000000100
0000010000
0000000010
0000001000
0000000010
0000001000
0000000001
0000001000
0000000001
0000001000
,
0000000001
0000000100
0000000001
0000000100
0000000010
0000010000
0000000010
0000010000
0000000100
0000000000
0000010000
0000000100
0000001000
0000000010
0000010000
0000000100
,
0000001000
0000000010
0000001000
0000000010
0000010000
0000000100
0000010000
0000000100
0000010000
0000001000
0000010000
0000001000
0001000000
0000001000
0001000000
0000001000
,
0010000000
0000010000
0010000000
0000010000
0100000000
0001000000
0100000000
0001000000
1000000000
0000000000
0000100000
0010000000
0001000000
0100000000
0000100000
0010000000
,
0001000000
0100000000
0001000000
0100000000
0000100000
0010000000
0000100000
0010000000
0000100000
0001000000
0000100000
0001000000
0000001000
0001000000
0000001000
0001000000
,
0000000100
0000100000
0000000100
0000100000
0000000010
0000001000
0000000010
0000001000
0000000001
0000000000
0000001000
0000010000
0000100000
0001000000
0010000000
0000100000
,
1000000000
0000000000
0000100000
0000000000
1000100000
0000000000
0100000000
0000000000
0100100000
0000000000
0010000000
0001000000
0000100000
0000010000
0000001000
0000000100
,
0000010000
0000000000
0000000001
0000000000
0000010001
0000000000
0000001000
0000000000
0000001001
0000000000
0000000100
0000010000
0000001000
0001000000
0000100000
0010000000
,
0000010000
0000000000
0001000000
0000000000
0001010000
0000000000
0000100000
0000000000
0000000100
0001000000
0000010000
0010000000
0000001000
0000000000
0000100000
0000000000
,
0000101000
0000000000
0001000000
0000000000
0001001000
0000000000
0000001000
0000000000
0010000000
0000010000
0000100000
0000001000
0010000000
0000000000
0000100000
0000000000
,
1000000000
0010000000
0000100000
0000000000
0000001000
0000000000
0000000100
0000000000
0000000010
0000000000
0000010000
0000000000
0000000100
0000000000
0000001000
0000000000
,
0000000001
0000000100
0000010000
0000000000
0001000000
0000000000
0010000000
0000000000
0100000000
0001000000
0010000000
0001000000
0100000000
0000100000
0010000000
0000100000
,
1000000000
0010000000
0100000000
0000000000
0000100000
0010000000
0001000000
0000000000
0000100000
0000010000
0000001000
0000000100
0000010000
0000000000
0000000010
0000000000
,
0000010000
0000000100
0000001000
0000000000
0000000001
0000000100
0000000010
0000000000
0000010000
0000000100
0000001000
0000100000
0010000000
0000000000
0001000000
0000000000
,
0000100000
0000001000
0000100000
0001000000
0010000000
0000000000
0000100000
0000000000
0001000000
0000001000
0000010000
0000000100
0001000000
0000100000
0010000000
0000100000
,
0001000000
0000010000
0010000000
0000001000
0000010000
0000001000
0000100000
0000000100
0001000000
0000000000
0000010000
0000000000
0011010100
0000000000
0000000000
0000000000
,
0000010000
0001000000
0000010000
0000001000
0000000100
0000000000
0000010000
0000000000
0000001000
0001000000
0000100000
0010000000
0000001000
0000010000
0000000100
0000010000
,
0000001000
0000100000
0000000100
0001000000
0000100000
0001000000
0000010000
0010000000
0000001000
0000000000
0000100000
0000000000
0010101100
0000000000
0000000000
0000000000
,
0000001000
0000010000
0000001000
0000100000
0000001000
0000000000
0000010000
0000000100
0000001000
0000000001
0000000010
0000000100
0000001000
0000000010
0000000100
0000001000
,
0000010000
0000000100
0000001000
0000010000
0000100000
0000000100
0000001000
0000010000
0000100000
0000000000
0000001000
0001000000
0000010100
0000000000
0000000000
0000000000