0000000000
0000000000
0000000000
0000000000
,
0000000000
0000000000
0000000000
0000000000
,
0000000000
0000000000
0000000000
0000000000
,
0000000000
0000000000
0000000000
0000000000
,
1000000000
0010000000
1000000000
0000000000
0000000000
0000000000
0000000000
0000000000
,
0000100000
0001000000
0010000000
0100000000
2000000000
0000000000
0000000000
0000000000
,
0000000000
0000000000
0000000000
0000000000
,
0020000000
3000000000
0000000000
0000000000
MM000002MM
0000000000
0030000300
0000000000
,
0010000100
0000000000
0010000100
0000000000
,
0010000200
0000000000
0000000000
0000000000
0000000000
0000000000
M000000000
0000000000
0M00000000
0000000000
00M0000000
0000000000
0000000002
0000000000
0000000000
0000000000
0000000000
0000000000
0000000000
0000000000
0000000000
0000000303
0000000000
0000000000
,
0000000000
0000000000
0000000000
0000000000
,
0000000001
0000000010
0000000100
0000000000
,
0000000010
0000000100
0000000010
0000000100
0000001000
0000000100
0000001000
0000000000
,
0001001000
0000000000
0001000000
0000001000
0010000000
0000000000
0011000000
0000000000
,
0000000000
0000000000
0000000000
0000000000
,
1000000000
1000000000
1000000000
0000000000
,
1000000000
0000000000
0100000000
0010000000
0001000000
0010000000
0000100000
0000000000
,
0001000000
0000000000
0010000000
0100000000
1000000000
0100000000
0010000000
0000000000
,
1000000000
1000000000
1000000000
0000000000
,
0000000000
0000000000
0000000000
0000000000
,
0000000000
0000000000
0000000000
0000000000
,
0000000000
0000000000
0000000000
0000000000
,
0000000000
0000000000
0000000000
0000000000
1000000000
0010000000
1000000000
0000000000
,
0000000000
0000000000
0000000000
0000000000
,
0000020000
0000200000
0000000000
0000002000
,
0002000000
0000000000
0000000000
0003333000
,
0001111000
0000000000
0001111000
0000000000
,
0001111000
0000000000
0000000000
0000000000
,
0000000100
0000000000
0000010000
0000001000
0000000100
0000000010
0000000001
0000000000
,
0000000100
0000000001
0000000100
0000000000
,
0000000001
0000000100
0000000001
0000000100
0000010000
0000000100
0000010000
0000000000
,
0000110000
0000000000
0000100000
0000010000
0010000000
0000000000
0010100000
0000000000
,
1000000000
1000000000
1000000000
0000000000
,
0000000000
0000000000
0000000000
0000000000
,
0000000000
0000000000
0000000000
0000000000
,
0000000000
0000000000
0000000000
0000000000
,
0000000000
0000000000
0000000000
0000000000
,
1000000000
1000000000
1000000000
0000000000
,
1000000000
0100000000
0010000000
0000000000
0001000000
0010000000
0000100000
0001000000
,
0010000000
0100000000
1000000000
0100000000
0010000000
1000000000
0010000000
0000000000
,
2000000000
0000000000
0000000000
0000000000
,
3000020000
0000000000
0000000000
0000000000
,
0000030020
0000000000
0000000000
0MMMMMMM0M
0000000000
0000000000
0000000000
0000000000
,
0002000030
0000000000
0000000000
MMM0M0MMMM
0000000000
0000000000
0000000000
0000000000
,
2003000000
0000000000
0000000000
0000000000
,
3000020000
0000000000
0000000000
MMM0M0MMMM
0000000000
0000000000
0000000000
0000000000
,
0000030002
0000000000
0000000100
0000000000
,
0000000103
0000000000
0000000100
0000000000
0000000100
0000000001
0000000100
0000000000
,
0000020000
0000000000
0000200000
0000000000
,
0002000000
0000000000
0000002000
0000000000
,
0000000000
0000000000
0000000000
0000000000
,
0000000000
0000000000
0000000000
0003333000
,
0001111000
0000000000
0001111000
0000000000
,
0001111000
0000000000
0001111000
0000000000
,
0000000000
0000000000
MMM0000000
0000000000
0000000000
0000000000
0000000000
0000000000
0000000000
0000000000
0000000000
0000000000
,
0010000000
0000100000
1000000000
0010000000
,
0000000000
0000000000
0000000000
0000000000
,
0000000000
0000000000
0000000000
0000000000
0000000000
0000000000
0000000000
0000000000
0000000000
0000000000
0000000000
M000000000
,
0M20000000
0000000000
0000000000
0000000000
MM00000000
0000000000
0000000200
0000000000
0000000000
0030000300
0000000000
0000000000
,
0010000000
0000000100
0010000000
0000000100
,
0010000100
0000000000
0010000100
0000000000
,
0010000100
0000000000
0000000000
0000000000
0000000000
0000000000
0010000200
0000000000
M000000000
0M00000000
00M0000000
0000000000
,
0000000002
0000000000
0000000000
0000000303
,
0000000000
0000000000
0000000000
0000000000
,
0000000000
0000000000
0000000000
0000000000
,
0000001010
0001000100
0001001000
0000000000
,
0010000000
0000000000
0000001000
0010000000
0001000000
0100000000
0010000000
0000000000
,
0000000000
0000000000
0000000000
0000000000
,
1000100000
0010010000
0000110000
0000000000
,
0000000000
0000000000
0000000000
0000000000
,
0000000000
0000000000
0000000000
0000000000
,
0000000000
0000000000
0000000000
0000000000
,
0000000100
0000100000
0000000100
0000000000
0000010000
0000000100
0000010000
0000000001
,
0000000100
0000000010
0000010000
0000000100
0000001000
0000000001
0000001000
0000000000
,
0000000100
0000001000
0000000100
0000000000
0000001000
0000000100
0000001000
0000000100
,
0001000000
0000001000
0010000000
0001000000
1000000000
0010000000
1000000000
0000000000
&
0000000000
0000000000
0000000000
0000000000
,
0000000000
0000000000
0000000000
0000000000
,
0000000000
0000000000
0000000000
0000000000
,
0000000000
0000000000
0000000000
0000000000
,
0000000000
0000000000
0000000000
0000000000
0000000001
0000000100
0000000001
0000000000
,
0000000000
0000000000
0000000000
0000000000
,
0000200000
0000020000
0000000000
0002000000
,
0000002000
0000000000
0000000000
0003333000
,
0001111000
0000000000
0001111000
0000000000
,
0001111000
0000000000
0000000000
0000000000
,
0010000000
0000000000
0000100000
0001000000
0010000000
0100000000
1000000000
0000000000
,
0010000000
1000000000
0010000000
0000000000
,
1000000000
0010000000
1000000000
0010000000
0000100000
0010000000
0000100000
0000000000
,
0000110000
0000000000
0000010000
0000100000
0000000100
0000000000
0000010100
0000000000
,
0000000001
0000000001
0000000001
0000000000
,
0000000000
0000000000
0000000000
0000000000
,
0000000000
0000000000
0000000000
0000000000
,
0000000000
0000000000
0000000000
0000000000
,
0000000000
0000000000
0000000000
0000000000
,
0000000001
0000000001
0000000001
0000000000
,
0000000001
0000000010
0000000100
0000000000
0000001000
0000000100
0000010000
0000001000
,
0000000100
0000000010
0000000001
0000000010
0000000100
0000000001
0000000100
0000000000
,
0000000001
0000000100
0000000001
0000000000
0000000000
0000000000
0000000000
0000000000
,
0000010000
0000001000
0000000100
0000000010
0000000002
0000000000
0000000000
0000000000
,
0000000000
0000000000
0000000000
0000000000
,
0000000200
0000000003
0000000000
0000000000
00200000MM
0000000000
0030000300
0000000000
,
0010000100
0000000000
0010000100
0000000000
,
0020000100
0000000000
0000000000
0000000000
000000000M
0000000000
00000000M0
0000000000
0000000M00
0000000000
0000000000
0000000000
2000000000
0000000000
0000000000
0000000000
0000000000
0000000000
0000000000
0000000000
0000000000
3030000000
0000000000
0000000000
,
0000000000
0000000000
0000000000
0000000000
,
1000000000
0100000000
0010000000
0000000000
,
0100000000
0010000000
0100000000
0010000000
0001000000
0010000000
0001000000
0000000000
,
0001001000
0000000000
0000001000
0001000000
0000000100
0000000000
0000001100
0000000000
,
0000000000
0000000000
0000000000
0000000000
,
0000000001
0000000001
0000000001
0000000000
,
0000000001
0000000000
0000000010
0000000100
0000001000
0000000100
0000010000
0000000000
,
0000001000
0000000000
0000000100
0000000010
0000000001
0000000010
0000000100
0000000000
,
0000000001
0000000001
0000000001
0000000000
,
0000000000
0000000000
0000000000
0000000000
,
0000000000
0000000000
0000000000
0000000000
,
0000000000
0000000000
0000000000
0000000000
,
0000000020
0000000000
0000000000
0MMMMMMM0M
0000000000
0000000000
0000000000
0000000000
,
0002000030
0000000000
0000000000
MMM0M0MMMM
0000000000
0000000000
0000000000
0000000000
,
2003000000
0000000000
0000000000
0000000000
,
3000020000
0000000000
0000000000
0000000000
,
0000030020
0000000000
0000000000
0MMMMMMM0M
0000000000
0000000000
0000000000
0000000000
,
0002000030
0000000000
0000000000
0000000000
,
0203000000
0000000000
0010000000
0000000000
,
0310000000
0000000000
0010000000
0000000000
0010000000
0100000000
0010000000
0000000000
,
0000000000
0000000000
0000000000
0000000000
,
0000000000
0000000000
0000000000
0000000000
0000000000
0000000000
0000000000
0000000000
0000000000
0000000000
0000000000
M000000000
,
0M20000000
MM00000000
MM00000200
0030000300
,
0010000000
0000000100
0010000000
0000000100
,
0010000100
0000000000
0010000100
0000000000
,
0010000100
0000000000
0000000000
0000000000
0000000000
0000000000
0010000200
0000000000
M000000000
0M00000000
00M0000000
0000000000
,
0000000002
0000000000
0000000000
0000000303
,
0000000000
0000000000
0000000000
0000000000
,
0000200000
0000000000
0000020000
0000000000
,
0002000000
0000000000
0000002000
0000000000
,
0000000000
0000000000
0000000000
0000000000
,
0000000000
0000000000
0000000000
0003333000
,
0001111000
0000000000
0001111000
0000000000
,
0001111000
0000000000
0001111000
0000000000
,
0000000000
0000000000
MMM0000000
0000000000
0000000000
0000000000
0000000000
0000000000
0000000000
0000000000
0000000000
0000000000
,
0010000000
0000100000
1000000000
0010000000
,
1000100000
0010010000
0000110000
0000000000
,
0000000000
0000000000
0000000000
0000000000
,
0000000000
0000000000
0000000000
0000000000
,
0000000100
0000000000
0000100000
0000000100
0000010000
0000000001
0000000100
0000000000
,
0000000000
0000000000
0000000000
0000000000
,
0000001010
0001000100
0001001000
0000000000
,
0010000000
0000001000
0010000000
0000000000
0001000000
0010000000
0001000000
0100000000
,
0010000000
1000000000
0010000000
0100000000
0001000000
1000000000
0010000000
0000000000
,
0000000000
0000000000
0000000000
0000000000
,
0000000000
0000000000
0000000000
0000000000
,
1000000000
0000100000
0010000000
0000000000
0000100000
0010000000
0000100000
0010000000
,
0000010000
0000100000
0000000100
0000010000
0000000001
0000000100
0000000001
0000000000