// measure 0
00000
00000
00000
00000
,  // measure 1
00000
00000
00000
00000
,  // measure 2
00002
00000
00000
00000
,  // measure 3
00100
00000
00100
00003
00100
00010
01000
00100
,  // measure 4
20000
00000
00000
30000
01000
00000
00100
00000
00020
00000
00000
00030
01000
00000
00100
00000
,  // measure 5
00020
00000
00000
00000
00000
00000
00000
00030
00001
00000
01000
00100
10000
00001
00100
00010
,  // measure 6
01000
01100
00010
00110
,  // measure 7
10001
00000
00000
00000
00000
00000
10000
00100
,  // measure 8
02000
00000
00000
00000
03001
00000
00001
00100
,  // measure 9
00020
00000
00000
00000
00000
00000
00000
00000
10030
00000
00000
00000
20000
30000
00002
00003
,  // measure 10
00200
00300
00020
00030
00200
00300
02000
03000
00200
00300
20000
30000
00200
00300
00002
00003
,  // measure 11
20000
00000
00000
00000
30000
00000
00000
00000
01010
00000
00010
10000
00100
01000
00100
10000
,  // measure 12
00002
00000
00000
00003
00010
00000
00100
00000
02000
00000
00000
03000
00010
00000
00100
00000
,  // measure 13
02000
00000
00000
00000
00000
00000
00000
03000
10000
00000
00010
00100
00001
10000
00100
01000
,  // measure 14
00010
00110
01000
01100
,  // measure 15
10001
00000
00000
00000
00000
00000
00001
00100
,  // measure 16
00020
00000
00000
00000
10030
00000
10000
00100
,  // measure 17
02000
00000
00000
00000
00000
00000
00000
00000
03001
00000
00000
00000
00002
00003
20000
30000
,  // measure 18
00200
00300
02000
03000
00200
00300
00020
00030
00200
00300
00002
00003
00200
00300
20000
30000
,  // measure 19
00002
00000
00000
00000
00003
00000
00000
00000
00000
00000
20000
30000
00002
00003
00200
00300
,  // measure 20
00020
00030
02000
03000
00200
00300
02000
03000
00020
00030
00200
00300
00002
00003
20000
30000
,  // measure 21
02000
03000
00200
00300
00020
00030
00200
00300
00002
00003
02000
03000
00200
00300
20000
30000
,  // measure 22
02000
03000
00200
00300
00020
00030
02000
03000
00002
00003
00200
00300
00020
00030
20000
30000
,  // measure 23
00200
00300
20000
30000
02000
03000
20000
30000
00200
00300
02000
03000
20000
30000
00200
00300
,  // measure 24
00002
00003
00020
00030
00200
00300
02000
03000
00020
00030
00200
00300
00002
00003
02000
03000
,  // measure 25
00020
00030
00200
00300
02000
03000
20000
30000
00200
00300
02000
03000
20000
30000
02000
03000
,  // measure 26
00020
00030
20000
30000
00200
00300
02000
03000
00002
00003
00020
00030
00002
00003
02000
03000
,  // measure 27
00020
00030
00002
00003
00200
00300
20000
30000
00002
00003
00100
00001
10000
00001
00100
00001
,  // measure 28
20000
00000
00000
00000
00000
30000
00001
00100
00020
00030
02000
03000
00200
00300
00000
00000
,  // measure 29
20000
30000
02000
03000
00200
00300
00020
00030
02000
03000
00200
00300
00020
00030
00002
00003
,  // measure 30
00200
00000
00000
00000
00000
00300
00020
00030
00002
00003
00020
00030
00200
00300
02000
03000
,  // measure 31
20000
30000
00002
00003
00020
00030
00200
00300
02000
03000
20000
30000
00200
00300
00002
00003
,  // measure 32
20000
00000
00000
00000
00000
30000
02000
03000
00200
00300
00002
00003
00020
00030
00200
00300
,  // measure 33
20000
30000
02000
03000
00200
00300
00020
00030
02000
03000
00200
00300
00020
00030
00002
00003
,  // measure 34
02000
00000
00000
00000
00000
03000
00020
00030
00200
00300
02000
03000
00200
00300
00020
00030
,  // measure 35
01000
00100
00010
00001
00100
00010
01000
00100
10000
01000
00100
00010
01000
00100
10000
00100
,  // measure 36
02000
03000
20000
30000
00200
00300
00002
00003
20000
30000
02000
03000
00200
00300
00010
00100
,  // measure 37
00002
00003
00020
00030
00200
00300
02000
03000
00020
00030
00002
00003
00200
00300
10000
00100
,  // measure 38
02000
03000
20000
30000
00020
00030
00002
00003
20000
30000
00200
00300
00002
00003
00010
00100
,  // measure 39
00002
00003
00020
00030
20000
30000
02000
03000
00010
00100
01000
10000
00100
01000
00010
00100
,  // measure 40
00002
00003
00020
00030
00200
00300
02000
03000
20000
30000
02000
03000
00200
00300
10000
01000
,  // measure 41
00200
00300
00020
00030
00002
00003
00020
00030
00200
00300
02000
03000
20000
30000
00100
01000
,  // measure 42
00010
00100
00001
00100
00010
01000
00100
10000
00001
00100
00010
00100
00001
00010
00100
00010
,  // measure 43
00001
00010
00100
01000
10000
01000
00100
00010
00001
00000
00000
00000
00000
00000
00000
00000
,  // measure 44
10001
10010
10001
01001
,  // measure 45
01000
01100
00010
00110
,  // measure 46
10001
00000
00000
00000
00100
00000
00000
00000
01010
00000
01000
00100
10000
00001
00100
00010
,  // measure 47
01000
00001
00100
00010
01000
00001
00100
00010
01000
00001
00100
00010
01000
00001
00100
00020
,  // measure 48
02000
00000
00000
03030
00000
00000
10000
00100
,  // measure 49
02000
00000
00000
00000
03001
00000
00001
00100
,  // measure 50
00020
00000
00000
00000
00000
00000
00000
00000
10030
00000
00000
00000
20000
30000
00002
00003
,  // measure 51
00200
00300
00020
00030
00200
00300
02000
03000
00200
00300
20000
30000
00200
00300
00002
00003
,  // measure 52
20000
00000
00000
00000
30000
00000
00000
00000
10001
00000
00001
10000
00100
01000
00100
10000
,  // measure 53
00001
01100
10000
00110
,  // measure 54
00001
00000
00000
00000
01100
00000
00000
00000
01010
00000
00010
00100
00001
10000
00100
01000
,  // measure 55
00010
10000
00100
01000
00010
10000
00100
01000
00010
10000
00100
01000
00010
10000
00100
02000
,  // measure 56
00020
00000
00000
03030
00000
00000
10000
00100
,  // measure 57
01000
00010
00100
00001
10000
00000
00001
00100
,  // measure 58
00010
00000
01000
00000
00100
00000
10000
00000
00001
00000
00000
00000
00002
00003
20000
30000
,  // measure 59
00200
00300
02000
03000
00200
00300
00020
00030
00200
00300
00002
00003
00200
00300
20000
30000
,  // measure 60
00002
00000
00000
00000
00003
00000
00000
00000
10001
00000
10000
00001
00100
00010
00100
00001
,  // measure 61
01000
00010
10000
00100
01000
00010
00100
00010
01000
00100
01000
00010
10000
00100
01000
00010
,  // measure 62
10000
00100
01000
00010
00100
00010
01000
00100
10000
00010
01000
00100
10000
00001
01000
00010
,  // measure 63
00100
00010
01000
00001
10000
00001
00100
00010
01000
00100
10000
00001
10000
00100
01000
00010
,  // measure 64
00100
00001
00010
00100
01000
00100
10000
01000
00100
00010
01000
00100
10000
00001
00100
00020
,  // measure 65
02000
00000
03030
00000