00000
00000
00000
00000
,
00000
00000
00000
00000
,
00000
00000
00000
00000
,
00100
00000
00100
00000
00100
00100
00100
00100
,
10000
10000
00100
01000
00010
00010
00100
00001
,
10000
00000
10000
00000
00100
00000
01000
00000
00010
00000
00100
00000
00001
10000
00100
01000
,
00010
00110
01000
01100
,
01110
00010
00100
00001
10000
00100
01000
01000
,
10000
00100
00001
10000
10001
00000
00010
00010
,
00001
00100
10000
00001
10001
00000
10000
00001
,
00100
00010
00100
00010
00100
01000
00100
01000
00100
10000
00100
10000
00100
00001
00100
00001
,
10000
00000
00001
00000
10000
00000
00001
00000
10000
00000
00001
10000
00001
10000
00001
10000
,
00010
00010
00100
00001
10000
10000
00100
01000
,
00010
00000
00010
00000
00100
00000
00001
00000
10000
00000
00100
00000
01000
00010
00100
00001
,
10000
10100
00001
00101
,
10101
10000
00100
01000
00010
00100
00001
00001
,
00010
00100
01000
00010
01010
00000
10000
10000
,
01000
00100
00010
01000
01010
00000
10000
00001
,
00100
00010
00100
00010
00100
01000
00100
01000
00100
10000
00100
10000
00100
00001
00100
00001
,
10000
00001
10000
00001
10000
00010
01000
00010
,
00110
00010
00100
00010
10000
00100
10000
00100
,
01000
10000
00100
00001
01000
10000
00100
00001
,
01000
00010
00100
00001
01000
00010
00100
00001
,
10000
00100
00001
00010
10000
00100
00001
00010
,
00100
00001
00010
00100
10000
01000
00100
00010
,
00001
00100
10000
00010
00001
00100
10000
00010
,
00100
00001
10000
00100
00010
00100
00010
00100
,
01000
00000
00010
00000
00100
00000
00001
00000
10000
00000
00001
10000
00001
10000
00001
10000
,
00020
00000
00000
00000
00000
00030
01000
10000
01000
00000
00100
00000
10000
00000
00000
00000
,
10000
01000
00100
00010
10000
01000
00100
00010
,
00200
00000
00000
00000
00000
00300
00010
00001
00010
00000
00100
00000
00001
00000
00100
00000
,
00001
00010
00100
01000
00001
00010
00100
01000
,
00200
00000
00000
00000
00000
00300
10000
00100
10000
01000
00100
00010
01000
00100
01000
00100
,
10000
00000
00010
00100
00001
00000
10000
00000
00100
00000
01000
00000
00010
00000
01000
00000
,
00200
00000
00000
00000
00000
00300
10000
01000
10000
00000
00100
00000
01000
00000
00100
00000
,
01000
00100
00010
00001
01000
00100
00010
10000
01000
00100
00010
00001
00010
00100
01000
00010
,
00100
00000
00001
00100
00001
00000
10000
00000
00100
10000
00100
10000
00100
10000
00100
00000
,
10100
00000
10000
00100
10000
00000
00010
00000
00100
00010
00100
00010
00100
00010
00100
00000
,
00110
00000
00010
00100
00010
00000
01000
00000
00100
01000
00100
01000
00100
01000
00100
00000
,
01100
00000
01000
00100
01000
00000
00001
00000
00010
00100
01000
10000
01000
00100
00010
00000
,
00101
00000
00001
00100
00001
00000
10000
00000
00100
10000
00100
10000
00100
10000
00100
00000
,
10100
00000
10000
00100
10000
00000
00010
00000
00100
00010
00100
00010
00100
00010
00100
00010
,
00001
00010
00100
01000
10000
00010
00100
01000
00001
00010
00100
01000
10000
00010
00100
01000
,
10000
00100
10000
00100
01000
00010
00100
00001
10000
00000
00000
00000
00000
00000
00000
00000
,
10001
00000
01001
00000
10010
00010
00100
00001
,
10000
10000
00100
01000
00010
00010
00100
00001
,
10000
00000
10000
00000
00100
00000
01000
00000
00010
00000
00100
00000
00001
10000
00100
01000
,
00010
00110
01000
01100
,
01110
00010
00100
00001
10000
00000
10001
00100
,
02020
00000
00000
03030
01010
00000
01010
00100
,
20002
00000
00000
30003
10001
00000
10000
00001
,
00100
00010
00100
00010
00100
01000
00100
01000
00100
10000
00100
10000
00100
00001
00100
00001
,
10000
00000
00001
00000
10000
00000
00001
00000
10000
00000
00001
10000
00001
10000
00001
10000
,
00010
00010
01100
00010
01000
01000
00110
01000
,
00001
00000
00001
00000
10100
00000
10000
00000
00101
00000
00001
00000
01000
00010
00100
00001
,
10000
10100
00001
00101
,
10101
10000
00100
01000
00010
00000
01010
00100
,
20002
00000
00000
30003
10001
00000
10001
00100
,
02020
00000
00000
03030
01010
00000
10000
00001
,
00100
00010
00100
00010
00100
01000
00100
01000
00100
10000
00100
10000
00100
00001
00100
00001
,
10000
00000
00001
00000
10000
00000
00001
00000
10000
00000
00001
00100
00010
10000
00100
01000
,
02002
00000
00000
03003
01001
00000
01001
00100
,
20020
00000
00000
30030
10010
00000
10000
00001
,
00100
00010
00100
00010
00100
01000
00100
01000
00100
10000
00100
10000
00100
00001
00100
00001
,
10000
00000
00001
00000
10000
00000
00001
00000
00100
00010
00100
01000
00100
10000
00100
00001
,
20000
00000
00000
00000
00000
00000
00000
30000
00000
00000
00000
00000
00000
00000
00000
00000