00000
00000
00000
00000
,
00000
00000
00000
00000
,
00000
00000
00000
00000
,
00000
00000
00000
00000
00000
01000
00010
00100
,
01000
00100
00000
00000
00100
00000
00000
00000
00010
00100
00000
00000
00100
00000
00000
00000
,
01010
00000
00000
00000
00000
00000
00000
00000
00000
00000
01000
00010
10000
00100
10000
00100
,
01001
10010
11000
10010
,
01001
00000
00000
00000
00000
00000
00100
00100
,
00010
01000
00001
10000
00100
00000
10000
10000
,
00010
00100
00001
10000
00100
00000
01000
00010
,
10000
00100
00001
01000
00100
00001
00100
10000
,
00010
00000
00100
00000
01000
00000
00010
00000
10000
00000
00001
01000
00100
10000
00100
10000
,
00010
00100
00000
00000
00100
00000
00000
00000
01000
00100
00000
00000
00100
00000
00000
00000
,
01010
00000
00000
00000
00000
00000
00000
00000
00000
00000
00010
01000
00001
00100
00001
00100
,
10010
01001
00011
01001
,
10010
00000
00000
00000
00000
00000
00100
00100
,
01000
00010
10000
00001
00100
00000
00001
00001
,
01000
00100
10000
00001
00100
00000
00010
01000
,
00001
00100
10000
00010
00100
10000
00100
00001
,
01000
00100
00010
01000
00001
10000
00001
00100
,
00010
01000
00100
10000
00010
00100
00001
10000
,
00100
01000
00100
00010
00100
00010
10000
00100
,
00001
10000
00010
01000
00100
10000
00001
00100
,
01000
00001
00100
10000
00100
01000
00010
00100
,
00001
00000
00001
01000
00100
10000
01000
00000
,
00100
00010
01000
00100
10000
00001
00100
00010
,
10000
00010
00100
00001
00010
00100
10000
01000
,
00100
00000
00001
00000
01000
00000
00100
00000
10000
00000
00100
10000
00010
00100
00001
01000
,
00100
00000
00000
00000
00000
00000
00100
10000
00001
00000
00100
00000
00010
00000
01000
00000
,
00100
10000
00100
01000
00100
01000
00010
00100
00010
10000
00100
10000
00001
00100
00010
01000
,
00100
00000
00000
00000
00000
00000
00100
10000
00001
00000
00100
00000
00010
00000
01000
00000
,
00010
00100
00010
00100
00010
10000
00010
10000
00001
00010
00100
10000
00010
00100
01000
10000
,
00001
00000
00000
00000
00000
00000
00001
10000
00010
00100
00010
01000
00100
01000
00001
10000
,
00001
00000
00001
00100
00001
00000
10100
00000
00010
00000
10000
00000
00100
00000
01000
00000
,
00010
00000
00000
00000
00000
00000
00010
01000
00100
00000
10000
00000
00001
00000
00100
00000
,
00001
00010
00100
01000
00010
00100
00001
01000
00100
10000
00010
00100
00001
00010
00001
01000
,
00100
10000
00100
01000
00010
00100
00010
00100
00001
00100
00001
00100
10000
00000
01000
00000
,
01110
00000
00100
10000
00001
00000
00100
00000
01000
00000
10000
00000
00100
00000
01000
00000
,
01101
00001
00010
00100
01000
00010
10000
00100
,
10000
01000
00100
00010
01000
00100
10000
00010
00100
00001
01000
00100
10000
01000
00100
00001
,
01000
00100
10000
00100
00001
00010
01000
00100
00010
00100
10000
00100
00001
01000
10000
00001
,
01000
00100
01000
00100
10000
00100
10000
00100
00001
00100
00001
00100
10000
00100
01000
10000
,
00010
00100
01000
10000
01000
00100
00010
00001
01000
00100
00010
00001
00010
00100
01000
10000
,
00010
00100
01000
10000
01000
00000
10010
00000
01001
00000
00000
00000
00000
00000
00000
00000
,
01001
10010
01010
10001
,
00001
00100
10110
00000
10000
00100
01101
00000
,
00001
00000
01000
00000
10110
00000
00010
00000
01101
00000
00001
00100
00010
01000
00010
01000
,
01010
00100
10010
00100
01001
10000
11000
00100
,
01001
00000
00000
00000
00000
00000
00100
00100
,
01000
00010
10000
00001
00100
00000
00001
00001
,
01000
00100
10000
00010
00100
00000
00010
01000
,
00001
00100
10000
01000
00100
10000
01000
00100
,
00001
00000
00000
00000
00000
00000
00000
00000
01010
00000
00010
01000
00010
01000
00010
01000
,
00010
01001
00100
10010
,
00100
00000
00000
00000
01101
00000
00000
00000
10110
00000
01000
00010
10000
00100
10000
00100
,
01001
10010
11000
01001
,
10010
00000
00000
00000
00000
00000
00100
00100
,
00010
01000
00001
10000
00100
00000
10000
10000
,
00010
00100
00001
01000
00100
00000
01000
00010
,
10000
00100
00001
00010
00100
00001
00010
00100
,
10000
00000
00000
00000
00000
00000
00001
01000
,
01010
00000
00000
00000
10101
00000
10000
00010
,
01010
00000
00000
00000
10101
00000
01000
00010
,
01100
00110
10000
00001
01100
00110
10100
00101
,
01010
00000
00000
00000
00000
00000
00000
00000
00001
10000
00010
00100
00001
10000
01000
10000
,
00110
00000
00000
00000