0000000000
0000000000
0000000000
0000000000
,
0000000000
0000000000
0000000000
0000000000
,
0000000000
0000000000
0000000000
0000000000
,
0000000000
0000000000
0000000000
0000000000
0000000000
0100000000
0001000000
0010000000
,
0100000000
0010000000
0000000000
0000000000
0010000000
0000000000
0000000000
0000000000
0001000000
0010000000
0000000000
0000000000
0010000000
0000000000
0000000000
0000000000
,
0101000000
0000000000
0000000000
0000000000
0000000000
0000000000
0000000000
0000000000
0000000000
0000000000
0100000000
0001000000
1000000000
0010000000
1000000000
0010000000
,
0100100000
1001000000
0001001000
0000001001
,
0000010010
0000000000
0000000000
0000000000
0000000000
0000000000
0000000100
0000000100
,
0000000010
0000001000
0000000001
0000010000
0000000100
0000000000
0000010000
0000010000
,
0001000000
0010000000
0000100000
0100000000
0010000000
0000000000
0100000000
0001000000
,
1000000000
0010000000
0000100000
0000001000
0000000100
0000000001
0000000100
0000010000
,
0001000000
0000000000
0010000000
0000000000
0100000000
0000000000
0001000000
0000000000
0000100000
0000000000
0000010000
0000001000
0000000100
0000010000
0000000100
0000010000
,
0000000010
0000000100
0000000000
0000000000
0000000100
0000000000
0000000000
0000000000
0000001000
0000000100
0000000000
0000000000
0000000100
0000000000
0000000000
0000000000
,
0000001010
0000000000
0000000000
0000000000
0000000000
0000000000
0000000000
0000000000
0000000000
0000000000
0000000010
0000001000
0000000001
0000000100
0000000001
0000000100
,
0000010010
0000001001
0001001000
1001000000
,
0100100000
0000000000
0000000000
0000000000
0000000000
0000000000
0010000000
0010000000
,
0100000000
0001000000
1000000000
0000100000
0010000000
0000000000
0000100000
0000100000
,
0000001000
0000000100
0000010000
0000000010
0000000100
0000000000
0000000010
0000001000
,
0000000001
0000000100
0000010000
0001000000
0010000000
1000000000
0010000000
0000100000
,
0000001000
0000000100
0000000010
0000001000
0000000001
0000010000
0000000001
0000000100
,
0000000010
0000001000
0000000100
0000010000
0000001000
0001000000
0010000000
0100000000
,
0010000000
1000000000
0010000000
0001000000
0010000000
0001000000
0000001000
0000000100
,
0000000010
0000000100
0000000010
0000001000
0000000100
0000001000
0000000001
0000000100
,
0000001000
0001000000
0010000000
0100000000
0010000000
0100000000
0001000000
0010000000
,
0000100000
0000000000
0000100000
0000001000
0000000100
0000010000
0000000010
0000000000
,
0000000100
0000000001
0000010000
0000000010
0000001000
0000000100
0000001000
0000000100
,
0000010000
0000000010
0000000100
0000010000
0000100000
0100000000
0010000000
0000100000
,
0001000000
0000000000
0000001000
0000000000
0000010000
0000000000
0000000001
0000000000
0000001000
0000000000
0000000100
0000010000
0000000010
0000000100
0000000001
0000001000
,
0000000100
0000000000
0000000000
0000000000
0000000000
0000000000
0000000100
0000010000
0000000001
0000000000
0000000100
0000000000
0000000010
0000000000
0000001000
0000000000
,
0000000100
0000010000
0000000100
0000001000
0000000100
0000001000
0000000010
0000000100
0000000010
0000010000
0000000100
0000010000
0000000001
0000000100
0000000010
0000001000
,
0000000100
0000000000
0000000000
0000000000
0000000000
0000000000
0000000100
0000010000
0000000001
0000000000
0000000100
0000000000
0000000010
0000000000
0000001000
0000000000
,
0000000100
0000010000
0000000100
0000010000
0000001000
0000100000
0000001000
0000100000
0000010000
0001000000
0000100000
0010000000
0001000000
0100000000
0010000000
1000000000
,
0000100000
0000000000
0000000000
0000000000
0000000000
0000000000
0000100000
1000000000
0001000000
0010000000
0001000000
0100000000
0010000000
0100000000
0000100000
1000000000
,
0000100000
0000000000
0000100000
0010000000
0000100000
0000000000
1010000000
0000000000
0001000000
0000000000
0000100000
0000000000
0000000100
0000000000
0000001000
0000000000
,
0000010000
0000000000
0000000000
0000000000
0000000000
0000000000
0000010000
0000100000
0000000100
0000000000
0000010000
0000000000
0000000001
0000000000
0000000100
0000000000
,
0000010000
0001000000
0010000000
0100000000
0001000000
0010000000
0000100000
0100000000
0010000000
1000000000
0001000000
0010000000
0000100000
0001000000
0000100000
0000001000
,
0000000100
0000010000
0000000100
0000001000
0000000010
0000000100
0000000010
0000000100
0000000001
0000000100
0000000001
0000000100
0000010000
0000000000
0000100000
0000000000
,
0000110100
0000000000
0000000100
0000010000
0000000001
0000000000
0000000100
0000000000
0000001000
0000000000
0001000000
0000000000
0000100000
0000000000
0010000000
0000000000
,
0010110000
0000010000
0000100000
0000010000
0001000000
0000001000
0000010000
0000000100
,
0000100000
0000001000
0000000100
0000000010
0000001000
0000000100
0000010000
0000000010
0000000100
0000000001
0000001000
0000000100
0000010000
0000001000
0000100000
0001000000
,
0100000000
0010000000
1000000000
0010000000
0000100000
0000010000
0001000000
0000100000
0100000000
0010000000
1000000000
0010000000
0000100000
0000001000
0000100000
0000010000
,
0000001000
0000000100
0000001000
0000000100
0000010000
0000000100
0000010000
0000000100
0000000001
0000000100
0000000001
0000000100
0000010000
0000000100
0000001000
0000010000
,
0001000000
0010000000
0100000000
1000000000
0100000000
0010000000
0001000000
0000100000
0000001000
0000000100
0000000010
0000000001
0000000010
0000000100
0000001000
0000010000
,
0001000000
0010000000
0100000000
1000000000
0100000000
0000000000
1001000000
0000000000
0100100000
0000000000
0000000000
0000000000
0000000000
0000000000
0000000000
0000000000
,
0100100000
1001000000
0001001000
0000110000
,
0000000100
0000100000
0000111000
0000000000
0010000000
0000100000
0001110000
0000000000
,
0000000100
0000000000
0001000000
0000000000
0010101000
0000000000
0000001000
0000000000
0001010100
0000000000
0000000100
0010000000
0000001000
0001000000
0000001000
0001000000
,
0001001000
0000000100
0000010010
0000000100
0000001001
0000010000
0000101000
0000010000
,
0001010000
0000000000
0000000000
0000000000
0000000000
0000000000
0010000000
0010000000
,
0100000000
0001000000
1000000000
0000100000
0010000000
0000000000
0000100000
0000100000
,
0000001000
0000000100
0000010000
0000000010
0000000100
0000000000
0000000010
0000001000
,
0000000001
0000000100
0000010000
0001000000
0010000000
1000000000
0010000000
0000100000
,
0000001000
0000000000
0000000000
0000000000
0000000000
0000000000
0000000000
0000000000
0001001000
0000000000
0000001000
0001000000
0000001000
0001000000
0000001000
0001000000
,
0000001000
0000001010
0001000000
0101000000
,
0010000000
0000000000
0000000000
0000000000
0110100000
0000000000
0000000000
0000000000
1011000000
0000000000
0100000000
0001000000
1000000000
0010000000
1000000000
0010000000
,
0100100000
1001000000
0001001000
0000001001
,
0000010010
0000000000
0000000000
0000000000
0000000000
0000000000
0000000100
0000000100
,
0000000010
0000001000
0000000001
0000010000
0000000100
0000000000
0000010000
0000010000
,
0001000000
0010000000
0000100000
0100000000
0010000000
0000000000
0100000000
0001000000
,
1000000000
0010000000
0000100000
0000001000
0000000100
0000000001
0000000100
0000010000
,
0001000000
0000000000
0000000000
0000000000
0000000000
0000000000
0001000000
0000001000
,
0000001010
0000000000
0000000000
0000000000
0000010101
0000000000
0000001000
0001000000
,
0101000000
0000000000
0000000000
0000000000
1010100000
0000000000
0100000000
0001000000
,
0110000000
0011000000
0000100000
0000010000
0000001100
0000000110
0000010100
0000000101
,
0000001010
0000000000
0000000000
0000000000
0000000000
0000000000
0000000000
0000000000
0000000001
0000010000
0000000010
0000000100
0000000001
0000010000
0000001000
0000010000
,
0000000110
0000000000
0000000000
0000000000