00000
00000
01010
00000
,
00000
00000
10001
00000
,
00000
00000
01001
00000
,
00000
00000
10010
00000
,
00100
00000
01010
00000
00100
10100
00000
00110
,
10000
00100
10000
00010
00100
00101
00000
01100
,
00001
00100
00001
01000
00100
10100
00000
00101
,
01000
00010
10000
00100
10000
00001
00100
00001
,
10001
00000
01010
00000
00100
01100
00000
00110
,
10000
00100
01000
00100
10000
00110
00000
01100
,
00001
00100
00010
00100
00001
01001
00000
10010
,
10000
00100
01000
00100
10000
00001
00100
00010
,
01010
00000
10001
00000
01000
00100
00010
00100
,
01000
00100
10000
00000
00010
00100
01000
00000
,
01000
00100
00010
00100
00001
10000
00100
01000
,
00010
01000
00100
10000
00001
00100
00010
00001
,
01000
10000
00100
00000
01001
00000
10010
00000
,
01001
10010
01001
10010
,
01010
00000
10001
00000
10100
00010
01000
00001
,
00100
00010
00100
00001
10000
00100
01000
00100
,
10000
00001
00100
00000
00101
10000
00100
01000
,
00010
10000
00001
00000
01000
00010
10000
00001
,
01000
10000
00010
00001
00101
00000
01100
00000
,
00101
01000
00101
00000
10001
00000
01010
00000
,
10010
00100
01001
00000
01000
01000
00010
00010
,
10000
10000
00001
00001
00100
00010
01000
00001
,
10000
00010
01000
00001
10001
00000
10010
00000
,
10100
00010
10100
00000
10001
00000
01010
00000
,
01001
00100
10010
00000
00010
00010
01000
01000
,
00001
00001
10000
10000
00100
01000
00010
10000
,
00001
01000
00010
10000
10001
00000
11000
00000
,
10001
00000
00011
00000
01000
00010
10000
00001
,
01000
10000
00010
00001
00100
00010
01000
00000
,
01010
00000
00100
10000
00000
00100
00001
00000
,
10001
00000
00000
00000
00100
01000
00010
00000
,
01010
00000
00100
00001
00000
00100
10000
00000
,
10001
00000
00000
00000
10010
00100
01001
00000
,
01010
00000
01000
10000
00000
10000
01000
00000
,
01010
00000
00000
00000
01001
00100
10010
00000
,
01010
00000
00010
00001
00000
00001
00010
00000
,
01010
00000
00000
00000
01000
00100
01000
00010
,
10000
00100
10000
00001
01000
00010
10000
00001
,
01000
00010
01010
00000
00010
00100
00010
01000
,
00001
00100
00001
10000
00010
01000
00001
10000
,
00010
01000
01010
00000
01000
00100
01000
00001
,
10000
00100
10000
00010
01000
10000
00010
00001
,
01000
00010
01010
00000
00010
00100
00010
10000
,
00001
00100
00001
01000
00010
00001
01000
10000
,
00010
01000
01010
00000
01100
01100
01100
00000
,
00110
00110
00110
00000
10100
10100
10100
00000
,
00101
00101
00101
00000
00100
00000
10010
00000
,
00100
00000
01001
00000
01010
01010
01010
01010
,
02020
03030
00000
00000