00000
00000
01110
00100
,
00000
00100
10110
00100
,
00000
00100
10101
00100
,
00000
00000
00000
00000
00100
00000
00000
00000
01000
00001
00100
00001
01000
00100
01000
00001
,
00100
00000
01101
00000
00001
01100
00010
01100
,
00001
00010
00100
01000
00001
00100
00010
01000
00001
00000
01100
00000
00010
00000
01100
00000
,
00001
00100
00010
00001
00100
10000
00100
01000
00001
00000
01100
00000
00010
00000
01100
00000
,
00001
01000
00100
10000
00010
00100
00001
01000
00100
10000
01000
00100
01000
10000
00100
01000
,
00010
00100
00001
00100
00020
00000
00030
00000
10000
00000
00110
00000
01000
00000
00110
00000
,
10000
01000
00100
00010
10000
00100
01000
00010
10000
00000
00110
00000
01000
00000
00110
00000
,
10000
00100
01000
10000
00100
00001
00100
00010
10000
00000
00110
00000
01000
00000
00110
00000
,
10000
00010
00100
00001
01000
00100
10000
00010
00100
00001
00010
00100
00010
00001
00100
00010
,
01000
00100
10000
00100
02000
00000
03000
00000
00001
00100
00001
01000
00020
00030
10000
00100
,
10000
00010
01000
00100
20000
00000
30000
00000
00001
00100
00010
01000
00100
01000
00001
00100
,
00010
01000
00100
10000
01000
00100
00010
00001
00010
00100
00001
00010
00100
00010
00001
00100
,
00010
00100
01000
00100
00010
10000
00100
01000
00100
10000
01000
00100
00010
10000
00100
01000
,
00010
00100
00001
00010
00100
01000
00100
10000
00002
00000
00003
00000
01001
00000
01100
00000
,
01010
00110
10010
10100
10001
00000
00100
00000
,
01010
00000
00000
00000
01110
00000
00000
00000
10000
00100
01000
10000
00100
10000
01000
00100
,
10000
01000
00100
00010
10000
00100
01000
00010
00100
00001
00010
00100
01000
00001
00100
00010
,
10000
00100
00001
00100
10000
00001
00100
00010
01000
00100
10000
01000
10000
00100
01000
10000
,
01000
00100
00010
00001
00100
00010
00001
00010
00100
00001
00010
00100
01000
00100
10000
01000
,
00100
00001
00010
00100
10000
01000
00100
00001
20000
00000
30000
00000
00010
00000
01000
00000
,
00001
00000
01000
00000
00010
00000
00001
00100
10000
00000
00100
00000
01000
00000
00010
00000
,
00100
00001
00010
00100
01001
01000
00001
00100
,
00010
10000
01000
00100
10010
10000
00010
00100
,
00001
00000
01000
00000
00010
00100
00010
00100
00002
00000
00003
00000
00011
00000
00101
00000
,
00110
01010
01100
10100
11000
10100
01100
01010
,
00110
00101
01001
10010
10000
00010
00100
00010
,
10000
00001
01000
00100
01000
00001
00010
10000
,
01000
00000
00010
00000
00001
00000
00100
00000
10000
00010
10000
00100
10000
00010
10000
00100
,
10000
00010
10000
00100
10000
00010
10000
00100
01000
00001
01000
00100
01000
00001
01000
00100
,
01000
00010
00100
00001
00010
00100
01000
00010
20000
30000
00200
00300
02000
03000
20000
30000
,
02000
03000
00200
00300
20000
30000
00020
00030
00200
00300
02000
03000
20000
30000
00200
00300
,
02000
03000
20000
30000
11100
00000
00000
00000
02000
03000
00020
00030
00200
00300
02000
03000
,
00020
00030
02000
03000
00200
00300
00020
00030
02000
03000
00002
00003
00200
00300
00020
00030
,
01000
00100
00010
00100
01000
00010
01000
00000
00020
00030
00200
00300
00002
00003
00020
00030
,
00002
00003
00200
00300
00020
00030
20000
30000
00200
00300
00002
00003
00020
00030
00200
00300
,
00002
00003
00020
00030
00111
00000
00000
00000
00002
00003
20000
30000
00200
00300
00002
00003
,
20000
30000
00002
00003
00200
00300
20000
30000
00002
00003
02000
03000
00200
00300
20000
30000
,
00001
00100
10000
00100
00001
10000
00001
00000
01000
00100
10000
00010
00100
00010
10000
00100
,
01000
00100
10000
01000
00100
00010
10000
00100
02000
03000
00020
00030
00200
00300
00002
00003
,
00020
00030
00200
00300
02000
03000
00002
00003
10000
00100
01000
00010
00100
01000
10000
00100
,
01000
00001
00100
00001
01000
00100
00010
00001
01000
00100
00010
10000
01000
00100
00010
00100
,
01000
00100
10000
01000
00100
00010
20000
30000
00010
00100
00001
01000
00100
01000
00001
00100
,
00010
00100
00001
00010
00100
01000
00001
00100
00020
00030
02000
03000
00200
00300
20000
30000
,
02000
03000
00200
00300
00020
00030
20000
30000
00001
00100
00010
01000
00100
00010
00001
00100
,
00010
10000
00100
10000
00010
00100
01000
10000
00010
00100
01000
00001
00010
00100
01000
00100
,
00010
00100
00001
00010
00100
01000
00002
00003
10000
00110
10000
00110
20000
30000
00001
01100
,
00001
01100
00002
00003
01001
00000
01101
00000
00010
10100
00010
10100
00020
00030
01000
00101
,
01000
00101
02000
00000
03001
00000
01101
00000
00010
01100
00010
01100
00020
00030
01000
00110
,
01000
00110
02000
00000
03010
00000
01110
00000
00110
10000
00001
01100
00001
10000
00110
10000
,
00002
00000
10103
00000