// measure 0
00000
00000
01110
00000
,  // measure 1
00000
00000
10101
00000
,  // measure 2
00000
00000
01101
00000
,  // measure 3
00000
00000
10110
00000
,  // measure 4
00100
00000
01010
00000
00000
10000
00000
00110
,  // measure 5
01000
00100
10000
01000
00100
00010
01000
00001
00100
00000
00001
00000
00000
00000
01100
00000
,  // measure 6
00010
00100
00001
00010
00100
01000
00010
10000
00100
00000
10000
00000
00000
00000
00001
00000
,  // measure 7
01100
00010
10000
00100
01000
00001
00100
00010
01100
10000
00100
00010
00001
00100
10000
00001
,  // measure 8
10001
00000
01010
00000
00000
01100
00000
00110
,  // measure 9
10000
00010
00100
00001
01000
00100
00010
00100
10000
00000
00101
00000
00000
00000
10100
00000
,  // measure 10
00010
10000
00100
01000
00001
00100
10000
00100
00010
00000
01000
00000
00000
00000
00010
00000
,  // measure 11
00101
10000
00010
00100
00001
01000
00100
10000
00101
00010
00100
10000
01000
00100
00010
01000
,  // measure 12
01010
00000
00000
00000
10001
00000
00000
00000
01000
00010
10000
00100
00001
00000
00010
01000
,  // measure 13
00001
00100
10000
00000
00100
00000
00000
00000
00010
01000
00100
10000
00001
00000
00000
00000
,  // measure 14
01000
00001
00100
00010
10000
00100
01000
00010
00100
10000
00001
00100
00010
00001
10000
01000
,  // measure 15
00001
10000
00100
01000
10000
00001
00100
10000
00100
01000
00100
00010
00100
00001
00100
10000
,  // measure 16
00100
00010
01000
00100
10010
00000
00000
00000
01001
00000
00000
00000
10010
00000
00000
00000
,  // measure 17
01001
10010
01001
10010
,  // measure 18
01101
00000
00000
00000
10110
00000
00000
00000
01100
01000
00001
00100
00010
01000
00010
10000
,  // measure 19
00110
00010
10000
00100
01000
00010
01000
00001
10000
01000
00100
00001
00010
00100
10000
01000
,  // measure 20
00100
00010
01000
00100
10000
00001
00000
00000
01100
00010
00001
00100
01000
00001
00010
10000
,  // measure 21
00100
00001
01000
00010
00100
00000
00000
00000
00010
00010
01000
01000
00001
00001
10000
10000
,  // measure 22
00001
00100
10000
00100
00001
00100
10000
00100
00001
00000
00000
00000
01000
00000
00000
00000
,  // measure 23
00110
10000
00110
00000
10000
00000
00010
00000
,  // measure 24
01100
00001
01100
00000
00110
00010
10100
10000
,  // measure 25
00101
00001
01100
01000
00100
10000
00001
00100
,  // measure 26
00001
00000
10000
00000
00001
01000
00010
10000
00100
00000
00000
00000
10001
00000
00000
00000
,  // measure 27
00110
01100
00110
00000
10001
00000
01010
00000
,  // measure 28
10100
00101
10100
00000
00010
10100
01000
00101
,  // measure 29
10000
00110
00001
01100
00010
10000
00001
01000
,  // measure 30
00010
10000
01000
00001
00010
01000
00001
00100
01010
00000
00000
00000
00011
00000
00000
00000
,  // measure 31
10001
00000
11000
00000
00100
00100
00100
00100
,  // measure 32
00001
00010
10000
01000
00010
10000
00001
01000
00100
00000
10000
00000
00001
00000
00000
00000
,  // measure 33
01100
00000
00010
00011
00000
00100
10000
00000
,  // measure 34
11100
00000
00000
00000
00100
00001
10000
00000
,  // measure 35
00110
00000
01000
11000
00000
00100
00001
00000
,  // measure 36
00111
00000
00000
00000
00011
11000
00011
00000
,  // measure 37
00011
00000
00100
11000
00000
01000
00100
00010
,  // measure 38
01000
00100
00010
00000
11000
00011
11000
00000
,  // measure 39
11000
00000
00100
00011
00000
00001
00100
10000
,  // measure 40
00001
00100
10000
00000
01000
00100
01000
00010
,  // measure 41
10000
00100
10000
00001
01100
10000
00110
00001
,  // measure 42
01100
00101
01101
00000
00010
00100
00010
01000
,  // measure 43
00001
00100
00001
10000
00110
00001
01100
10000
,  // measure 44
00110
10100
10110
00000
00001
00010
00100
01000
,  // measure 45
00010
00100
00010
10000
00110
10100
00110
10100
,  // measure 46
00101
01100
01110
00000
10000
01000
00100
00010
,  // measure 47
01000
00100
01000
00001
01100
00101
01100
00101
,  // measure 48
10100
00000
00110
00000
01110
00000
00000
00000
01010
01010
01010
01010
01010
00000
00011
00011
,  // measure 49
00011
00011
00011
00000
00100
00000
00000
00000
11000
11000
11000
11000
11000
00000
10001
10001
,  // measure 50
10001
10001
10001
00000
00100
00000
00000
00000
10001
00000
00000
00000
11011
00000
00000
00000
,  // measure 51
01010
00000
00000
00000
11011
00000
00000
00000
01000
01000
00010
00010
01000
00001
10000
00010
,  // measure 52
01010
00000
00000
00000