00000
00000
00000
00000
00000
00000
00000
00000
02000
00000
00000
00000
00100
00000
00000
00000
00000
00000
00000
00000
03100
00000
00000
00000
00020
00000
00000
00000
00100
00000
00000
00000
00000
00000
00000
00000
00130
00000
00000
00000
00002
00000
00000
00000
00100
00000
00000
00000
00000
00000
00000
00000
00103
00000
00000
00000
10000
10100
10101
00101
10001
10100
10101
00101
,
00001
00000
00000
00000
10101
00000
00000
00000
00000
00000
01110
00000
00000
00000
01110
00000
00010
00100
00010
01000
00100
01000
00010
00100
00001
00000
10101
00000
00000
00000
10101
00000
10000
00100
10000
00001
00100
00001
10000
00100
01000
00000
01110
00000
00000
00000
01110
00000
00010
01000
00100
10000
00100
01000
00010
00100
00001
00000
01000
00100
01000
00100
01000
00001
,
00010
00100
00010
00100
00010
00000
00000
00000
00000
00000
10101
00000
00000
00000
10101
00000
10000
00100
10000
00001
00100
00001
10000
00100
01000
00000
01110
00000
00000
00000
01110
00000
00010
00100
00010
01000
00100
01000
00010
00100
00001
00000
10101
00000
00000
00000
10101
00000
10000
00001
00100
00010
00100
00001
10000
00100
01000
00000
00001
00100
00001
00100
00001
01000
,
10000
00100
10000
00100
10000
00000
00000
00000
01000
00100
01000
00100
10000
00000
01000
00100
01000
00100
10000
00000
00000
00000
00000
00000
00010
00110
01110
01100
01010
00110
01110
01100
01000
00000
00000
00000
00000
00000
00000
00000
00001
01000
00010
01000
00001
01000
00010
00100
00010
01000
00001
00000
01000
00100
01000
00100
10000
00000
01000
00100
01000
00100
01000
00100
,
01000
00100
01000
00100
10000
00000
00000
00000
11100
00000
00000
00000
10110
00000
00000
00000
10101
00000
00000
00000
01101
00000
00000
00000
00111
00000
00000
00000
01101
00000
00000
00000
01110
00000
00000
00000
01110
00000
00000
00000
00010
00100
00010
00100
00001
01000
00001
01000
00010
00100
00010
00100
00010
00100
00010
00100
00001
01000
00001
01000
00010
00100
00010
00100
,
00001
01000
00001
01000
00010
10000
00001
01000
00100
10000
00100
10000
00100
10000
00100
10000
00100
10000
01000
00100
00010
00000
00000
00000
01000
00100
01000
00100
01000
00100
01000
00100
01000
00000
01010
00000
01110
00000
00000
00000
10101
00000
00000
00000
10101
00000
00000
00000
10101
00000
00000
00000
10101
00000
00000
00000
01101
00000
00000
00000
01101
00000
00000
00000
,
01101
00000
01101
00000
01000
01000
00100
00000
10000
00100
10000
01000
00000
10000
00100
10000
00010
00100
00001
00000
10000
00000
10101
00000
10101
00000
10101
00000
10110
00000
10110
00000
,
10110
00000
00000
00000
10110
00000
00000
00000
00010
00000
00010
00000
00100
00000
00000
00000
00001
00000
00100
00000
00001
00000
00010
00000
00000
00000
00001
00000
00100
00000
00001
00000
01000
00000
00100
00000
10000
00100
10000
00100
10000
00000
10100
00000
10100
00000
10100
00000
10100
00000
10100
00000
10100
00000
10100
00000
10000
00000
10101
00000
10101
00000
10101
00000
,
10000
10100
10101
00101
10001
10100
10101
00101
00001
00000
00100
00000
00001
00000
00000
00000
01000
00000
00100
00000
01000
00000
10000
00000
00000
00000
01000
00000
00100
00000
01000
00000
00010
00000
00100
00000
00110
00000
00000
00000
10000
00000
00100
00000
10000
00000
00000
00000
00010
00000
00100
00000
00010
00000
00001
00000
00000
00000
00010
00000
00100
00000
00010
00000
,
01010
00100
10000
00000
00010
00100
00110
00000
10000
00100
10000
01000
00000
10000
00100
10000
00001
00100
00010
00000
01000
00010
01110
00000
00001
00100
00001
00020
00030
00001
00100
00001
,
10000
00100
10000
00000
00010
00100
00010
00100
00001
00000
00001
00000
00100
00000
00100
00000
00001
00000
00001
00000
01000
00000
00100
00000
00000
00000
10000
00000
00100
00000
10000
00000
00010
00000
10000
00000
10010
00000
00000
00000
10000
00000
10000
00000
00100
00000
00100
00000
10000
00000
10100
00000
00010
00000
00100
00000
00000
00000
00001
00000
00100
00000
00001
00000
,
01000
00000
00001
00000
01000
00100
01000
00000
00010
00000
00100
00000
00010
00000
00100
00000
00010
00000
00010
00000
10000
00000
00100
00000
00000
00000
01000
00000
00100
00000
01000
00000
00001
00100
00001
00000
01000
00100
01000
00100
01000
00000
00100
00000
01000
00000
00001
00000
01001
00000
02000
00000
03002
00000
00203
00000
00300
00000
00010
00000
00100
00000
00010
00000
,
10000
00100
10000
00100
10000
00100
10000
00000
10000
11000
11100
01100
00100
00000
01000
01100
01110
00110
00010
00000
00000
00000
00000
00000
00001
00011
00111
00110
00100
00000
00010
00110
01110
01100
01000
00000
00000
00000
00000
00000
10000
11000
11100
01100
00100
00000
00100
00110
00111
00011
00001
00000
00000
00000
00000
00000
00001
00011
00111
01111
11111
11110
11100
11000
,
10000
00000
00000
00000