00000
00000
01110
00100
,
00100
00100
10101
00100
,
00100
00100
11100
00100
,
00100
00000
00000
00000
00100
00000
00000
00000
00110
10000
00001
01000
00110
10000
00001
01000
,
00110
00000
00000
00000
01110
00000
00000
00000
01000
00100
00001
00010
00100
10000
01000
00100
,
00010
00001
00100
00010
10000
00100
01000
00001
10000
01000
00100
00001
00010
00100
10000
00100
,
00010
00001
00100
01000
10000
00100
00010
00001
00100
10000
01000
00010
10000
01000
00100
00010
,
01000
00100
00010
00100
10000
00100
00001
00100
10000
01000
00100
00001
00010
00100
10000
01000
,
00100
00010
10000
00001
01100
00000
00000
00000
00001
10000
00110
01000
00001
10000
00110
01000
,
00001
10000
01000
00100
00010
01000
00100
10000
00001
10000
00110
01000
00100
10000
00101
01000
,
10000
01000
00100
10000
00001
10000
01000
10000
00001
01000
10100
01000
00010
10000
00101
10000
,
01000
00100
00010
10000
00001
00010
00100
10000
01000
00100
00001
00010
00100
01000
00001
00100
,
01000
10000
00100
01000
00101
00000
00000
00000
20000
30110
00000
00000
02000
03101
00000
00000
,
20000
30101
00000
00000
02000
03110
00000
00000
10000
01100
00001
00010
01100
00001
10000
00110
,
02000
00000
00000
00000
00000
00000
03000
00000
00110
10000
00001
01000
10100
01000
00001
10000
,
00110
01000
00001
10100
00010
01000
00001
10000
01100
10000
00010
01000
00101
10000
00110
01000
,
00101
10000
01100
10000
00110
10000
00102
00000
10000
00000
00000
00000
00100
00000
00000
00000
,
01000
00010
01100
01100
,
01100
00000
00000
00000
10103
00000
00000
00000
10000
00110
01000
00110
10000
00110
00001
00110
,
10000
00101
01000
00101
00010
00101
01000
00110
10000
00101
01000
00110
00001
00110
10000
00101
,
01000
00110
10000
00101
02000
00000
03000
00000
00101
00010
00101
01000
00101
00010
00101
01000
,
00101
00010
00101
01000
00101
00010
00101
00000
10000
00110
10000
01100
10000
00110
10000
01100
,
10000
00110
10000
01100
10000
00000
00000
00000
10100
00000
10001
00000
00101
00000
00110
00000
,
01010
01001
10001
11000
01100
00110
01010
11000
,
10010
00011
00101
00110
10010
01100
00001
00010
,
01100
00001
10000
01100
10000
00101
01000
10100
,
01000
00000
00110
01000
10100
01000
00110
01000
10100
01000
00110
00000
10110
00000
01110
00000
,
01101
10101
10110
01110
11100
01101
10101
11100
,
10110
01110
10110
10101
01101
01110
10110
10101
,
01101
10101
01101
00111
10101
11100
10101
01110
,
00111
11100
01110
10110
10101
00000
01110
00000
,
00111
11100
10101
01110
,
01100
00010
01100
00001
01100
10000
01100
00001
01100
00000
00001
00000
10000
00000
00000
00000
,
01110
00000
10101
10101
00000
00111
01101
00000
,
20102
00000
30103
00000
01000
00010
00100
00000
,
10101
00000
01110
01110
00000
11100
01101
00000
,
02120
00000
03130
00000
01000
10000
00100
00000
,
00111
00000
01101
01101
00000
10101
10110
00000
,
02120
00000
03130
00000
00010
00001
00100
00000
,
11100
00000
10110
10110
00000
01110
10101
00000
,
01100
00001
01100
00000
00101
01000
00101
00010
00101
01000
00101
10000
00010
00100
00001
10000
,
00100
01000
10000
00100
00001
00010
00100
01000
00010
00001
00100
10000
00010
00100
01000
10000
,
00001
00010
00100
01000
00001
00100
00010
10000
01000
00100
00001
00010
00100
10000
01000
00100
,
00010
10000
00001
00010
00100
01000
00010
00100
01000
10000
00001
01000
10000
00010
00001
10000
,
01100
10000
00110
10000
01100
10000
00110
10000
01000
00001
00100
10000
01000
00110
10000
01000
,
00100
00010
10000
00001
00010
00100
01000
00101
10000
01100
00001
00010
10100
00001
01100
00001
,
00110
00001
01100
00010
10000
00100
01000
00010
00100
00001
10100
00010
01000
00101
10000
01000
,
00100
00010
10100
00001
00010
00100
01000
00001
10100
00010
01000
00110
10000
01100
10000
00110
,
01000
00000
10100
00000
01000
00000
00101
00000
10000
00000
01100
00000
10000
00000
00101
00000
01000
00100
01000
00100
01000
00100
01000
00100
01000
00100
01000
00000
00010
00100
00010
00100
,
00010
00100
00010
00100
00010
00100
00010
00100
00010
00000
00000
00000
00000
00000
00000
00000
10000
00100
10000
00100
10000
00100
10000
00100
10000
00000
00000
00000
00001
00100
00001
00100
,
00001
00100
00001
00100
00001
00100
00001
00000
00000
00000
00000
00000
00000
00000
00000
00000
00001
00100
01000
00001
00100
01000
00001
00100
01000
00001
00100
01000
00000
10000
00100
00010
,
10000
00100
00010
10000
00100
00010
10000
00100
00010
00000
00000
00000
00000
00000
00000
00000
00001
00100
00010
01000
00100
10000
00001
00100
00010
01000
00100
10000
00001
00100
00010
01000
,
00202
00000
00000
00000
00000
00303
00000
00000