00001
00000
00000
00000
10000
00000
00000
00000
00100
00001
00100
10000
00001
00100
10000
00100
,
00001
01000
00010
10000
,
00001
00000
00000
00000
01000
00000
00010
00100
00001
00000
10000
00000
00110
00000
00000
00000
,
00100
00000
00000
00000
10010
00000
00000
00000
00100
00000
00100
00000
01001
00000
00001
00100
,
00010
00000
10000
00100
01000
00000
00001
00010
00100
00000
10000
01000
00100
00000
00010
00100
,
00010
00000
01000
00100
00010
00000
00001
00000
10000
00000
00010
00000
01010
00000
00100
00000
,
10000
00010
00100
01000
10000
00000
00001
00100
00010
00000
10010
00000
00100
00000
10010
00000
,
00001
01000
00100
00010
00001
00000
10000
00000
00100
00000
01000
00000
01010
00000
00100
00000
,
00000
00000
01001
00000
00000
00000
10010
00000
00000
00000
00100
00000
10000
00100
00000
00000
,
01000
00000
00010
00100
00000
00101
00000
10000
00000
00000
00001
00000
00010
00000
00100
00000
,
01000
00000
01000
00000
00100
00000
10000
00000
01001
00000
00100
00000
10010
00000
00100
01000
,
00010
00100
00100
00001
10000
00100
01000
00001
,
20000
00000
00000
00000
00001
00000
00000
00000
30100
00000
00002
00000
00003
00100
00000
00000
,
00010
00000
01000
00100
00000
01000
00000
00100
00000
00000
10000
00000
10100
00000
00010
00000
,
00100
00000
01000
00000
10000
00000
00100
00000
01000
00000
00100
00000
10010
00000
00001
00010
,
00100
01000
00010
00100
00020
01030
00100
10000
,
00020
00000
00000
10030
00000
00000
00000
00000
00001
00100
10000
00100
00001
00000
01000
00100
,
00000
10000
00001
00100
10000
01000
00100
00010
00001
00100
00010
01000
00100
00000
10000
00100
,
00000
01000
00010
00100
01000
10000
00100
00001
00011
00000
00100
00000
11000
00000
00100
00100
,
01001
00000
00100
00000
10010
00000
00100
00000
00001
00010
00100
01000
00000
10000
01000
00100
,
10000
00000
01000
00100
00010
00100
00001
00010
00000
00000
00100
00000
01000
00002
00000
00000
,
10003
00000
00000
00000
10000
00000
00000
00000
00010
00000
00001
00000
00010
00100
00001
02000
,
00000
03001
00100
00010
01000
00100
10000
00020
,
00000
00000
00130
00000
00000
00000
00002
00000
00003
00000
10000
00000
00100
00000
01000
00100
,
00000
00010
00010
00001
01000
00100
01000
00010
,
10000
00000
00000
00000
00100
00000
01000
00000
00010
00000
00100
00000
00010
00100
01000
10000
,
00000
00010
00000
01000
00100
01000
00010
00100
,
00001
10000
00100
00000
01000
00100
01000
00100
,
00010
00100
01000
00100
00010
00100
01000
00000
,
00001
00000
10000
00000
10100
00000
00010
00000
01010
00000
00001
00000
00101
00000
01000
00010
,
00000
00000
10000
00000
00001
00000
00100
00000
01100
00000
10000
00000
00100
00000
01000
00010
,
00100
00001
00101
01000
01100
10000
10100
00010
,
01010
00000
00100
00000
01001
00000
00100
00000
10010
00000
00010
01000
00100
10000
00001
00000
,
01000
00010
10100
00101
01010
00100
10000
00100
,
01000
00010
00100
00000
00001
00000
10000
00000
01001
00000
00100
00000
10010
00000
01000
00100
,
01000
00010
00100
00001
00010
00100
01000
00100
,
10000
00001
00000
00001
10010
00100
01001
00000
,
00010
10000
00101
10100
01010
00100
00001
10000
,
01000
00100
00010
00000
01000
00000
00100
00000
01000
00000
00010
00000
00001
00000
00001
00100
,
10000
00001
00100
00001
01010
00100
01000
00010
,
01100
00000
00000
00000
00110
00000
00000
00000
01000
00100
10000
00100
00001
00000
00000
00000
,
00010
00011
00001
01001
01000
11000
10000
10010
,
00100
10001
00100
00011
00100
11000
00100
01010
,
10101
00000
00000
00000