000000
000000
202000
000000
,
303000
000000
000202
000000
,
000303
000000
020200
000000
,
030300
000000
000000
000000
000000
000000
000000
000000
000100
010000
000010
001000
000001
000100
000010
001000
,
000200
000300
200200
300300
100000
101000
000000
001010
,
000010
000100
000001
000100
000010
000000
001000
000100
000010
000000
000011
000000
000000
000000
001010
000000
,
001000
010000
100000
010000
001000
000000
000100
010000
001000
000000
101000
000000
000000
000000
001010
000000
,
001000
000001
000010
000001
001000
000000
000100
010000
001000
000000
100000
000010
001000
000001
000010
000100
,
010000
000100
010000
000100
010100
000000
000000
000000
000001
000000
000101
000000
000000
000000
010100
000000
,
010000
001000
100000
001000
010000
000000
000100
001000
010000
000000
110000
000000
000000
000000
010100
000000
,
000100
000010
000001
000010
000100
000000
001000
000010
000100
000000
000101
000000
000000
000000
010100
000000
,
000100
100000
010000
100000
000100
000000
001000
000010
000100
000000
000001
010000
000100
100000
010000
001000
,
000010
001000
000010
001000
001010
000000
000000
000000
000001
000010
000001
000010
000001
000000
100000
001000
,
100000
001000
100000
000000
020000
000000
030000
000000
001000
010000
001000
010000
001000
000010
001000
000010
,
000100
000010
000100
000000
000001
000100
000001
000000
000010
000001
000100
000001
000010
000001
000100
000001
,
000010
000100
001000
000000
010000
100000
001000
100000
010000
000000
001000
000100
000010
000100
001000
010000
,
001000
000100
000010
000001
000100
000000
000000
000000
000101
000000
000000
000000
000010
000000
001000
000000
,
001010
001100
010100
100100
100000
000000
101000
000000
,
000011
000000
000000
000000
001001
000000
000000
000000
000001
000100
000010
001000
000100
001000
000010
000100
,
000001
000100
000010
001000
000100
001000
000010
000100
000010
001000
000100
010000
001000
010000
000100
001000
,
000010
000100
000010
001000
000100
000000
000000
000000
010000
001000
100000
001000
010000
000100
001000
000010
,
000100
000010
001000
000100
010000
000000
000000
000000
001000
100000
000100
001000
000010
000100
000001
000100
,
000010
001010
010100
000000
101000
000000
101000
000100
,
000010
000001
001000
010000
200000
000000
300000
100000
,
000000
010000
001000
000001
000010
000100
001000
000000
,
001100
000000
000001
000100
000010
010000
001000
100000
,
000100
000000
001000
000000
000010
000100
000001
010000
000100
000000
000000
000000
100100
000000
001000
000000
,
010100
001000
000110
001000
000101
001000
000100
000010
,
000001
001000
010000
200000
000000
301000
010000
000000
,
000010
000000
000010
000100
000000
000001
001000
000010
,
010000
000100
000010
000001
001001
000000
001010
000000
,
010100
101000
010010
001001
,
000001
000100
000010
001000
010000
100000
001000
000000
101000
000000
101000
000000
101000
000000
000000
000000
,
210000
000000
300100
000002
000000
000103
001000
000000
,
001010
000100
000011
000000
000101
000101
000101
000000
,
000012
000000
001003
200000
000000
301000
000010
010000
,
000010
000100
000001
000010
000011
000011
000011
000000
,
000102
000000
010003
200000
000000
310000
000100
001000
,
000010
000100
010000
100000
110000
110000
110000
000000
,
201000
000000
300010
000002
000000
000013
001000
000100
,
000010
000100
000010
000000
000001
000100
000001
001000
000100
000000
000100
000000
000100
000000
000000
000000
,
100100
000000
100000
010000
000000
000100
000001
000000
,
000202
000000
000303
000000
001000
001000
001000
000000
,
001001
000000
000001
000010
000000
001000
100000
000000
,
202000
000000
303000
000000
100000
100000
100000
000000
,
110000
000000
001000
000010
000000
000100
000001
000000
,
000202
000000
000303
000000
000001
000001
000001
000000
,
000011
000000
000100
010000
000000
001000
100000
000000
,
202000
000000
000000
000000
303000
000000
000000
000000
100000
001000
000010
000100
010000
000000
000001
000100
,
010000
001000
000010
000000
002000
000000
003000
000000
000001
000100
000010
001000
000100
000000
100000
001000
,
010000
000100
001000
000000
000001
000000
000000
000000
001000
000010
000100
010000
001000
000000
000100
000010
,
001000
010000
000100
000000
001000
000000
000000
000000
000001
000010
000100
001000
010000
100000
001000
000010
,
000002
000003
000000
000000