0000000000
0000000000
0011001100
0000000000
,
0000000000
0000000000
0010110100
0000000000
,
0000000000
0000000000
0011010100
0000000000
,
0000000000
0000000000
0010101100
0000000000
,
0000000100
0000000000
0001001000
0000000000
0000000000
0010000000
0000000000
0000001100
,
0001000000
0000010000
0010000000
0001000000
0000100000
0000010000
0001000000
0000010000
0010000000
0000000000
0000000100
0000000000
0000000000
0000000000
0011000000
0000000000
,
0000001000
0000100000
0000000100
0000001000
0000010000
0000100000
0000001000
0000100000
0000000100
0000000000
0010000000
0000000000
0000000000
0000000000
0000000100
0000000000
,
0011000000
0000001000
0010000000
0000010000
0001000000
0000000100
0000100000
0000001000
0011000000
0000100000
0000001000
0000000100
0000010000
0000001000
0010000000
0000000100
,
0010000100
0000000000
0001001000
0000000000
0000000000
0011000000
0000000000
0000001100
,
0000100000
0000001000
0000010000
0000000100
0001000000
0000010000
0000001000
0000010000
0010000000
0000000000
0000010100
0000000000
0000000000
0000000000
0010100000
0000000000
,
0000001000
0000100000
0001000000
0010000000
0000010000
0001000000
0000100000
0001000000
0000000100
0000000000
0001000000
0000000000
0000000000
0000000000
0000001000
0000000000
,
0000010100
0010000000
0000001000
0000100000
0000000100
0001000000
0000010000
0010000000
0000010100
0000001000
0000010000
0010000000
0001000000
0000100000
0000001000
0001000000
,
0001001000
0000000000
0000000000
0000000000
0000110000
0000000000
0000000000
0000000000
0001000000
0000001000
0010000000
0001000000
0000010000
0000000000
0000001000
0001000000
,
0000000100
0000001000
0000100000
0000000000
0001000000
0000000000
0000000000
0000000000
0000001000
0001000000
0000010000
0010000000
0000000100
0000000000
0000000000
0000000000
,
0001000000
0000000100
0000100000
0000001000
0010000000
0000010000
0001000000
0000001000
0000100000
0010000000
0000000100
0000100000
0000001000
0000010000
0010000000
0001000000
,
0000000100
0010000000
0000010000
0001000000
0010000000
0000000100
0000100000
0010000000
0000010000
0001000000
0000010000
0000001000
0000100000
0000000100
0000100000
0010000000
,
0000010000
0000001000
0001000000
0000010000
0010001000
0000000000
0000000000
0000000000
0001000100
0000000000
0000000000
0000000000
0010001000
0000000000
0000000000
0000000000
,
0001000100
0010001000
0001000100
0010001000
,
0011000100
0000000000
0000000000
0000000000
0010001100
0000000000
0000000000
0000000000
0011000000
0001000000
0000000100
0000100000
0000001000
0001000000
0000001000
0010000000
,
0000001100
0000001000
0010000000
0000010000
0001000000
0000001000
0001000000
0000000100
0010000000
0001000000
0000100000
0000000100
0000001000
0000010000
0010000000
0001000000
,
0000100000
0000001000
0001000000
0000010000
0010000000
0000000100
0000000000
0000000000
0011000000
0000001000
0000010000
0000001000
0001000000
0000000100
0000001000
0000100000
,
0000001000
0000000100
0001000000
0000001000
0010000000
0000000000
0000000000
0000000000
0000001000
0000001000
0001000000
0001000000
0000010000
0000010000
0000100000
0000100000
,
0000000100
0000001000
0000100000
0000001000
0000000100
0000001000
0000100000
0000001000
0000000100
0000000000
0000000000
0000000000
0001000000
0000000000
0000000000
0000000000
,
0000001100
0000100000
0000001100
0000000000
0010000000
0000000000
0000001000
0000000000
,
0011000000
0000010000
0011000000
0000000000
0000001100
0000001000
0010100000
0000100000
,
0000010100
0000010000
0011000000
0001000000
0000010000
0010000000
0000000100
0000100000
,
0000000100
0000000000
0010000000
0000000000
0000000100
0001000000
0000001000
0010000000
0000010000
0000000000
0000000000
0000000000
0010000100
0000000000
0000000000
0000000000
,
0000001100
0011000000
0000001100
0000000000
0010000100
0000000000
0001001000
0000000000
,
0010100000
0000010100
0010100000
0000000000
0000001000
0010100000
0001000000
0000010100
,
0000100000
0000001100
0000010000
0011000000
0000001000
0010000000
0000000100
0001000000
,
0000001000
0000100000
0001000000
0000010000
0000001000
0001000000
0000010000
0000100000
0001001000
0000000000
0000000000
0000000000
0000011000
0000000000
0000000000
0000000000
,
0000110000
0000000000
0001100000
0000000000
0000100000
0000100000
0000100000
0000100000
,
0000010000
0000001000
0000100000
0001000000
0000001000
0000100000
0000010000
0001000000
0000010000
0000000000
0010000000
0000000000
0000000100
0000000000
0000000000
0000000000
,
0011000000
0000000000
0000001000
0000011000
0000000000
0000001000
0000100000
0000000000
,
0001110000
0000000000
0000000000
0000000000
0000100000
0000000100
0010000000
0000000000
,
0000001100
0000000000
0001000000
0001100000
0000000000
0001000000
0000010000
0000000000
,
0000111000
0000000000
0000000000
0000000000
0000011000
0001100000
0000011000
0000000000
,
0000011000
0000000000
0000010000
0001100000
0000000000
0001000000
0000010000
0000000100
,
0001000000
0000010000
0000000100
0000000000
0001100000
0000011000
0001100000
0000000000
,
0001100000
0000000000
0000100000
0000011000
0000000000
0000010000
0001000000
0010000000
,
0000010000
0001000000
0010000000
0000000000
0001000000
0000010000
0001000000
0000001000
,
0010000000
0000010000
0010000000
0000000100
0011000000
0000100000
0000001100
0000010000
,
0011000000
0000010100
0011010100
0000000000
0000001000
0000100000
0000001000
0001000000
,
0000000100
0000100000
0000000100
0010000000
0000001100
0000010000
0011000000
0000100000
,
0000001100
0010100000
0010101100
0000000000
0000000100
0000001000
0000010000
0000100000
,
0000001000
0000100000
0000001000
0010000000
0000001100
0010100000
0000001100
0010100000
,
0000010100
0011000000
0011001100
0000000000
0010000000
0001000000
0000100000
0000010000
,
0001000000
0000010000
0001000000
0000000100
0011000000
0000010100
0011000000
0000010100
,
0010100000
0000000000
0000001100
0000000000
0011001100
0000000000
0000000000
0000000000
0001001000
0001001000
0001001000
0001001000
0001001000
0000000000
0000011000
0000011000
,
0000011000
0000011000
0000011000
0000000000
0000010000
0000000000
0000000000
0000000000
0001100000
0001100000
0001100000
0001100000
0001100000
0000000000
0000110000
0000110000
,
0000110000
0000110000
0000110000
0000000000
0000100000
0000000000
0000000000
0000000000
0010000100
0000000000
0000000000
0000000000
0011111100
0000000000
0000000000
0000000000
,
0001001000
0000000000
0000000000
0000000000
0011111100
0000000000
0000000000
0000000000
0001000000
0001000000
0000001000
0000001000
0001000000
0000000100
0010000000
0000001000
,
0001001000
0000000000
0000000000
0000000000