00000
00000
00000
00000
,
00000
00000
00000
00000
,
00000
00000
00000
00000
,
00000
00000
00000
00000
,
10000
00000
00000
00000
,
10000
00000
00000
00000
,
00001
00000
00000
00000
,
10000
00000
00000
00000
,
00100
00000
00000
00000
,
10000
00000
00000
00000
,
00001
00000
00000
00000
,
10000
00000
00000
00000
,
00100
00000
00000
00000
,
00100
00000
00000
00000
,
10001
00000
00000
00000
,
00000
00000
00000
00000
,
00001
00000
00001
00000
,
00001
00000
00000
00000
,
10000
00000
10000
00000
,
10000
00000
00000
00000
,
00100
00000
00100
00000
,
00100
00000
00000
00000
,
10000
00000
10000
00000
,
10000
00000
00000
00000
,
00001
00000
00000
00000
,
10000
00000
00000
00000
,
00100
00000
00000
00000
,
00000
00000
00000
00000
,
01010
00000
00000
00000
,
00000
00000
00000
00000
,
11000
00000
00000
00000
,
00000
00000
00000
00000
,
01010
00000
00000
00000
,
00000
00000
00000
00000
,
00011
00000
00000
00000
,
00000
00000
00000
00000
,
00100
00000
00000
00000
,
00001
00000
00000
00000
,
10001
00000
00000
00000
,
00000
00000
00000
00000
,
10000
00000
10000
00000
,
10000
00000
00000
00000
,
00100
00000
00100
00000
,
00100
00000
00000
00000
,
10000
00000
10000
00000
,
00001
00000
00000
00000
,
00001
00000
00001
00000
,
00100
00000
00000
00000
,
00101
00000
00000
00000
,
10100
00000
00000
00000
,
10001
00000
00000
00000
,
00000
00000
00000
00000
,
00010
00000
00010
00000
,
00010
00000
00000
00000
,
01000
00000
01000
00000
,
01000
00000
00000
00000
,
00010
00000
00000
00000
,
01000
00000
00000
00000
,
00200
00000
00000
00000
,
00300
00000
00000
00000
,
00101
00000
00000
00000
,
10100
00000
00000
00000
,
20002
00000
00000
00000
,
30003
00000
00000
00000
,
00100
00000
00000
00000
,
00001
00000
00001
00000
,
10000
00000
00000
00000
,
00100
00000
00100
00000
,
10001
00000
00000
00000
,
10000
00000
00000
00000
,
00001
00000
00000
00000
,
00100
00000
00000
00000
,
10001
00000
00000
00000
,
00000
00000
00000
00000
,
20002
00000
00000
00000
,
30003
00000
00000
00000