00000
00000
00000
00000
,
00000
00000
00000
00000
,
00000
00000
00000
00000
,
00000
00000
00000
00000
,
01000
00000
01000
00000
,
01000
00010
00000
00000
,
00010
00000
00010
00000
,
00010
01000
00000
00000
,
01000
00000
01000
00000
,
01000
00010
00000
00000
,
00010
00000
00010
00000
,
00010
01000
00000
00000
,
01000
00010
01000
00000
,
00010
01000
00010
00000
,
01000
01000
00010
00010
,
00000
00000
00000
00000
,
00010
00010
00010
00000
,
01000
01000
01000
00000
,
00010
00010
00010
00000
,
01000
01000
01000
00000
,
00010
00100
00010
00000
,
01000
00100
01000
00000
,
00010
00100
00010
00000
,
01000
00100
01000
00000
,
00010
00100
00010
00000
,
01000
00100
01000
00000
,
00100
00100
00100
00000
,
00000
00000
00000
00000
,
01100
00000
00000
00000
,
00000
00000
00000
00000
,
01010
00000
00000
00000
,
00000
00000
00000
00000
,
00110
00000
00000
00000
,
00000
00000
00000
00000
,
01010
00000
00000
00000
,
00000
00000
00000
00000
,
01100
00000
00000
00000
,
01010
00000
00000
00000
,
00110
00000
00000
00000
,
00000
00000
00000
00000
,
01000
00000
01000
00000
,
01000
00100
00000
00000
,
00010
00000
00010
00000
,
00010
00100
00000
00000
,
01000
00000
01000
00000
,
01000
00100
00000
00000
,
00010
00000
00010
00000
,
00010
00100
00000
00000
,
00100
00000
00100
00000
,
00010
00100
00010
00000
,
01000
00100
01000
00000
,
00100
00000
00100
00000
,
01000
00000
01000
00000
,
01000
00010
00000
00000
,
00010
00000
00010
00000
,
00010
01000
00000
00000
,
01000
01000
00010
00000
,
01000
01000
00010
00000
,
01000
00000
00010
00000
,
01000
00010
01000
00000
,
00010
00010
01000
01000
,
00010
00010
01000
01000
,
00020
00000
00000
00000
,
00000
00000
00030
00000
,
01000
00000
00010
00000
,
00100
00100
00100
00000
,
00010
00000
01000
00000
,
00100
00100
00100
00000
,
01000
00000
00010
00000
,
00100
00100
00100
00000
,
00010
00000
01000
00000
,
00100
00100
00100
00000
,
01010
00000
01010
00000
,
01010
00000
01010
00000
,
02020
00000
00000
00000
,
03030
00000
00000
00000