00000
00000
00000
00000
,
10100
00000
00001
00100
00001
00000
01000
00100
01000
00000
00010
00000
00100
00000
00001
00100
,
00001
00000
10000
00100
10000
00000
00010
01000
00100
01000
00010
00000
01000
00000
01001
00000
,
10010
00000
10000
00010
00100
00000
00001
01000
00100
00000
01001
00000
10010
00000
01001
00000
,
10110
00000
10000
00010
01000
00001
00100
00010
01000
00100
10000
01000
00100
00010
01000
00100
,
00010
00000
00010
00100
01000
00000
01000
00100
00010
00000
00010
00000
00001
00000
00001
00000
,
00001
00100
10000
00100
00001
00000
00001
00000
10000
00000
10000
00000
00001
00000
10000
00000
,
01000
00100
00010
00100
01000
00100
00010
00100
01000
00100
00010
00000
01000
00000
00010
00000
,
00100
00100
00100
00000
00100
00000
00100
00000
00100
00000
00002
00000
20000
00000
00000
30003
,
10001
00000
10000
00001
00100
00001
01000
00000
00010
00000
00100
00000
01010
00000
01000
00010
,
01000
00000
01000
10000
01000
00000
00010
00001
00010
00000
00100
00000
10001
00000
00001
01000
,
00010
00000
00010
01000
00100
01000
00001
00000
10000
00000
00100
00000
10001
00000
00001
10000
,
00001
00000
00001
00010
00001
00000
10000
01000
10000
00000
00100
00000
02020
00000
00000
03030
,
00100
00000
00010
00001
00100
00000
01000
10000
00100
00000
00010
00000
10000
00000
00001
00100
,
00001
00000
01000
00100
10000
00000
00010
00100
00001
10000
00100
00000
10001
00000
00000
00000
,
00100
00000
10000
01000
00100
00000
00001
00010
00100
00000
10000
00000
00010
00000
01000
00100
,
01000
00000
00001
00100
00010
00000
10000
00100
01000
00010
00100
00000
01010
00000
00000
00000
,
01000
02000
03010
00000
00010
00020
01030
00000
,
00100
00000
00100
00000
00010
00000
01000
00000
00001
01000
00100
10000
00010
00000
10110
00000
,
01001
00000
00100
00000
10110
00000
01101
00000
10000
00010
00100
00010
01000
00100
01000
00002
,
00020
00000
00000
00000
00000
00000
00000
00000
00000
00000
00000
00030
00003
00000
00000
00000
,
10000
00000
00001
00100
00010
00000
00010
00100
01000
00000
10000
00000
11000
00000
10000
00100
,
00001
00000
00001
01000
00100
00000
00010
10000
00100
01000
00010
00000
01010
00000
00200
00000
,
00000
00300
10001
00000
00100
00100
10010
01001
,
00010
01000
00010
00000
10000
00001
01000
00010
00100
00000
00100
00000
20002
00000
00000
30003
,
00010
00000
01000
00100
10000
00000
10000
00100
00001
00000
00010
00000
00011
00000
00010
00100
,
01000
00000
01000
00001
00100
00000
10000
00010
00100
00001
10000
00000
10001
00000
00200
00000
,
00000
00300
01010
00000
00100
00100
10010
01001
,
10000
00001
10000
00000
00010
01000
00001
10000
00100
00000
00100
00000
02020
00000
00000
03030
,
10000
00000
00010
00000
00010
00000
00010
00100
00010
00000
01000
00000
01100
00000
00001
00100
,
00001
00000
10000
00000
10000
00000
10000
00000
00001
00100
00010
01000
00100
00000
10001
00000
,
10000
10000
00001
00001
01000
01000
00010
00010
,
00100
00000
01001
00000
10010
00000
01101
00000
01000
00001
01000
00010
10000
00010
10000
00100
,
10000
00000
10000
00001
00100
00001
01000
00000
00010
00000
00100
00000
01010
00000
01000
00010
,
01000
00000
01000
10000
01000
00000
00010
00001
00010
00000
00100
00000
10001
00000
00001
01000
,
00010
00000
00010
01000
00100
01000
00001
00000
10000
00000
00100
00000
10001
00000
00001
10000
,
00001
00000
00001
00010
00001
00000
10000
01000
10000
00000
00100
00000
02020
00000
00000
03030
,
01010
00000
00010
01000
00100
01000
00001
00000
10000
00000
00100
00000
10001
00000
00001
10000
,
00001
00000
00001
00010
00001
00000
10000
01000
10000
00000
00100
00000
01010
00000
01000
00001
,
10000
00000
10000
00001
00100
00001
01000
00000
00010
00000
00100
00000
01010
00000
01000
00010
,
01000
00000
01000
10000
01000
00000
00010
00001
00010
00000
00100
00000
20002
00000
00000
30003
,
01010
00100
01010
10001
00100
01001
10010
01001
,
00010
10000
00100
00000
01000
00001
00100
00000
00010
01000
00100
10000
00001
10000
00100
02000
,
00020
00000
03000
00030