00000
00000
00000
00000
,
00000
00000
00000
00000
,
00000
00000
00000
00000
,
00000
00000
00000
00000
,
00100
01000
00010
00001
00010
01000
00001
10000
,
01000
10000
00001
00200
00000
00000
00300
00000
,
00100
00010
01000
10000
01000
00010
10000
00001
,
00010
00001
10000
00200
00000
00000
00300
00000
,
00100
10000
00001
00010
00001
10000
00010
01000
,
10000
01000
00010
00200
00000
00000
00300
00000
,
00100
00001
10000
01000
10000
00001
01000
00010
,
00001
00010
01000
00200
00000
00000
00300
00000
,
20000
00000
00000
30000
00002
00000
00000
00003
02000
00000
00020
03000
00000
00030
00100
00000
,
00001
10000
01000
00100
00010
01000
00100
00010
,
00001
00001
10000
10000
01000
00100
00010
00001
,
00100
00000
10000
00100
01000
00100
01000
00100
01000
00010
00100
00010
01000
00100
01000
00010
,
00100
00100
00001
10000
00100
10000
00001
10000
,
00100
00100
01000
00010
00100
00010
01000
00010
,
00100
00100
00010
00100
00001
00010
00100
01000
,
00100
00100
01000
00100
10000
01000
00100
00010
,
01000
01000
00001
00010
00100
10000
01000
00100
,
00010
00010
10000
01000
00100
00001
00010
00100
,
01000
01000
00010
01000
00100
10000
00001
00100
,
00010
00010
01000
00010
00100
00001
10000
00100
,
01000
01000
10000
01000
00100
00010
00001
00100
,
00010
00010
00001
00010
00100
01000
10000
00100
,
01000
00001
01000
00001
10000
00010
10000
00010
,
00000
00000
00001
00000
00100
00000
10000
00000
00001
00000
00010
00000
00100
01000
00100
10000
,
00001
00000
00000
00001
00000
00000
00001
00000
01000
00000
00000
01000
00000
00000
01000
00000
,
00010
00000
00000
00010
00000
00000
00010
00000
10000
00000
00100
00000
10000
00000
00001
00000
,
10001
00000
01000
00010
10000
00001
01000
00010
,
00100
00000
00000
00100
00000
00000
00100
00000
00001
00000
10000
00000
00010
01000
00100
10000
,
00001
00100
00001
10000
00010
00100
00010
01000
,
00100
00000
00000
00100
00000
00000
00100
00000
01000
00000
00001
00000
10000
00000
00010
00000
,
01001
00000
00100
00010
00100
00000
00001
00000
01000
00000
00100
00000
10000
00000
00010
00100
,
00001
01000
00001
01000
00001
00100
00001
00100
00001
10000
00001
10000
00100
10000
00100
10000
,
00010
00000
00100
00100
00010
01000
00001
10000
,
00100
00000
00000
00100
00000
00000
00100
00000
01000
00000
00001
00000
10000
00000
00010
00000
,
10010
00000
01000
00100
10000
00010
00100
00001
,
01000
00000
00010
00100
00010
01000
00100
01000
00001
10000
00001
10000
00001
10000
00001
10000
,
00010
00100
00010
01000
00010
00100
00010
01000
00001
00100
00001
10000
00001
00100
00001
10000
,
00010
00100
00010
10000
00010
00100
00010
10000
00001
00100
00001
01000
00001
00100
00001
01000
,
00010
00100
00010
00000
01000
00100
01000
00000
00001
00100
00001
00000
10000
00100
10000
00000
,
00010
00100
00001
00000
01000
00100
10000
00000
00001
00100
00010
00000
10000
00100
01000
00010
,
00200
00000
00000
00000
00000
00000
00000
00300
00001
00000
00010
00000
00100
00000
01000
00000
,
10000
00000
00100
00000
00001
00000
10000
00000
00200
00000
00000
00000
00000
00000
00000
00300
,
01000
00010
00001
00100
10000
00001
00010
00100
,
01000
00010
00100
01000
20000
00000
30001
00000
,
00100
00000
01010
00000
00100
00001
00010
00100
,
01000
10000
01000
00000
00100
00000
10000
00000
01000
00000
00100
00000
00010
00000
00001
00000
,
00100
00001
00010
00100
00001
00010
00100
01000
,
00010
00100
00010
00100
00010
00100
00010
00100
00001
00100
00010
00100
00001
00100
00010
00100
,
00001
01000
00100
10000
00010
01000
00010
00100
00001
10000
00100
10000
00001
01000
00100
01000
,
00010
00100
00001
10000
00100
10000
00001
00100
00010
01000
00001
00100
00010
01000
00100
10000
,
00010
01000
00100
10000
00001
00100
00001
10000
00100
01000
00010
00100
00010
01000
00100
10000
,
00010
00100
00001
10000
00100
01000
00010
00100
00001
01000
00010
00100
00001
01000
00010
00100
,
00001
10000
00001
10000
00001
10000
00001
00100
00010
01000
00010
01000
00010
01000
00010
00100
,
00001
10000
00001
10000
00001
10000
00001
00100
00010
01000
00010
01000
00010
01000
00010
00100
,
00001
10000
00001
00100
00010
01000
00010
00100
00001
10000
00001
00100
00010
01000
00010
00100
,
00002
00003
02000
03000
00020
00030
20000
00000
00000
00000
00000
00000
00000
00000
00000
30000
,
00010
01000
00100
10000
00001
00100
00010
01000
00100
00000
10000
00000
00010
00000
00100
00000
,
00001
00000
00100
00010
00100
00000
00001
00000
01000
00000
00010
00000
10000
00000
00100
00000
,
01000
00100
10000
00100
01000
00100
10000
00100
01000
00010
00100
00010
01000
00010
00100
00010
,
01000
00001
00100
00001
01000
00001
00100
00010
10000
00100
10000
00100
10000
00100
10000
00100
,
01000
00000
01010
01000
00010
00100
00001
10000
,
00100
10000
01000
00100
00020
00000
00030
00000
,
00100
00001
00010
00100
01000
00100
10000
00001
,
00100
00010
00100
00000
00001
00000
10000
00000
00200
00000
00300
00000
01000
00000
00010
00100
,
00001
00001
10000
10000
00010
01000
00100
10000
,
00001
00010
00001
10000
01000
00100
00010
00100
,
00001
01000
10000
00100
00001
10000
00100
01000
,
00020
00000
00000
00000
00000
00000
00000
00000
00000
00000
00000
00000
00000
00030
01000
00010
,
01010
00000
10001
00000
,
01110
10101
01101
10110
,
02002
00000
00000
00000
00003
03000
00001
00100
00010
01000
00100
10000
00001
00100
00010
01000
,
01010
00000
00000
00000