00000
00000
00000
00000
,
00000
00000
00000
00000
,
00000
00000
00000
00000
,
10000
00000
01000
00000
00100
00000
00010
00000
10000
01000
00100
00010
00001
00010
00100
01000
,
10000
01000
10000
01000
00001
00010
00001
00010
,
10000
01000
00100
00020
00000
00000
00000
00030
,
01000
10000
01000
10000
00010
00001
00010
00001
,
01000
10000
00100
00002
00000
00000
00000
00003
,
10000
01000
00100
00010
00001
00010
00100
01000
,
10000
00100
10000
00002
00000
00000
00000
00003
,
01000
10000
00100
00001
00010
00001
00100
10000
,
01000
00100
01000
00020
00000
00000
00000
00030
,
10000
00000
00001
00000
10000
00001
10000
00001
,
00100
00001
00010
00100
01000
00100
10000
00001
,
01000
01000
00010
00010
10000
01000
00100
00010
,
00000
00000
00010
00000
01000
00000
00001
00000
10000
01000
00100
00010
00001
00010
00100
01000
,
10000
01000
10000
01000
10000
00001
10000
00001
,
01000
00010
01000
00010
00001
00010
00001
00010
,
00100
00010
01000
00100
10000
01000
00100
00010
,
00001
00010
00100
01000
10000
00001
00010
00100
,
01000
10000
01000
00100
00010
00001
00010
00100
,
10000
01000
00100
00010
00001
00010
00100
01000
,
10000
00010
00100
01000
00001
00010
00100
01000
,
10000
00100
01000
00100
00010
00001
00010
00100
,
01000
10000
00010
00100
01000
10000
01000
00100
,
10000
01000
00100
00010
00001
00010
00100
01000
,
00001
00010
00100
01000
10000
01000
00100
00010
,
00000
00000
00001
00000
00010
00000
00100
00000
01000
00000
10000
00000
00001
00010
00100
01000
,
10000
00000
00000
10000
00000
00000
10000
00000
01000
00000
00000
01000
00000
00000
01000
00000
,
00010
00000
00000
00010
00000
00000
00010
00000
00001
00000
00001
00000
00010
00000
00100
00000
,
01001
00000
10000
10000
10000
01000
00100
00010
,
00001
00000
00000
00001
00000
00000
00001
00000
00010
00000
00010
00000
00100
00010
00100
00010
,
00110
00000
00001
00010
00100
01000
00010
00100
,
01000
00000
00000
01000
00000
00000
01000
00000
10000
00000
01000
00000
00100
00000
00010
00000
,
00110
00000
01000
00100
01000
00000
00100
00000
00010
00000
00001
00000
00010
00000
00100
01000
,
10000
01000
00100
00010
00001
00010
00100
01000
10000
01000
00100
00010
00001
00010
00100
01000
,
01100
00000
00010
00010
10000
01000
00100
00010
,
01001
00000
00000
01000
00000
00000
01000
00000
00001
00000
00010
00000
00100
00000
01000
00000
,
10010
00000
00000
00000
00001
00000
00010
00000
00100
00000
01000
00000
00010
01000
00001
00000
,
10000
00000
00000
00001
10000
00001
10000
00001
10000
00001
10000
00001
10000
00001
10000
00001
,
10000
01000
00100
00010
00001
00010
00100
01000
10000
01000
00100
00010
00001
00010
00100
01000
,
10000
01000
00100
00010
00001
00010
00100
01000
10000
01000
00100
00010
00001
00010
00100
01000
,
10000
00100
10000
00000
01000
00100
00010
00000
00001
00010
00100
00000
01000
10000
01000
00000
,
00100
00010
00001
00000
00010
00100
01000
00000
10000
01000
00100
00000
00010
00001
00010
00000
,
00100
00001
00010
00100
01000
10000
01000
00100
,
10000
01000
00100
00010
00001
00010
00100
01000
,
10000
00001
00010
00100
01000
00100
00010
00001
,
10000
01000
00100
00010
00001
00010
00100
01000
,
10000
00000
00001
00000
00010
00100
01000
10000
,
01000
00100
00010
00000
00001
00000
00010
00000
00100
00000
01000
00000
10000
00000
01000
00000
,
00100
00010
00001
00010
00100
01000
10000
01000
,
00100
00000
10000
01000
00100
00010
00001
00010
00100
01000
10000
01000
00100
00010
00001
00010
,
00100
00001
00100
00001
00010
00000
00100
00000
01000
00000
10000
00000
01000
00000
00100
00000
,
00010
00000
00001
00000
10000
00000
20200
00000
00000
00000
00000
00000
00000
30300
00000
00000
,
00100
10000
00100
10000
01000
00000
00100
00000
00010
00000
00001
00000
00010
00000
00100
00000
,
01000
10000
00001
00202
00000
00000
00000
00303
,
00001
00010
00100
01000
10000
01000
00100
00010
00001
00010
00100
01000
10000
01000
00100
00010
,
00001
00010
00100
01000
10000
01000
00100
00010
00001
00010
00100
01000
10000
01000
00100
00010
,
00001
00010
00100
01000
10000
01000
00100
00010
00001
00010
00100
01000
10000
01000
00100
00010
,
00001
00100
00001
00000
10000
00000
00100
00000
01000
00000
00010
00000
00100
00000
00001
00000
,
10000
01000
00100
00010
00001
00000
00010
00000
00100
00000
01000
00000
10000
00000
01000
00000
,
10000
01000
00100
00010
00001
00000
00010
00000
00100
00000
00010
00000
01000
00000
00001
00000
,
10000
01000
00100
00010
00001
00010
00100
01000
10000
01000
00100
00010
00001
00010
00100
01000
,
10000
01000
00100
00010
00001
00010
00100
01000
10000
01000
00100
00010
00001
00010
00100
01000
,
10000
00000
00100
00100
01000
00100
00010
00001
,
00100
00001
00010
00100
01000
00000
00000
00000
,
00010
10000
01000
00100
00001
00010
00100
01000
,
00001
00010
00100
00000
01000
00000
00010
00000
10000
00000
10000
00000
00001
00000
00001
00000
,
00100
00000
00100
00100
00010
00100
01000
10000
,
00100
10000
01000
00100
00010
00000
00000
00000
,
00100
00001
00010
00100
01000
00001
10000
00100
,
20002
00000
00000
00000
,
30103
00000
01110
00000
,
10110
01101
10110
01101
,
00111
00000
00000
00000
00000
00000
00000
00000
00001
00010
00100
01000
10000
01000
00100
00010
,
00001
00000
00000
00000