0000000000
0000000000
0000000000
0000000000
,
0000000000
0000000000
0000000000
0000000000
,
0000000000
0000000000
0000000000
0000000000
,
0000000000
0000000000
0000000000
0000000000
,
0000100000
0000010000
0000100000
0000010000
,
0001000000
0000000000
0000000000
0000000000
,
0000010000
0000100000
0000010000
0000100000
,
0000001000
0000000000
0000000000
0000000000
,
0001000000
0000001000
0001000000
0000001000
,
0000100000
0000000000
0000000000
0000000000
,
0000001000
0001000000
0000001000
0001000000
,
0000010000
0000000000
0000000000
0000000000
,
0000100000
0000000000
0010000000
0000000000
,
0000010000
0000000000
0000000100
0000000000
,
0001000000
0000000000
0000001000
0000000000
,
0001000000
0000001000
0001000000
0000001000
,
0010000000
0000100000
0100000000
0001000000
,
0010000000
0000100000
0100000000
0001000000
,
0010000000
0000100000
0100000000
0001000000
,
0010000000
0000100000
0100000000
0001000000
,
0000100000
0000010000
0001000000
0000001000
,
0000100000
0000010000
0001000000
0000001000
,
0000010000
0000000100
0000001000
0000000010
,
0000010000
0000000100
0000001000
0000000010
,
0000000100
0000000001
0000010000
0000000010
,
0000100000
0000000100
0001000000
0000001000
,
0000100000
0000010000
0000100000
0000010000
,
0010000000
0001000000
0010000000
0001000000
,
1000000000
0000000000
0000000000
0000000000
,
0000000000
0000000000
0000000000
0000000000
,
0010010000
0000000000
0000000000
0000000000
,
0000000000
0000000000
0000000000
0000000000
,
0000100100
0000000000
0000000000
0000000000
,
0000000000
0000000000
0000000000
0000000000
,
0000010001
0000000000
0000000000
0000000000
,
0000100000
0000000000
0000000000
0000000000
0000010000
0000000000
0000000000
0000000000
0000100000
0000000000
0000010000
0000000000
0000100000
0000010000
0000100000
0000010000
,
0000100000
0000000000
0000000000
0000000000
,
1000100000
0000000000
0000000000
0000000000
,
0000110000
0000000000
0000000000
0000000000
,
0000100000
0000010000
0000100000
0000010000
,
0001000000
0000001000
0001000000
0000001000
,
0000100000
0000000000
0000100000
0000000000
,
0000001000
0001000000
0000001000
0001000000
,
0000010000
0000000000
0000010000
0000000000
,
0000100000
0000010000
0000100000
0000010000
,
0001000000
0000000000
0001000000
0000000000
,
0000010000
0000100000
0000010000
0000100000
,
0000001000
0000000000
0000001000
0000000000
,
0001000000
0001000000
0010000000
0000000000
,
0000001000
0000001000
0000000100
0000000000
,
0000100000
0000000000
0000010000
0000000000
,
0000100000
0000010000
0000100000
0000010000
,
0010000000
0000100000
0100000000
0001000000
,
2000000000
3000000000
0000100000
0000000000
,
0000100000
0010000000
0000010000
0000100000
,
0000002000
0000003000
0001000000
0000000000
,
0000001000
0000100000
0000000100
0000010000
,
0000001000
0000100000
0000000100
0000010000
,
0000000001
0000000100
0000000010
0000001000
,
0000000100
0000010000
0000002000
0000003000
,
0000100000
0000010000
0001000000
0000001000
,
0020000000
0030000000
0000000200
0000000300
,
0000100000
0000010000
0001000000
0000001000
,
0010000000
0000100000
0000010000
0000000100
,
0000100000
0000000000
0000010000
0000000000
,
0001000000
0000000000
0000001000
0000000000
,
0000100000
0000010000
0000100000
0000010000
,
0001000000
0000001000
0002000000
0003000000
,
0000010000
0000000000
0000100000
0000000000
,
0001000000
0010000000
0000100000
0100000000
,
0001000000
1000000000
0000100000
0010000000
,
0000020000
0000030000
0000200000
0000300000
,
0000110000
0000000000
0001001000
0000000000
,
0000100100
0000000000
0010010000
0000000000
,
0001001000
0000000000
0000000000
0000000000
1000000000
0100000000
0010000000
0001000000
,
0000100000
0000000000
0000000000
0000000000