0000000000
0000000000
0000000000
0000000000
,
0000000000
0000000000
0000000000
0000000000
,
0000000000
0000000000
0000000000
0000000000
,
0000000000
0000000000
0000000000
0000000000
,
1000000000
0010000000
0000100000
0010000000
1000000000
0010000000
0000100000
0001000000
,
0000100000
0000010000
0000000100
0000000001
0000000000
0000000000
0000000000
0000000000
,
0000000001
0000000100
0000010000
0000000100
0000000001
0000000100
0000010000
0000001000
,
0000010000
0000100000
0010000000
1000000000
0000000000
0000000000
0000000000
0000000000
,
1000000000
0001000000
1000000000
0001000000
0100000000
0000100000
0100000000
0000100000
,
0000001000
0000000100
0000000010
0000000001
0000000000
0000000000
0000000000
0000000000
,
0000000001
0000001000
0000000001
0000001000
0000000010
0000010000
0000000010
0000010000
,
0001000000
0010000000
0100000000
1000000000
0000000000
0000000000
0000000000
0000000000
,
0010000000
0000000000
0010000000
0000000000
1000000000
0000100000
1000000000
0000100000
,
0010000000
0000100000
0001000000
0000001000
0000010000
0000000100
0000000010
0000000001
,
0000001000
0000001000
0000000010
0000000010
0000010000
0000001000
0000100000
0001000000
,
0000000000
0001000000
0010000000
0001000000
0100000000
0010000000
0100000000
0010000000
,
0001000000
0000001000
0001000000
0000001000
0000100000
0000010000
0000100000
0000010000
,
0000001000
0000000100
0000010000
0000000001
0000000100
0000001000
0001000000
0010000000
,
0100000000
0001000000
0000100000
0000010000
0000000100
0000010000
0010000000
0001000000
,
0000010000
0000000100
0000001000
0000100000
0010000000
0000001000
0000000100
0000000001
,
0000010000
0000001000
0001000000
0010000000
1000000000
0000100000
0010000000
0000100000
,
0000001000
0000000100
0000000010
0000000001
0000000100
0000010000
0000100000
0010000000
,
1000000000
0010000000
0100000000
0010000000
0001000000
0000001000
0000000100
0000000010
,
0000000100
0000000001
0000010000
0001000000
0010000000
0000100000
0000001000
0000000100
,
0000010000
0000000001
0000000100
0000000010
0000001000
0000000100
0000010000
0000001000
,
0001000000
0010000000
0100000000
0001000000
0010000000
0000100000
1000000000
0010000000
,
0100000000
0001000000
0010000000
0000100000
0000001000
0000000010
0000000100
0000000001
,
0000000000
0000000000
0000001000
0000000000
0000000100
0000000000
0000001000
0000000000
0000000010
0000000000
0000000010
0000000000
0000001000
0000000100
0000010000
0000000010
,
0000001100
0000000000
0000000000
0000000000
,
0000000000
0000000000
0000000000
0000000000
,
0000100001
0000000000
0000000000
0000000000
,
0000000000
0000000000
0000000000
0000000000
,
0100001000
0000000000
0000000000
0000000000
,
0000000000
0000000000
0000000000
0000000000
,
1000010000
0000000000
0000000000
0000000000
,
0001000000
0000010000
0001000000
0000010000
0001000000
0000010000
0001000000
0000010000
0001000000
0000010000
0001000000
0000010000
0001000000
0000010000
0001000000
0000010000
,
0000101000
0000000000
0000000000
0000000000
,
0000000100
0000000000
0000000000
0000000000
,
0000000001
0000000000
0000000000
0000000000
,
0000000000
0000000000
0000000000
0000000000
0001000000
0100000000
0010000000
1000000000
0000100000
0010000000
0001000000
0100000000
0010000000
1000000000
0000100000
0010000000
,
0000100000
1000000000
0000010000
0000100000
0000001000
0001000000
0000000010
0000000100
,
0000000001
0000000100
0000001000
0000010000
0000001000
0001000000
0000100000
1000000000
,
0010000000
0000100000
0000010000
0000000100
0000000010
0000000100
0000001000
0001000000
,
0010000000
0001000000
0000001000
0000000100
0000000001
0000000100
0000010000
0000100000
,
0100000000
0010000000
0001000000
0000100000
0000010000
0000001000
0000000010
0000000100
,
0000000001
0000000010
0000000100
0000010000
0000000001
0000010000
0000000100
0001000000
,
0000001000
0000100000
0010000000
1000000000
0100000000
0010000000
0000100000
0010000000
,
1000000000
0100000000
0001000000
0000100000
0000010000
0000001000
0000000100
0000010000
,
0000000010
0000000000
0000000010
0000000000
0000001000
0000100000
0001000000
0000010000
,
0000100000
0000001000
0000100000
0000000000
0000000100
0000000000
0000001000
0000000000
0000010000
0000000000
0000100000
0000000000
0001000000
0000000000
0010000000
0000000000
,
0000100000
0010000000
0100000000
1000000000
0010000000
0001000000
0000100000
1000000000
,
0001000000
0010000000
0000010000
0000001000
0000000100
0000001000
0000000001
0000000100
,
0000000010
0000000100
0000000010
0000000100
0000000010
0000000000
0000000000
0000000000
0000001000
0000010000
0000001000
0000010000
0000001000
0000000000
0000000000
0000000000
,
0001000000
0000100000
0010000000
0000100000
0000000000
0000000000
0000000000
0000000000
,
0100000000
0010000000
0100000000
0010000000
0100000000
0000000000
0000000000
0000000000
0001000000
0000100000
0001000000
0000100000
0001000000
0000000000
0000000000
0000000000
,
0000001000
0000010000
0000000100
0000010000
0000000000
0000000000
0000000000
0000000000
,
0000001000
0000100000
0000001000
0000100000
0000001000
0000100000
0000001000
0000100000
0000010000
0001000000
0000010000
0001000000
0000010000
0001000000
0000010000
0001000000
,
0000000100
0000100000
0000000100
0000100000
0000000100
0000100000
0000000100
0000100000
0000010000
0010000000
0000010000
0010000000
0000010000
0010000000
0000010000
0010000000
,
0001000000
0100000000
0010000000
0100000000
0001000000
0010000000
0000100000
1000000000
,
0001000000
0100000000
1000000000
0010000000
0001000000
0000010000
0000000100
0000000010
,
0000000001
0000010000
0000000100
0000001000
0000000010
0000000100
0000000001
0000010000
0000000100
0000001000
0000000010
0000000000
0000001000
0000000000
0000010000
0000000000
,
0001000000
0000100000
0010000000
0001000000
0100000000
0010000000
1000000000
0001000000
,
0100000000
0010000000
0001000000
0000010000
0000001000
0000000100
0000100000
0001000000
,
0010000000
0000000000
0001000000
0010000000
0000100000
0010000000
0001000000
0010000000
0000100000
0010000000
0001000000
0010000000
0000100000
0010000000
0001000000
0010000000
,
0000100000
0000000000
0010000000
0000000000
0001000000
0100000000
0000100000
1000000000
,
0010000000
1000000000
0001000000
0010000000
0000001000
0000000000
0000000000
0000000000
,
0000000100
0000000001
0000000010
0000000100
0000001000
0000000001
0000010000
0000000100
,
0000010000
0000001000
0001000000
0000100000
1000000000
0000000000
0000000000
0000000000
,
0010000000
0000000000
0010000000
0000000000
0100000000
0001000000
1000000000
0000100000
,
0010000000
0000100000
0100000000
0010000000
0100000000
0000000000
0000000000
0000000000
,
0010000000
1000000000
0100000000
0010000000
0001000000
1000000000
0010000000
0000100000
,
0000010000
0000000000
0000001000
0000000000
0000000100
0000000000
0000000010
0000000000
0000000001
0000000000
0000010000
0000000000
0000000010
0000000000
0000000100
0000000001
,
0000001000
0000000000
0001010000
0000000000
,
0010110000
0001111000
0000110100
0001111000
,
0001111000
0000000000
0000000000
0000000000
0000000000
0000000000
0000000000
0000000000
0000110000
0001001000
0000110000
0001001000
0000110000
0001001000
0000110000
0001001000
,
0000110000
0000000000
0000000000
0000000000