0000000000
0000000000
0000000000
0000000000
,
0000000000
0000000000
0000000000
0000000000
,
0000000000
0000000000
0000000000
0000000000
,
1000000000
0000000000
0100000000
0000000000
0010000000
0000000000
0001000000
0000000000
0000100000
0000010000
0000001000
0000000100
0000000010
0000000001
0000000010
0000000100
,
0000001000
0000010000
0000100000
0001000000
0010000000
0100000000
1000000000
0100000000
,
0010000000
0000000000
0001000000
0000000000
0000100000
0000000000
0000020000
0000000000
0000000000
0000000000
0000000000
0000000000
0000000000
0000000000
0000000000
0000030000
,
0000001000
0000000100
0000000010
0000000001
0000000010
0000000100
0000001000
0000010000
,
0000100000
0000000000
0001000000
0000000000
0010000000
0000000000
0200000000
0000000000
0000000000
0000000000
0000000000
0000000000
0000000000
0000000000
0000000000
0300000000
,
1000000000
0100000000
0010000000
0001000000
0000100000
0000010000
0000001000
0000000100
,
0000000010
0000000000
0000000001
0000000000
0000000010
0000000000
0000000200
0000000000
0000000000
0000000000
0000000000
0000000000
0000000000
0000000000
0000000000
0000000300
,
0000001000
0000010000
0000100000
0001000000
0010000000
0100000000
1000000000
0100000000
,
0010000000
0000000000
0001000000
0000000000
0000100000
0000000000
0000020000
0000000000
0000000000
0000000000
0000000000
0000000000
0000000000
0000000000
0000000000
0000030000
,
0000001000
0000000000
0000000100
0000000000
0000000010
0000000001
0000000010
0000000100
,
0000001000
0000010000
0000100000
0001000000
0010000000
0100000000
1000000000
0100000000
,
0010000000
0001000000
0000100000
0000010000
0000001000
0000000100
0000000010
0000000001
,
0000000010
0000000000
0000000100
0000000000
0000001000
0000000000
0000010000
0000000000
0000100000
0001000000
0010000000
0100000000
1000000000
0100000000
0010000000
0001000000
,
0000100000
0000010000
0000001000
0000000100
0000000010
0000000001
0000000010
0000000100
,
0000001000
0000010000
0000100000
0001000000
0010000000
0100000000
1000000000
0100000000
,
0010000000
0001000000
0000100000
0000010000
0000001000
0000000100
0000000010
0000000001
,
0000000010
0000000100
0000001000
0000010000
0000100000
0001000000
0010000000
0100000000
,
1000000000
0100000000
0010000000
0001000000
0000100000
0000010000
0000001000
0000000100
,
0000000010
0000000001
0000000010
0000000100
0000001000
0000010000
0000100000
0001000000
,
0010000000
0100000000
1000000000
0100000000
0010000000
0001000000
0000100000
0000010000
,
0000001000
0000000100
0000000010
0000000001
0000000010
0000000100
0000001000
0000010000
,
0000100000
0001000000
0010000000
0100000000
1000000000
0100000000
0010000000
0001000000
,
0000100000
0000010000
0000001000
0000000100
0000000010
0000000001
0000000010
0000000100
,
0000001000
0000010000
0000100000
0001000000
0010000000
0100000000
1000000000
0100000000
,
0000000000
0000000000
0010000000
0000000000
0001000000
0000000000
0000100000
0000000000
0000010000
0000000000
0000001000
0000000000
0000000100
0000000010
0000000001
0000000010
,
0000000100
0000000000
0000000000
0000001000
0000000000
0000000000
0000010000
0000000000
0000100000
0000000000
0000000000
0001000000
0000000000
0000000000
0010000000
0000000000
,
0100000000
0000000000
0000000000
1000000000
0000000000
0000000000
0100000000
0000000000
0010000000
0000000000
0001000000
0000000000
0000100000
0000000000
0000010000
0000000000
,
0000001000
0000000000
0000000100
0000000010
0000000001
0000000010
0000000100
0000001000
,
0000010000
0000000000
0000000000
0000100000
0000000000
0000000000
0001000000
0000000000
0010000000
0000000000
0100000000
0000000000
1000000000
0100000000
0010000000
0001000000
,
0000100000
0000000000
0000010000
0000001000
0000000100
0000000010
0000000001
0000000010
,
0000000100
0000000000
0000000000
0000001000
0000000000
0000000000
0000010000
0000000000
0000100000
0000000000
0001000000
0000000000
0010000000
0000000000
0100000000
0000000000
,
1000000000
0000000000
0100000000
0010000000
0001000000
0000000000
0000100000
0000000000
0000010000
0000000000
0000001000
0000000000
0000000100
0000000000
0000000010
0000000001
,
0000000010
0000000100
0000001000
0000010000
0000100000
0001000000
0010000000
0100000000
1000000000
0100000000
0010000000
0001000000
0000100000
0000010000
0000001000
0000000100
,
0000000010
0000000000
0000000001
0000000010
0000000100
0000001000
0000010000
0000100000
,
0001000000
0000000000
0000000000
0010000000
0000000000
0000000000
0100000000
0000000000
1000000000
0000000000
0100000000
0000000000
0010000000
0000000000
0001000000
0000000000
,
0000100000
0000000000
0000000000
0000000000
0000010000
0000000000
0000001000
0000000000
0000000100
0000000000
0000000010
0000000000
0000000001
0000000010
0000000100
0000000000
,
0000001000
0000000000
0000010000
0000100000
0001000000
0010000000
0100000000
1000000000
0100000000
0010000000
0001000000
0000100000
0000010000
0000001000
0000000100
0000000010
,
0000000001
0000000010
0000000100
0000001000
0000010000
0000100000
0001000000
0010000000
0100000000
1000000000
0100000000
0010000000
0001000000
0000100000
0000010000
0000001000
,
0000000100
0000000010
0000000001
0000000010
0000000100
0000001000
0000010000
0000100000
0001000000
0010000000
0100000000
1000000000
0100000000
0010000000
0001000000
0000000000
,
0000100000
0000010000
0000001000
0000000000
0000000100
0000000010
0000000001
0000000000
0000000010
0000000100
0000001000
0000000000
0000010000
0000100000
0001000000
0000000000
,
0010000000
0100000000
1000000000
0000000000
0100000000
0010000000
0001000000
0000000000
0000100000
0000010000
0000001000
0000000000
0000000100
0000000010
0000000001
0000000000
,
0000000020
0000000000
0000000000
0000000000
0000000000
0000000000
0000000000
0000000030
0000000100
0000000000
0000001000
0000000000
0000010000
0000000000
0000100000
0000000000
,
0001000000
0000000000
0010000000
0000000000
0100000000
0000000000
1000000000
0000000000
0200000000
0000000000
0000000000
0000000000
0000000000
0000000000
0000000000
0300000000
,
0010000000
0001000000
0000100000
0000010000
0000001000
0000000100
0000000010
0000000001
,
0000000010
0000000000
0000000100
0000000000
0000001000
0000000000
0000010000
0000000000
0000200000
0000000000
0000000000
0000000000
0000000000
0000000000
0000000000
0000300000
,
0001000000
0000000000
0010000000
0000000000
0100000000
1000000000
0100000000
0010000000
,
0001000000
0000100000
0000010000
0000000000
0000001000
0000000000
0000000100
0000000000
0000000010
0000000000
0000000001
0000000000
0000000010
0000000000
0000000100
0000000000
,
0000001000
0000010000
0000100000
0001000000
0010000000
0100000000
1000000000
0100000000
,
0010000000
0000000000
0001000000
0000100000
0000010000
0000001000
0000000100
0000000010
0000000001
0000000010
0000000100
0000001000
0000010000
0000100000
0001000000
0010000000
,
0100000000
1000000000
0100000000
0010000000
0001000000
0000000000
0000100000
0000000000
0000010000
0000001000
0000000100
0000000010
0000000001
0000000000
0000000010
0000000000
,
0000000100
0000001000
0000010000
0000100000
0001000000
0000000000
0010000000
0000000000
0100000000
0000000000
1000000000
0000000000
0100000000
0000000000
0000000000
0000000000
,
0010000000
0001000000
0000100000
0000010000
0000001000
0000000000
0000000100
0000000000
0000000010
0000000001
0000000010
0000000100
0000001000
0000000000
0000010000
0000000000
,
0000100000
0001000000
0010000000
0100000000
1000000000
0000000000
0100000000
0000000000
0010000000
0000000000
0001000000
0000000000
0000100000
0000000000
0000000000
0000000000
,
0000010000
0000001000
0000000100
0000000010
0000000001
0000000010
0000000100
0000001000
0000010000
0000100000
0001000000
0010000000
0100000000
1000000000
0100000000
0010000000
,
0001000000
0000100000
0000010000
0000001000
0000000100
0000000010
0000000001
0000000010
0000000100
0000001000
0000010000
0000100000
0001000000
0010000000
0100000000
1000000000
,
0100000000
0010000000
0001000000
0000100000
0000010000
0000001000
0000000100
0000000010
0000000001
0000000010
0000000100
0000001000
0000010000
0000100000
0001000000
0010000000
,
0100000000
1000000000
0100000000
0010000000
0002000000
0000000000
0000200000
0000000000
0000000000
0000000000
0000000000
0000000000
0003000000
0000000000
0000300000
0000000000
,
0000010000
0000001000
0000000100
0000000010
0000000001
0000000000
0000000010
0000000000
0000000100
0000000000
0000001000
0000000000
0000010000
0000000000
0000100000
0000000000
,
0001000000
0010000000
0100000000
1000000000
0100000000
0000000000
0010000000
0000000000
0001000000
0000000000
0000100000
0000000000
0000010000
0000000000
0000001000
0000000000
,
0000000100
0000000010
0000000001
0000000010
0000000100
0000001000
0000010000
0000100000
0001000000
0010000000
0100000000
1000000000
0100000000
0010000000
0001000000
0000100000
,
0000010000
0000001000
0000000100
0000000010
0000000001
0000000010
0000000100
0000001000
0000010000
0000100000
0001000000
0010000000
0100000000
1000000000
0100000000
0010000000
,
0001000000
0000000000
0000100000
0000010000
0000001000
0000000100
0000000010
0000000001
,
0000000010
0000000000
0000000100
0000000000
0000001000
0000000000
0000010000
0000000000
0000200000
0000000000
0000000000
0000000000
0000000000
0000000000
0000000000
0000300000
,
0001000000
0010000000
0100000000
1000000000
0100000000
0010000000
0001000000
0000100000
,
0000010000
0000001000
0000000100
0000000000
0000000010
0000000001
0000000010
0000000000
0000000200
0000000000
0000000000
0000000300
0000002000
0000000000
0000000000
0000003000
,
0000010000
0000000000
0000100000
0001000000
0010000000
0100000000
1000000000
0100000000
,
0010000000
0001000000
0000100000
0000010000
0000002000
0000000000
0000000000
0000003000
,
0000000100
0000000010
0000000001
0000000010
0000000100
0000001000
0000010000
0000100000
,
0002000000
0000000000
0000000000
0000000000
,
0013000000
0000000000
0100000000
0000000000
,
1000000000
0100000000
0010000000
0001000000
,
0000100000
0000000000
0000000000
0000000000
0000000000
0000000000
0000010000
0000001000
0000000100
0000000010
0000000001
0000000010
0000000100
0000001000
0000010000
0000100000
,
0001000000
0000000000
0000000000
0000000000