0001100000
0000000000
0000000000
0000000000
,
1100000000
0000000000
00M0000000
0M00000000
M000000000
0000000000
0000000000
0000000000
,
00MMMMMMMM
0000000000
0000000000
00MMMMMMMM
,
0000000000
0000000000
0000000000
0000000000
0000000000
0000000000
000000M000
0000000M00
00000000M0
000MMMMMMM
00000000M0
0000000M00
,
000000M000
0000000000
0000000000
0000000000
0100000000
1000000000
0001000000
0000100000
,
0000001000
0000000000
0000000000
0000010000
0000000000
0000000000
0000000010
0000000000
0000000000
0000000001
0000000000
0000000000
000M000000
0000000000
00M0000000
0000000100
0M00000000
0000000000
MMMMMMM010
0000000000
0M00000000
0000000000
00M0000000
0000000000
,
000M000010
0000000001
0000001000
0000010000
0001000000
0000100000
0100000000
1000000000
,
0000000000
0000000000
0000000000
0000000000
0000000000
0000000000
000000M000
0000000M00
00000000M0
000MMMMMMM
00000000M0
0000000M00
,
000000M000
0000000000
0000000000
0000000000
0100000000
1000000000
0001000000
0000100000
,
0000001000
0000000000
0000000000
0000010000
0000000000
0000000000
0000000010
0000000000
0000000000
0000000001
0000000000
0000000000
000M000000
0000000000
00M0000000
0000000100
0M00000000
0000000000
MMMMMMM010
0000000000
0M00000000
0000000000
00M0000000
0000000000
,
000M000010
0000000001
0000001000
0000010000
0001000000
0000100000
0100000000
1000000000
,
0000000000
0000000000
0000000000
0000000000
,
0000000000
0000000000
0000000000
0000000000
1100000000
0010000000
0000000000
0100000000
,
0000000000
0001000000
1000000000
0010000000
1000000000
0000100000
0010000000
1000000000
,
0100000000
0001000000
0010000000
0000100000
0001000000
0010000000
0100000000
0001000000
,
0000000000
0001000000
0010000000
0000001000
0001000000
0000000100
0000001000
0000000010
,
0000001000
0000000010
0001000000
0000001000
0100000000
0001000000
0100000000
0000001000
,
0001000000
0000000010
0000001000
0000000010
0001000000
0000001000
0100000000
0001000000
,
0100000000
0000001000
0001000000
0000000010
0000001000
0000000010
0001000000
0000001000
,
0100000000
0001000000
0100000000
0000001000
0001000000
0000000010
0000001000
0000000010
,
0000001000
0000000010
0000001000
0000000010
0000000100
0000000001
0000010000
0000000001
,
0000010000
0000000100
0000010000
0000000001
0000010000
0000000001
0000010000
0000000001
,
0000010000
0000000001
0000100000
0000010000
1000000000
0000100000
1000000000
0000010000
,
0000100000
0000000001
0000010000
0000000001
0000100000
0000010000
1000000000
0000100000
,
1000000000
0000010000
0000100000
0000000001
0000010000
0000000001
0000100000
0000010000
,
1000000000
0000100000
1000000000
0000010000
0000100000
0000000001
0000010000
0000000001
,
0000010000
0000000001
0000010000
0000000001
0000000100
0000000010
0000001000
0000000010
,
0000000000
0000010000
0000000100
0000000001
0000000100
0000010000
0000000001
0000010000
,
0000010001
0000000000
0000000000
0000000001
0000000000
0000000000
0000000100
0000000000
0000000100
0000000000
0000000000
0000000010
0000000000
0000000000
0000001000
0000000000
,
0000001000
0000000000
0000000000
0000000100
0000000000
0000000000
0001000000
0000000000
0000001000
0000000000
0010000000
0000000000
0001000000
0000000000
0100000000
0000000000
,
0101000000
0000000000
0100000000
0100000000
0001000000
0010000000
0000001000
0001000000
,
0000000100
0000000000
0000000000
0000001000
0000000000
0000000000
0000000010
0000000000
0000000100
0000000000
0000000001
0000000000
0000010000
0000000000
0000000001
0000000000
,
0000010001
0000000000
0000000001
0000010000
0000000100
0000000000
0000100000
0000010000
,
0010000000
0000000000
0000100000
1000000000
0010000000
0100000000
0001000000
0100000000
,
0101000000
0000000000
0000000000
0000000000
0001000000
0010000000
0001000000
0000000000
0100000000
0010000000
0100000000
0000000000
0000100000
0010000000
0000100000
0000000000
,
1000000000
0010000000
1000000000
0000000000
0000100000
0000000000
0001000000
0000000000
0000100000
0000000000
0001000000
0000000000
0000100000
0000000000
0001000000
0000000000
,
0001100000
0000000000
0000000000
0000000000
,
0000011000
0000000000
0000000M00
00000000M0
000000000M
0000000000
0000000000
0000000000
,
MMMMMMMM11
0000000000
0000000000
MMMMMMMM00
,
0000000000
0000000000
0000000000
0000000000
0000000000
0000000000
000M000000
00M0000000
0M00000000
MMMMMMM000
0M00000000
00M0000000
,
000M000010
0000000001
0000001000
0000010000
0000000000
0001000000
0000100000
0100000000
,
1000000000
0000000000
0000000000
0000000000
0000000000
0000000000
000000M000
00000M0000
0000M00000
000MMMMMMM
0000M00000
00000M0000
,
000000M000
0000000000
0000000000
0000000000
0100000000
1000000000
0001000000
0000100000
,
0000001000
0000000000
0000000000
0000010000
0000000000
0000000000
0000000010
0000000000
0000000000
0000000001
0000000000
0000000000
000M000000
0000000000
00M0000000
0000000100
0M00000000
0000000000
MMMMMMM010
0000000000
0M00000000
0000000000
00M0000000
0000000000
,
000M000010
0000000001
0000001000
0000010000
0001000000
0000100000
0100000000
1000000000
,
0000000000
0000000000
0000000000
0000000000
0000000000
0000000000
000000M000
0000000M00
00000000M0
000MMMMMMM
00000000M0
0000000M00
,
000000M000
0000000000
0000000000
0100000000
1000000000
0000000000
0001000000
0000100000
,
0000001000
0000010000
0000000010
0000000001
0000000000
0000000100
0000000010
0000000000
,
0000000011
0000000000
0000011000
0000000000
0001100000
0010000000
0000000000
0001000000
,
0000000000
0100000000
0001000000
0010000000
0001000000
0100000000
0010000000
0001000000
,
0000100000
1000000000
0010000000
0100000000
1000000000
0010000000
0000100000
1000000000
,
0000000000
1000000000
0010000000
0100000000
1000000000
0100000000
1000000000
0100000000
,
1000000000
0100000000
0010000000
0001000000
0000100000
0000001000
0000010000
0001000000
,
0000001000
0000010000
0000001000
0000010000
0000000000
0000010000
0000001000
0000000000
,
0000001000
0000010000
0001000000
0010000000
0100000000
1000000000
0010000000
0100000000
,
0010000000
1000000000
0100000000
1000000000
0000000000
0010000000
0100000000
0000000000
,
1000000000
0100000000
0010000000
0001000000
0000100000
0000001000
0000010000
0001000000
,
0000100000
0001000000
0000001000
0000010000
0000000000
0000010000
0000001000
0000000000
,
0000001000
0000010000
0001000000
0010000000
0100000000
1000000000
0100000000
0010000000
,
0001000000
0010000000
0100000000
1000000000
0000000000
0010000000
0100000000
0000000000
,
0010000000
1000000000
0010000000
1000000000
0100000000
1000000000
0010000000
0100000000
,
0010000000
1000000000
0000100000
0000000000
0010000000
0000000000
0000010000
0000000000
0000100000
0000000000
0000000100
0000000000
0000010000
0000000000
0000000001
0000000000
,
0000010000
0000000100
0000010000
0000000000
0000000001
0000000100
0000000001
0000000000
0000001000
0000000100
0000001000
0000000000
0000000010
0000000100
0000000010
0000000000
,
0000010000
0000000001
0000010000
0000000001
0000010000
0000000001
0000010000
0000000001
0000020000
0000000000
0000000000
0000000000
0000000000
0000000000
0000000000
0000000000
,
0000030001
0000000100
0000000010
0000001000
0000000100
0001000000
0000001000
0010000000
,
0001000000
0100000000
0010000000
0100000000
0002000000
0000000000
0000000000
0000000000
,
0103000000
0010000000
1000000000
0000100000
0010000000
0000010000
0000100000
0000000100
,
0000010000
0000000001
0000000100
0000000010
0000002000
0000000000
0000000000
0000000000
,
0000003010
0000000100
0000001000
0000000100
0000000010
0000000001
0000000010
0000000001
,
0000000010
0000000100
0000001000
0000010000
0000000100
0000010000
0000001000
0000010000
,
0001000000
0010000000
0001000000
0000010000
0000001000
0000000100
0000000010
0000001000
,
0000002020
0000000000
0000000000
0000003030
,
0000000011
0000000000
0000011000
0000000000
,
0000001010
0001001000
0101000000
1000100000
,
0000110000
0000000000
0000000000
0000000000
0000010000
0000100000
0000010000
0000100000
0000010000
0000100000
0000010000
0000100000
0000010000
0000100000
0000010000
0000100000
,
0000110000
0000000000
0000000000
0000000000
&

0000011000
0000000000
0000000000
0000000000
,
0001100000
0000000000
0000000000
0000000000
,
1100000000
0000000000
0000000000
0000000000
,
0000000000
0000000000
0000000000
0000000000
,
0100000000
1000000000
0001000000
0000100000
0000001000
0000010000
0000000010
0000000001
,
0000000000
0000000000
0000000000
0000000000
,
0000000000
0000000000
0000000000
0000000000
0000000010
0000000001
0000001000
0000010000
,
0001000000
0000100000
0100000000
1000000000
0000000000
0010000000
0100000000
0000000000
,
0100000000
1000000000
0001000000
0000100000
0000001000
0000010000
0000000010
0000000001
,
0000000000
0000000000
0000000000
0000000000
,
0000000000
0000000000
0000000000
0000000000
0000000010
0000000001
0000001000
0000010000
,
0001000000
0000100000
0100000000
1000000000
0000000000
0010000000
0100000000
0000000000
,
1100000000
0000000000
0001100000
0000000000
0000011000
0000000100
0000000000
0000001000
,
0000000000
0000000010
0000001000
0000000100
0000001000
0000000010
0000000100
0000001000
,
0000010000
0000000001
0000000100
0000000010
0000000001
0000000100
0000010000
0000000001
,
0000000000
0000000001
0000010000
0000000001
0000010000
0000000001
0000010000
0000000001
,
0000010000
0000000001
0000100000
0000010000
1000000000
0000100000
1000000000
0000010000
,
0000100000
0000000001
0000010000
0000000001
0000100000
0000010000
1000000000
0000100000
,
1000000000
0000010000
0000100000
0000000001
0000010000
0000000001
0000100000
0000010000
,
1000000000
0000100000
1000000000
0000010000
0000100000
0000000001
0000010000
0000000001
,
0000100000
0000010000
1000000000
0000100000
0010000000
0001000000
0100000000
0010000000
,
0100000000
0001000000
0010000000
0000001000
0001000000
0000000100
0000001000
0000000010
,
0000001000
0000000010
0001000000
0000001000
0100000000
0001000000
0100000000
0000001000
,
0001000000
0000000010
0000001000
0000000010
0001000000
0000001000
0100000000
0001000000
,
0100000000
0000001000
0001000000
0000000010
0000001000
0000000010
0001000000
0000001000
,
0100000000
0001000000
0100000000
0000001000
0001000000
0000000010
0000001000
0000000010
,
0000001000
0000000100
0001000000
0000001000
0010000000
0001000000
0100000000
0001000000
,
0000000000
0001000000
0100000000
0010000000
0001000000
0010000000
0100000000
0001000000
,
0101000000
0000000000
0000000000
0100000000
0000000000
0000000000
0010000000
0000000000
0010000000
0000000000
0000000000
1000000000
0000000000
0000000000
0000100000
0000000000
,
0000100000
0000000000
0000000000
0010000000
0000000000
0000000000
0000010000
0000000000
0000100000
0000000000
0000000100
0000000000
0000010000
0000000000
0000000001
0000000000
,
0000010001
0000000000
0000000001
0000000001
0000010000
0000000100
0000100000
0000010000
,
0010000000
0000000000
0000000000
0000100000
0000000000
0000000000
1000000000
0000000000
0010000000
0000000000
0100000000
0000000000
0001000000
0000000000
0100000000
0000000000
,
0101000000
0000000000
0100000000
0001000000
0010000000
0000000000
0000001000
0001000000
,
0000000100
0000000000
0000001000
0000000010
0000000100
0000000001
0000010000
0000000001
,
0000010001
0000000000
0000000000
0000000000
0000000001
0000000100
0000000001
0000000000
0000010000
0000000100
0000010000
0000000000
0000000010
0000000100
0000000010
0000000000
,
0000001000
0000000100
0000001000
0000000000
0000010000
0000000000
0000001000
0000000000
0000010000
0000000000
0000001000
0000000000
0000010000
0000000000
0000001000
0000000000
,
0000011000
0000000000
0000000000
0000000000
,
0000000011
0000000000
0000000000
0000000000
,
0000000000
0000000000
0000000000
0000000000
,
0000000000
0000000000
0000000000
0000000000
,
0000000000
0000000000
0000000000
0000000000
0000000010
0000000001
0000001000
0000010000
,
0001000000
0000100000
0100000000
1000000000
0000000000
0010000000
0100000000
0000000000
,
0100000000
1000000000
0001000000
0000100000
0000001000
0000010000
0000000010
0000000001
,
0000000000
0000000000
0000000000
0000000000
,
0000000000
0000000000
0000000000
0000000000
0000000010
0000000001
0000001000
0000010000
,
0001000000
0000100000
0100000000
1000000000
0000000000
0010000000
0100000000
0000000000
,
0100000000
1000000000
0001000000
0000100000
0000001000
0000010000
0000000010
0000000001
,
0000000000
0000000000
0000000000
0000000000
,
0000000000
0000000000
0000000000
0000000000
0000000011
0000000100
0000000000
0000000010
,
0000000000
0000001000
0000000001
0000000100
0000000001
0000010000
0000000100
0000000001
,
0000000010
0000001000
0000000100
0000010000
0000001000
0000000100
0000000010
0000001000
,
0000000000
0000000100
0001000000
0000001000
0001000000
0000100000
0001000000
0010000000
,
0001000000
0000100000
0000001000
0000000100
0000000010
0000000001
0000000100
0000000010
,
0000000100
0000000001
0000000010
0000000001
0000000000
0000000100
0000000010
0000000000
,
0000000001
0000000010
0000000100
0000001000
0000010000
0001000000
0000100000
0000001000
,
0001000000
0000100000
0001000000
0000100000
0000000000
0000100000
0001000000
0000000000
,
0001000000
0000100000
0000001000
0000000100
0000000010
0000000001
0000000010
0000000100
,
0000001000
0000000100
0000000010
0000000001
0000000000
0000000100
0000000010
0000000000
,
0000000001
0000000010
0000000100
0000001000
0000010000
0001000000
0000100000
0000001000
,
0000010000
0000001000
0001000000
0000100000
0000000000
0000100000
0001000000
0000000000
,
0001000000
0000100000
0000001000
0000000100
0000000010
0000000001
0000000100
0000000010
,
0000000100
0000000010
0000001000
0000000000
0000000100
0000000000
0001000000
0000000000
0000001000
0000000000
0010000000
0000000000
0001000000
0000000000
0100000000
0000000000
,
0000100000
0010000000
0000100000
0000000000
1000000000
0010000000
1000000000
0000000000
0001000000
0010000000
0001000000
0000000000
0100000000
0010000000
0100000000
0000000000
,
0000100000
1000000000
0000100000
1000000000
0000100000
1000000000
0000100000
1000000000
0000200000
0000000000
0000000000
0000000000
0000000000
0000000000
0000000000
0000000000
,
1000300000
0010000000
1000000000
0000100000
0010000000
0000010000
0000100000
0000000100
,
0000010000
0000000001
0000000100
0000000010
0000002000
0000000000
0000000000
0000000000
,
0000003010
0000000100
0000000010
0000001000
0000000100
0001000000
0000001000
0010000000
,
0001000000
0100000000
0010000000
0100000000
0002000000
0000000000
0000000000
0000000000
,
0103000000
0010000000
0001000000
0000100000
0000001000
0000000100
0000001000
0000100000
,
0001000000
0010000000
0100000000
0001000000
0100000000
0010000000
0001000000
0010000000
,
0100000000
1000000000
0100000000
1000000000
0100000000
0010000000
0001000000
0000100000
,
2000200000
0000000000
0000000000
3000300000
,
1100000000
0000000000
0001100000
0000000000
,
1000100000
0000110000
0000010001
0000001010
,
0001001000
0000000000
0000000000
0000000000
0001000000
0000001000
0001000000
0000001000
0001000000
0000001000
0001000000
0000001000
0001000000
0000001000
0001000000
0000001000
,
0001001000
0000000000
0000000000
0000000000