00000
00000
00000
00000
,
00000
00000
00000
00000
,
00000
00000
00000
00000
,
00000
00000
00000
00000
,
01010
00000
00010
00100
00001
10000
00100
00100
,
01000
00100
10000
00001
00100
00010
01000
00100
,
10010
00000
10010
10000
00010
00100
00001
01000
,
01001
00001
01000
00001
00100
00010
10000
00001
,
10001
00000
00001
00100
00010
01000
00100
00100
,
10000
00100
01000
00010
00100
00001
10000
00100
,
01001
00000
01001
00001
01000
00100
10000
00010
,
10010
10000
00010
00100
00001
01000
00002
00000
,
10003
00000
00000
00000
01010
00000
00000
00000
01000
00100
00000
00000
10010
00000
00000
00000
,
00010
00100
00000
00000
01001
00000
00000
00000
00002
00003
20000
30000
00200
00300
02000
03000
,
00020
00030
00000
00000
01010
00000
00000
00000
00010
00100
00000
00000
01001
00000
00000
00000
,
01000
00100
00000
00000
10010
00000
00000
00000
00010
00000
00100
00000
00001
00000
00000
00000
,
10100
00000
00000
00000
10001
00000
00000
00000
00001
00100
00000
00000
10010
00000
00000
00000
,
10000
00100
00000
00000
01001
00000
00000
00000
02000
03000
00020
00030
00200
00300
00002
00003
,
20000
30000
00000
00000
10001
00000
00000
00000
00001
00100
00000
00000
10010
00000
00000
00000
,
10000
00100
00000
00000
01001
00000
00000
00000
01000
00000
00100
00000
10000
00000
00000
00000
,
01010
00000
01010
00010
00110
00010
10010
00010
,
00110
00010
00011
00010
00110
00010
10010
00100
,
01001
00000
01010
01000
01100
01000
01001
01000
,
01100
01000
11000
01000
01100
01000
01001
00100
,
10010
00000
10001
00001
00101
00001
01001
00001
,
00101
00001
00011
00001
00101
00001
01001
00100
,
10010
00000
10001
10000
10100
10000
10010
10000
,
10100
10000
11000
10000
10100
10000
10010
00100
,
02002
00000
03003
00000
01001
00000
00000
00000
00001
00000
01000
00000
00100
10000
00000
00000
,
00020
00100
00030
02000
00000
03000
00002
00003
20000
00000
00000
30000
00020
00030
00100
00000
,
02002
00000
03003
00000
01001
00000
00000
00000
01000
00000
00010
00000
00100
00001
00000
00000
,
02000
00100
03000
00020
00000
00030
20000
00000
30000
00002
00000
00003
02000
03000
00100
00000
,
01000
00100
01000
00000
00001
00100
00001
00000
10000
00100
10000
00000
00010
00100
00010
00000
,
20000
00100
30000
00002
00000
00003
02000
00000
03000
00020
00000
00030
20000
30000
00100
00000
,
02002
00000
03003
00000
01001
00000
00000
00000
00001
00000
01000
00000
00100
10000
00000
00000
,
00002
00000
00003
00020
00000
00030
00002
00000
00003
20000
00000
30000
02000
03000
20000
30000
,
00200
00000
00000
00000
00000
00000
00000
00000
02000
00000
00000
00000
00000
00300
00000
00000
,
00002
00000
00000
00000
00000
03000
00000
00000
20000
00000
00000
00000
00000
00003
00000
00000
,
00020
00000
00000
00000
00000
30000
00000
00000
00200
00000
00000
00000
00000
00030
00000
00000
,
00002
00000
00000
00000
00000
00300
00000
00000
20000
00000
00000
30003
20002
00000
30003
00000
,
00001
10000
00001
10000
00100
01000
00100
01000
00010
00000
10000
00000
00010
00100
00010
00100
,
00001
00000
10000
00000
00100
00000
01000
00000
00110
00000
00000
00010
00000
00000
00010
00000
,
01000
00000
00001
00000
10000
00100
10000
00100
01000
00000
00010
00000
00100
00001
00100
00001
,
10000
00000
00100
00000
01000
00100
01000
00100
10000
00000
00000
10000
00000
00000
10000
00000
,
00010
00000
10000
00000
00001
00100
00001
00100
00010
00000
01000
00000
00100
10000
00100
10000
,
00001
00000
00100
00000
00010
00100
00010
00100
00001
00000
00000
00001
00000
00000
00001
00000
,
10000
00000
00010
00000
01000
00100
01000
00100
10000
00000
00001
00000
00100
00010
00100
00010
,
01000
00000
00100
00000
10000
00100
10000
00100
01000
00000
00000
01000
00000
00000
01000
00000
,
00001
00000
01000
00000
00010
00100
00010
00100
00001
00000
10000
00000
00100
01000
00100
01000
,
00010
00000
00100
00000
00001
00000
00010
00000
00100
00000
01000
00000
00010
00100
00010
00100
,
00001
00000
01000
00000
00100
10000
00100
10000
00010
00000
01000
00000
00010
00100
00010
00100
,
01000
00100
01000
00100
10000
00100
10000
00100
00001
00100
00001
00100
00001
10000
00001
10000
,
00200
00000
00000
00000
00300
00200
00000
00300
00200
00300
00000
00000
00000
00000
00000
00200
,
00000
00300
00200
00000
00300
00200
00000
00000
00300
00200
00000
00300
00200
00000
00000
00300
,
00000
00000
00000
00200
00000
00300
00200
00000
00300
00200
00300
00000
00000
00000
00000
00000