00000
00000
00200
00000
,
00000
00000
00000
00000
00000
00300
00000
00000
01010
00000
00000
00000
10001
00000
00000
00000
,
10000
00001
10000
00001
00100
00010
01000
00100
02000
00000
00000
00000
00020
00000
03000
00000
,
20000
00000
00000
00030
00000
00000
00000
00000
00000
00000
00000
30000
00002
00000
00000
00003
,
01000
00001
10000
00010
01000
00000
00010
10000
00100
01000
00001
10000
00010
01000
00001
00100
,
00010
00000
00001
00010
00100
00000
10000
01000
00100
00000
10000
00100
00001
00010
00100
00010
,
02000
00000
03000
00000
00001
00100
00001
00000
01000
00100
01000
00000
00010
00100
00010
00000
,
02000
00000
03000
00000
00100
10000
00010
00000
00100
00001
01000
00100
00010
00001
00100
00000
,
20000
00000
30000
00000
01000
00100
10000
01000
00001
00100
00001
00010
00100
00001
10000
00100
,
02000
00000
03000
00000
00100
10000
01000
00100
00001
01000
00010
00100
00001
01000
00010
01000
,
00002
00000
00003
00000
01000
00100
10000
00100
00001
00010
00100
00001
00010
00001
00100
00010
,
20000
00000
30000
00000
01000
00100
00001
00010
00100
01000
00100
10000
00010
00100
01000
00000
,
10000
00010
00000
00000
00000
00000
01001
00000
00000
00000
00000
10000
00010
00000
00000
00000
01001
00000
00000
00000
10010
00000
00000
00000
00000
00000
00100
00001
00000
00000
00000
00000
,
01010
00000
00000
00000
00000
00100
10000
00000
00000
00000
00010
00000
00000
00000
01001
00000
00000
00000
00000
00000
20002
00000
00000
00000
00000
00000
00000
00000
00000
00000
00000
00000
,
00000
00000
00000
00000
00000
00000
00000
00000
00000
00000
00000
00000
30003
00000
00000
00000
00000
00000
00000
00000
00010
10000
00000
00000
00000
00000
00001
01000
00000
00000
00000
00000
,
10000
00010
00000
00000
00000
00000
00001
00000
01000
00000
00100
00000
01000
00000
00001
00000
00010
00000
00001
00000
00010
00000
00100
00000
01000
00000
00010
00000
00100
00000
00010
00000
,
00001
00100
10000
00010
01000
00001
01000
00100
10000
01000
10000
01000
00100
00010
01000
00010
,
10000
00100
01000
00010
00100
00001
02000
00020
00000
00000
00000
00000
00000
00000
00000
03030
,
00000
00000
00000
00000
00000
00000
10101
00000
00000
00000
00000
00000
00000
00000
10000
00001
00000
00000
00000
00000
00001
00100
00000
00000
00000
00000
00100
00010
00000
00000
00000
00000
,
00010
01000
00100
00000
00000
00000
00000
00000
01110
00000
00000
00000
00000
00000
00000
00000
01110
00000
00000
00000
00010
00000
00000
00000
10110
00000
00000
00000
00010
00000
00000
00000
,
01110
00010
10110
00010
00111
00010
10110
00010
,
00111
00010
01110
00000
01110
01000
01101
01000
,
01110
01000
01101
01000
11100
01000
01101
01000
,
11100
01000
01110
00000
10101
00001
01101
00001
,
10101
00001
01101
00001
00111
00001
01101
00001
,
00111
00001
10101
00000
10101
10000
10110
10000
,
10101
10000
10110
10000
11100
10000
10110
10000
,
11100
00000
00000
00000
10000
00000
00000
00000
20002
00000
00000
00000
00000
00003
30000
00000
00100
00000
10000
00000
00010
00000
01000
00000
00001
00000
00000
00000
10000
00000
00000
00000
,
01000
10000
00100
01000
00002
00000
00003
02000
00000
03000
00020
00030
20000
00000
00000
30000
,
00001
00000
00000
00000
00100
00000
00000
00000
00020
20000
00000
00000
00000
00030
30000
00000
00100
00000
10000
00000
00010
00000
01000
00000
00001
00000
00000
00000
01000
00000
00000
00000
,
00001
00100
00010
01000
00002
00000
00003
02000
00000
03000
00020
00030
20000
00000
00000
30000
,
00001
00000
00010
00000
00001
01000
00001
10000
00100
01000
00100
10000
00001
00100
00010
10000
,
00001
00100
00001
10000
00002
00100
00003
20000
00100
30000
00020
00030
02000
00000
00000
03000
,
00100
00000
10100
00000
00010
01000
00010
10000
00100
01000
00100
10000
00001
00100
00010
10000
,
00001
00100
00001
10000
00020
00100
00030
02000
00100
03000
00002
00003
20000
00000
00000
30000
,
00010
01000
00002
00000
00000
00000
02000
00003
,
00000
00000
00020
03000
00000
00000
00200
00030
,
00000
00000
00002
00300
00000
00000
20000
00003
,
00000
00000
00000
00000
00020
00000
30000
00000
00000
00000
00000
00000
00230
00000
00000
00300
,
00002
00000
00000
00000
00000
00000
00003
00000
10000
00100
10000
00000
01000
00000
00100
00000
00001
00000
01000
00000
01000
00000
00100
00000
01000
00000
00010
00000
00100
00000
00001
00000
,
10000
00100
10000
00000
00001
00000
00100
00000
10000
00000
01000
00000
00100
00000
01000
00000
00001
00000
10000
00000
00100
00000
10000
00000
10100
00000
00000
00000
00000
00110
00000
00000
,
00000
00000
01001
00000
00000
00000
01000
00100
01000
00000
00010
00000
00100
00000
01000
00000
10000
00000
00001
00000
00100
00000
00001
00000
10000
00000
00100
00000
01000
00000
00010
00100
,
00010
00000
01000
00000
00100
00000
00010
00000
00001
00000
10000
00000
00100
00000
10000
00100
10000
00000
00001
00000
00100
00000
00101
00000
00000
00000
00000
01100
00000
00000
00000
00000
,
10010
00000
00000
00000
00010
00100
00010
00000
01000
00000
00100
00000
00010
00000
00001
00000
00010
00000
00100
00000
01000
00000
00010
00000
01000
00000
00100
00000
00010
00100
00010
00000
,
00001
00000
00100
00000
10000
00000
01000
00000
00100
00000
10000
00000
01000
00100
01000
00000
10000
00000
00100
00000
01100
00000
00000
00000
00000
00101
00000
00000
00000
00000
10010
00000
,
00000
00000
00010
00000
01000
00000
00100
00000
10000
00000
00010
00100
00010
00000
01000
00000
00100
00000
01000
00000
00010
00000
00100
00000
00001
00000
01000
00100
01000
00000
00010
00000
,
00100
00000
00010
00000
00001
00000
00010
00000
00100
00000
01000
10000
01000
00000
00100
00000
00010
00000
00110
00000
00000
00000
00000
10100
00000
00000
00000
00000
01001
00000
00000
00000
,
01000
00000
00100
00000
10000
00000
00010
00000
01000
00100
01000
00000
00010
00000
00100
00000
00001
00000
10000
00000
00010
00000
00100
00000
00001
00010
00001
00000
00100
00000
00010
00000
,
10000
00100
10000
00000
00010
00000
01000
00000
00001
00100
00001
00000
00100
00000
00010
00000
00001
00000
00010
00000
00100
00000
01000
00000
10000
00000
01000
00000
00100
00000
00010
00000
,
01000
00000
01000
00000
00001
00000
01000
00000
00100
10000
00100
00000
01000
00000
00001
00000
00100
00000
00001
00000
01000
00000
00001
00000
00100
00010
00100
00000
00001
00000
00100
00000
,
00010
00001
00010
00000
00100
00000
00001
00000
01000
00100
01000
00000
00100
00000
00010
00000
00001
00000
00100
00000
00010
00000
00001
00000
00100
00000
10000
00000
01000
00000
00200
00000
,
00020
00000
00000
00000
,
00000
00000
00000
00000
,
00000
00000
00000
00000
00000
00000
00000
00000
00000
00000
00000
00000
00300
00030
00000
00000