0000000000
0000000000
0000000000
0000000000
0000000000
0000000000
0000000000
0000000000
0000000000
0000000000
0000000000
0000000000
0000000000
0000000000
0000000000
0000000000
2000000000
0000000000
0000000000
0000000000
0020000000
3000000000
0000000000
0000000000
0200000000
0030000000
0000000000
0000000000
0020000000
0030000000
0000000000
0000000000
,
0002000000
0300000000
0000000000
0000000000
0020000000
0003000000
0000000000
0000000000
0000200000
0030000000
0000000000
0000000000
0020000000
0030000000
0000000000
0000000000
2000000000
0000300000
0000000000
0000000000
0020000000
0030000000
0000000000
0000000000
0000200000
3000000000
0000000000
0000000000
0020000000
0030000000
0000000000
0000000000
,
2000000000
0000300000
0000000000
0000000000
0020000000
0030000000
0000000000
0000000000
0000200000
3000000000
0000000000
0000000000
0020000000
0000300000
0000000000
0000000000
0000002000
0030000000
0000000000
0000000000
0000020000
0000003000
0000000000
0000000000
0000000002
0000030003
0000000000
0000000000
0000020002
0000000003
0000000000
0000000000
,
0000000200
0000000300
0000000000
0000000000
0000000200
0000030000
0000000000
0000000000
0000020000
0000030000
0000000000
0000000000
0000020000
0000030000
0000000000
0000000000
0002000000
0000000300
0000000000
0000000000
0000200000
0003000000
0000000000
0000000000
2000000000
3000300000
0000000000
0000000000
2000200000
3000000000
0000000000
0000000000
,
0020000000
0030000000
0000000000
0000000000
0020000000
0030000000
0000000000
0000000000
0020000000
0030000000
0000000000
0000000000
0020000000
0000300000
0000000000
0000000000
0000200000
0030000000
0000000000
0000000000
0002000000
0000300000
0000000000
0000000000
0000002000
0003000000
0000000000
0000000000
0000020000
0000003000
0000000000
0000000000
,
0000000200
0000000300
0000000000
0000000000
0000000020
0000030030
0000000000
0000000000
0000020010
0000030000
0000000100
0000000000
0000002002
0000003000
0000000000
0000000000
0000020000
0000000003
0000000000
0000000000
0000002000
0000030000
0000000000
0000000000
0002000000
0000003000
0000000000
0000000000
0000200000
0003000000
0000000000
0000000000
,
0020000000
0030000000
0000000000
0000000000
0200000000
0300300000
0000000000
0000000000
0100200000
0000300000
0010000000
0000000000
2002000000
0003000000
0000000000
0000000000
0000200000
0000300000
0000000000
0000000000
0000200000
3000000000
0000000000
0000000000
0002000000
0003000000
0000000000
0000000000
0002000000
0000300000
0000000000
0000000000
,
0000020000
0000030000
0000000000
0000000000
0000020000
0003000000
0000000000
0000030000
0020000000
0030000000
2000000000
0000000000
0200000000
3000000000
0000000000
0000000000
0000200000
0300300000
0000000000
0000000000
0000200000
0000000000
0000000000
0000000000
0002000000
0003000000
0000000000
0000000000
0002000000
0000300000
0000000000
0000000000
,
0000020000
0000030000
0000000000
0000000000
0000020000
0003000000
0000000000
0000000000
0001000000
0000030000
0000200000
0000000000
0000002000
0000300000
0000000000
0000003000
0020000000
0030000000
0000000000
0000000000
2000000000
3000000000
0000000000
0000000000
0000000200
0000000300
0000000000
0000000000
0000000002
0000000000
0000000000
0000000000
,
0000002000
0000003000
0000000000
0000000000
0000002000
0000003000
0000000000
0000000003
0000002000
0000000000
0000000200
0000000300
0000000002
0000003000
0000000000
0000000000
0000020000
0000000003
0000000000
0000000000
0002000000
0000030000
0000000000
0003000000
0000200000
0000300000
0020000000
0000000000
2000000000
3030000000
0000000000
0000000000
,
0200200000
0000000000
0000000000
0000000000
0000000000
0000000000
0000000000
0000000000
0000000000
0000000000
0000000000
0000000000
0000000000
0000300000
0000000000
0000000000
0000000200
0300000300
0000000000
0000000000
0000020200
0000030000
0000000000
0000000000
0020000000
0030000300
0000000000
0000000000
0020200000
0000300000
0000000000
0000000000
,
0000002000
0030000000
0000000000
0000000000
0000020000
0000003000
0000000000
0000000000
0000000002
0000030003
0000000000
0000000000
0000000202
0000000300
0000000000
0000000000
0000000020
0000000030
0000000000
0000000000
0000000020
0000000003
0000000000
0000000000
0000000002
0000000003
0000000000
0000000000
0000000002
0000000030
0000000000
0000000000
,
0000000020
0000000030
0000000000
0000000003
0000002000
0000003000
0000000200
0000000000
0000020000
0000030300
0000000000
0000000000
0000020002
0000030000
0000000000
0000000000
0020000000
0030000003
0000000000
0000000000
0020200000
0000300000
0000000000
0000000000
0000000200
0030000300
0000000000
0000000000
0000020200
0000030000
0000000000
0000000000
,
0002000000
0000000300
0000000000
0000000000
0000200000
0003000000
0000000000
0000000000
2000000000
3000300000
0000000000
0000000000
2020000000
3000000000
0000000000
0000000000
0200000000
0300000000
0000000000
0000000000
0200000000
0300000000
0000000000
0000000000
2000000000
3000000000
0000000000
0000000000
2000000000
3000000000
0000000000
0000000000
,
0200000000
0330000000
0000000000
0000000000
0002001000
0003000000
0000002000
0000003000
0000020000
0000030000
0000000002
0000000000
0000020000
0000030000
0000000000
0000000000
0000020000
0000000003
0000000000
0000000000
0020000000
0000030000
0000000000
0000000000
0200000000
0330000000
0000000000
0000000000
2200000000
0300000000
0000000000
0000000000
,
0002000000
3000000000
0000000000
0000000000
0000000200
0003000000
0000000000
0000000000
0000000002
0000000303
0000000000
0000000000
0000000022
0000000003
0000000000
0000000000
0000020000
0000000030
0000000000
0000000000
0020000000
0000030000
0000000000
0000000000
0200000000
0330000000
0000000000
0000000000
2200000000
0300000000
0000000000
3000000000
,
0002000000
0003000000
0000002000
0000003000
0000200000
0000300000
0000020000
0000030000
0000002000
0000003000
0000000200
0000000000
0000020000
0000030000
0000000000
0000000000
0000020000
0000000300
0000000000
0000000000
0000002000
0000030000
0000000000
0000000000
0002000000
0000003000
0000000000
0000000000
0000200000
0003000000
0000000000
0000000000
,
0020000000
0030000000
0000000000
0000000000
0200000000
0300300000
0000000000
0000000000
0100200000
0000300000
0010000000
0000000000
2002000000
0003000000
0000000000
0000000000
0000200000
3000000000
0000000000
0000000000
0002000000
0000300000
0000000000
0000000000
0000002000
0003000000
0000000000
0000000000
0000020000
0000003000
0000000000
0000000000
,
0000000200
0000000300
0000000000
0000000000
0000000020
0000030030
0000000000
0000000000
0000020010
0000030000
0000000100
0000000000
0000002002
0000003000
0000000000
0000000000
0000020000
0000030000
0000000000
0000000000
0000020000
0000000003
0000000000
0000000000
0000002000
0000003000
0000000000
0000000000
0000002000
0000030000
0000000000
0000000000
,
0000200000
0000300000
0000000000
0000000000
0000200000
0000003000
0000000000
0000300000
0000000200
0000000300
0000000002
0000000000
0000000020
0000000003
0000000000
0000000000
0000020000
0000030000
0000000000
0000000000
0000020000
0000000030
0000000000
0000000000
0000002000
0000003000
0000000000
0000000000
0000002000
0000030000
0000000000
0000000000
,
0000200000
0000300000
0000000000
0000000000
0000200000
0000003000
0000000000
0000000000
0000001000
0000300000
0000020000
0000000000
0002000000
0003030000
0000000000
0000000000
0000002200
0000003300
0000000000
0000000000
0000020020
0000030030
0000000000
0000000000
0000000202
0000000303
0000000000
0000000000
0000022000
0000033000
0000000000
0000000000
,
0022000000
0033000000
0000000000
0000000000
0200200000
0300300000
0000000000
0000000000
2020000000
3030000000
0000000000
0000000000
0002200000
0003300000
0000000000
0000000000
0000000022
0000000000
0000000000
0000000000
0000000000
0000000000
0000000000
0000000000
0000000000
0000000000
0000000000
0000000000
0000000000
0000000000
0000000000
0000000000
,
0000000033
0000000000
0000000000
0000000000