// measure 0
00000
00000
20002
00000
,  // measure 1
00000
00000
30103
10001
,  // measure 2
01000
00010
01000
00010
10000
01000
00100
00010
01000
00000
00000
00000
00020
00000
00000
00000
,  // measure 3
02000
00000
00200
00000
00000
00000
00000
03330
,  // measure 4
01010
00000
00010
00100
01000
00000
00001
00100
10000
00000
00001
00100
10000
00010
00100
01000
,  // measure 5
00010
00000
00001
00100
10000
00000
00001
00100
10000
00000
00010
00100
01000
00010
00100
01000
,  // measure 6
20000
00000
30000
00000
00100
01000
00100
00000
00100
00010
00100
00000
00100
10000
00100
00000
,  // measure 7
00100
00001
00100
00000
00100
01000
00100
00000
00100
00010
00100
00000
00100
10000
00100
00000
,  // measure 8
01010
00000
01000
00100
00010
00000
10000
00100
00001
00000
10000
00100
00001
01000
00100
00010
,  // measure 9
01000
00000
10000
00100
00001
00000
10000
00100
00001
00000
01000
00100
00010
01000
00100
00010
,  // measure 10
00002
00000
00003
00000
00100
00010
00100
00000
00100
01000
00100
00000
00100
00001
00100
00000
,  // measure 11
00100
10000
00100
00000
00100
00010
00100
00000
00100
01000
00100
00000
00100
00001
00100
00000
,  // measure 12
10001
00000
00000
00000
01010
00000
00000
00000
01000
00100
00000
00000
10010
00000
00000
00000
00010
00100
00000
00000
01001
00000
00000
00000
00001
00000
10000
00000
00100
00000
01000
00000
00010
00000
00000
00000
01010
00000
00000
00000
00010
00100
00000
00000
01001
00000
00000
00000
01000
00100
00000
00000
10010
00000
00000
00000
00010
00000
00100
00000
00001
00000
00000
00000
,  // measure 13
10100
00000
00000
00000
10001
00000
00000
00000
00001
00100
00000
00000
10010
00000
00000
00000
10000
00100
00000
00000
01001
00000
00000
00000
01000
00000
00010
00000
00100
00000
00001
00000
10000
00000
00000
00000
10001
00000
00000
00000
00001
00100
00000
00000
10010
00000
00000
00000
10000
00100
00000
00000
01001
00000
00000
00000
01000
00000
00100
00000
10000
00000
00000
00000
,  // measure 14
01010
00000
00010
00100
01000
00000
00001
00100
10000
00000
00001
00100
10000
00010
00100
01000
,  // measure 15
00010
00000
00001
00100
10000
00000
00001
00100
10000
00000
00010
00100
01000
00010
00100
01000
,  // measure 16
11000
00000
01000
00100
00010
00000
01000
00100
00010
00000
10000
00100
00001
10000
00100
00001
,  // measure 17
00010
00000
00001
00100
10000
00000
00001
00100
10000
00000
00010
00100
01000
00010
00100
01000
,  // measure 18
11000
00000
10000
00100
00001
00000
01000
00100
00010
00000
01000
00100
00010
10000
00100
00001
,  // measure 19
10000
00000
01000
00100
00010
00000
01000
00100
00010
00000
10000
00100
00001
10000
00100
00001
,  // measure 20
00011
00000
00001
00100
10000
00000
00001
00100
10000
00000
00010
00100
01000
00010
00100
01000
,  // measure 21
10000
00000
01000
00100
00010
00000
01000
00100
00010
00000
00001
00100
10001
00000
00001
00000
,  // measure 22
02000
00020
00000
00000
00000
03000
00030
00000
00100
00000
00001
00000
10000
00000
00100
00000
01000
00000
00000
00000
00010
00000
00000
00000
00100
00000
00001
00000
00000
00000
00000
00000
,  // measure 23
20000
00100
30000
00002
00100
00003
02000
03000
00020
00000
00000
00030
20000
30000
00002
00003
,  // measure 24
02000
00020
00000
00000
00000
03000
00030
00000
00100
00000
00001
00000
10000
00000
00100
00000
01000
00000
00000
00000
00100
00000
00000
00000
00100
00000
10000
00000
00000
00000
00000
00000
,  // measure 25
00002
00100
00003
20000
00100
30000
00020
00030
02000
00000
00000
03000
00002
00003
20000
30000
,  // measure 26
01000
00100
01000
00100
00010
00100
00010
00100
00001
00100
00001
00100
10000
00100
10000
00100
,  // measure 27
00002
00100
00003
20000
00100
30000
00020
00030
02000
00000
00000
03000
00002
00003
20000
30000
,  // measure 28
00020
02000
00000
00000
00000
00030
03000
00000
00010
00000
00100
00000
00001
00000
00010
00000
00100
00000
00000
00000
01000
00000
00000
00000
00010
00000
00100
00000
00000
00000
00000
00000
,  // measure 29
00002
00000
00003
00020
00000
00030
00002
00000
00003
20000
00000
30000
02000
03000
20000
30000
,  // measure 30
00200
00000
00000
00000
02000
00000
00000
00300
,  // measure 31
00002
00000
00000
03000
20000
00000
00000
00003
,  // measure 32
00020
00000
00000
30000
00200
00000
00000
00030
,  // measure 33
00002
00000
00000
00000
00000
00000
00300
00000
20000
00000
00000
30003
20202
00000
30303
00000
,  // measure 34
00100
00000
01000
00000
00001
00000
00100
00000
00010
00100
00010
00000
10000
00000
00100
00000
01000
00000
00010
00000
00100
00000
00010
00000
10000
00100
10000
00000
00010
00000
00100
00000
,  // measure 35
00001
01000
00100
10000
00001
00100
00001
10000
10101
00000
00000
00101
00000
00000
00001
00000
,  // measure 36
00100
00000
00010
00000
10000
00000
00100
00000
01000
00100
01000
00000
00001
00000
00100
00000
00010
00000
01000
00000
00100
00000
01000
00000
00001
00100
00001
00000
01000
00000
00100
00000
,  // measure 37
10000
00000
00010
00000
00100
00000
00001
00000
10000
00100
10000
00000
00001
00000
10000
00000
10101
00000
00000
00000
00000
00000
10100
00000
00000
00000
00000
00000
10000
00000
00000
00000
,  // measure 38
00001
00000
00010
00000
00001
00000
00100
00000
00010
00001
00010
00000
00100
00000
00001
00000
00010
00000
00001
00000
00100
00000
00010
00000
00001
00010
00100
00000
00001
00000
00010
00000
,  // measure 39
00001
00000
00100
00000
00010
00000
00001
00000
00010
00100
00001
00000
00010
00000
00001
00000
00111
00000
00000
00000
00000
00000
00101
00000
00000
00000
00000
00000
00001
00000
00000
00000
,  // measure 40
10000
00000
01000
00000
10000
00000
00100
00000
01000
10000
01000
00000
00100
00000
10000
00000
01000
00000
10000
00000
00100
00000
01000
00000
10000
01000
00100
00000
10000
00000
01000
00000
,  // measure 41
10000
00000
00100
00000
01000
00000
10000
00000
01000
00100
10000
00000
01000
00000
10000
00000
11100
00000
00000
00000
00000
00000
10100
00000
00000
00000
00000
00000
10000
00000
00000
00000
,  // measure 42
00001
00000
00100
00000
10000
00000
00100
00000
00001
10000
00100
00000
00001
00000
00100
00000
10000
00000
00001
00000
00100
00000
10000
00000
00100
00001
10000
00000
00100
00000
00001
00000
,  // measure 43
00100
00000
10000
00000
00001
00000
00100
00000
10000
00000
00100
00000
00001
00000
10000
00000
00100
00000
00001
00000
00100
00000
10000
00000
00001
00100
10000
00000
00100
00000
00001
00000
,  // measure 44
01000
00000
00100
00000
00010
00000
00100
00000
01000
00010
00100
00000
01000
00000
00100
00000
00010
00000
01000
00000
00100
00000
00010
00000
00100
01000
00010
00000
00100
00000
01000
00000
,  // measure 45
00100
00010
01000
00100
00010
00100
01000
00010
00100
01000
00100
00010
01000
00100
00010
00100
,  // measure 46
02002
03003
02002
03003
02002
03003
02002
03003
02002
03003
02002
03003
02002
03003
02002
03003
02002
03003
02002
03003
02002
03003
02002
03003
02002
03003
02002
03003
02002
03003
02002
03003
,  // measure 47
02002
03003
02002
03003
02002
03003
02002
03003
02002
03003
02002
03003
02002
03003
02002
03003
02002
03003
02002
03003
02002
03003
02002
03003
02002
03003
02002
03003
02002
03003
02002
03003
,  // measure 48
02002
03003
02002
03003
02002
03003
02002
03003
02002
03003
02002
03003
02002
03003
02002
03003
02002
03003
02002
03003
02002
03003
02002
03003
00000
00000
00000
00000
00000
00000
00000
00000