0000000000
0000000000
0020000200
0000000000
,
0000000000
0000000000
0030110300
0010000100
,
0001000000
0000001000
0001000000
0000001000
0010000000
0001000000
0000100000
0000010000
0000001000
0000000000
0000000000
0000000000
0000000200
0000000000
0000000000
0000000000
,
0020000000
0000000000
0000002000
0000000000
0000000000
0000000000
0000000000
0030003300
,
0001001000
0000000000
0000001000
0000100000
0001000000
0000000000
0000010000
0001000000
0000100000
0000000000
0000010000
0000001000
0000100000
0000001000
0000010000
0001000000
,
0000001000
0000000000
0000010000
0001000000
0000100000
0000000000
0000010000
0000001000
0000100000
0000000000
0000001000
0000010000
0001000000
0000001000
0000100000
0001000000
,
0020000000
0000000000
0030000000
0000000000
0000100000
0010000000
0000100000
0000000000
0000100000
0001000000
0000100000
0000000000
0000100000
0000001000
0000100000
0000000000
,
0000100000
0000000100
0000100000
0000000000
0000100000
0000001000
0000100000
0000000000
0000100000
0001000000
0000100000
0000000000
0000100000
0010000000
0000100000
0000000000
,
0001001000
0000000000
0001000000
0000010000
0000001000
0000000000
0000100000
0000001000
0000010000
0000000000
0000100000
0001000000
0000010000
0001000000
0000100000
0000001000
,
0001000000
0000000000
0000100000
0000001000
0000010000
0000000000
0000100000
0001000000
0000010000
0000000000
0001000000
0000100000
0000001000
0001000000
0000010000
0000001000
,
0000000200
0000000000
0000000300
0000000000
0000010000
0000000100
0000010000
0000000000
0000010000
0000001000
0000010000
0000000000
0000010000
0001000000
0000010000
0000000000
,
0000010000
0010000000
0000010000
0000000000
0000010000
0001000000
0000010000
0000000000
0000010000
0000001000
0000010000
0000000000
0000010000
0000000100
0000010000
0000000000
,
0010000100
0000000000
0000000000
0000000000
0000110000
0000000000
0000000000
0000000000
0001000000
0000010000
0000000000
0000000000
0000101000
0000000000
0000000000
0000000000
0000001000
0000100000
0000000000
0000000000
0001010000
0000000000
0000000000
0000000000
0000000100
0000000000
0000001000
0000000000
0000010000
0000000000
0000100000
0000000000
0001000000
0000000000
0000000000
0000000000
0010000100
0000000000
0000000000
0000000000
0000000100
0000100000
0000000000
0000000000
0010010000
0000000000
0000000000
0000000000
0010000000
0000001000
0000000000
0000000000
0001000100
0000000000
0000000000
0000000000
0001000000
0000000000
0000100000
0000000000
0010000000
0000000000
0000000000
0000000000
,
0010000100
0000000000
0000000000
0000000000
0000110000
0000000000
0000000000
0000000000
0000001000
0000100000
0000000000
0000000000
0001010000
0000000000
0000000000
0000000000
0001000000
0000010000
0000000000
0000000000
0000101000
0000000000
0000000000
0000000000
0010000000
0000000000
0001000000
0000000000
0000100000
0000000000
0000010000
0000000000
0000001000
0000000000
0000000000
0000000000
0010000100
0000000000
0000000000
0000000000
0010000000
0000010000
0000000000
0000000000
0000100100
0000000000
0000000000
0000000000
0000000100
0001000000
0000000000
0000000000
0010001000
0000000000
0000000000
0000000000
0000001000
0000000000
0000010000
0000000000
0000000100
0000000000
0000000000
0000000000
,
0001001000
0000000000
0000001000
0000100000
0001000000
0000000000
0000010000
0001000000
0000100000
0000000000
0000010000
0000001000
0000100000
0000001000
0000010000
0001000000
,
0000001000
0000000000
0000010000
0001000000
0000100000
0000000000
0000010000
0000001000
0000100000
0000000000
0000001000
0000010000
0001000000
0000001000
0000100000
0001000000
,
0011000000
0000000000
0001000000
0000100000
0000001000
0000000000
0001000000
0000010000
0000001000
0000000000
0000100000
0001000000
0000010000
0000100000
0000001000
0000010000
,
0000000100
0000000000
0000010000
0000001000
0000100000
0000000000
0000010000
0001000000
0000100000
0000000000
0000001000
0000100000
0001000000
0000001000
0000010000
0001000000
,
0001100000
0000000000
0000100000
0000001000
0000010000
0000000000
0001000000
0000100000
0000001000
0000000000
0001000000
0000010000
0000001000
0000100000
0001000000
0000010000
,
0010000000
0000000000
0001000000
0000100000
0000001000
0000000000
0001000000
0000010000
0000001000
0000000000
0000100000
0000001000
0000010000
0000100000
0001000000
0000010000
,
0000011000
0000000000
0000010000
0001000000
0000100000
0000000000
0000010000
0000001000
0000100000
0000000000
0000001000
0000100000
0001000000
0000001000
0000010000
0001000000
,
0010000000
0000000000
0001000000
0000100000
0000001000
0000000000
0001000000
0000010000
0000001000
0000000000
0000010000
0001000000
0000101000
0000000000
0000000100
0000000000
,
0002000000
0000002000
0000000000
0000000000
0000000000
0003000000
0000003000
0000000000
0000100000
0000000000
0000010000
0000000000
0000001000
0000000000
0000000100
0000000000
0000010000
0000000000
0000000000
0000000000
0000001000
0000000000
0000000000
0000000000
0001000000
0000000000
0000100000
0000000000
0000000000
0000000000
0000000000
0000000000
,
0020000000
0000010000
0030000000
0000000200
0000100000
0000000300
0002000000
0003000000
0000002000
0000000000
0000000000
0000003000
0020000000
0030000000
0000000200
0000000300
,
0002000000
0000002000
0000000000
0000000000
0000000000
0003000000
0000003000
0000000000
0000100000
0000000000
0000010000
0000000000
0000001000
0000000000
0000000100
0000000000
0000010000
0000000000
0000000000
0000000000
0000001000
0000000000
0000000000
0000000000
0000001000
0000000000
0001000000
0000000000
0000000000
0000000000
0000000000
0000000000
,
0000000200
0000100000
0000000300
0020000000
0000010000
0030000000
0000002000
0000003000
0002000000
0000000000
0000000000
0003000000
0000000200
0000000300
0020000000
0030000000
,
0001000000
0000010000
0001000000
0000010000
0000001000
0000100000
0000001000
0000100000
0000010000
0001000000
0000010000
0001000000
0000100000
0000001000
0000100000
0000001000
,
0000000200
0000100000
0000000300
0020000000
0000010000
0030000000
0000002000
0000003000
0002000000
0000000000
0000000000
0003000000
0000000200
0000000300
0020000000
0030000000
,
0000002000
0002000000
0000000000
0000000000
0000000000
0000003000
0003000000
0000000000
0000001000
0000000000
0000010000
0000000000
0000000100
0000000000
0000001000
0000000000
0000010000
0000000000
0000000000
0000000000
0001000000
0000000000
0000000000
0000000000
0000001000
0000000000
0000100000
0000000000
0000000000
0000000000
0000000000
0000000000
,
0000020000
0000000000
0000030000
0000002000
0000000000
0000003000
0000020000
0000000000
0000030000
0000200000
0000000000
0000300000
0002000000
0003000000
0000200000
0000300000
,
0000000200
0000000000
0000000000
0000000000
0002000000
0000000000
0000000000
0000000300
,
0000020000
0000000000
0000000000
0003000000
0000200000
0000000000
0000000000
0000030000
,
0000002000
0000000000
0000000000
0000300000
0020000000
0000000000
0000000000
0000003000
,
0000020000
0000000000
0000000000
0000000000
0000000000
0000000000
0030000000
0000000000
0000200000
0000000000
0000000000
0000330000
0020220200
0000000000
0030330300
0000000000
,
0000000100
0000000000
0000100000
0000000000
0000010000
0000000000
0010000000
0000000000
0000100000
0010000000
0000010000
0000000000
0000100000
0000000000
0000000100
0000000000
0000010000
0000000000
0000000100
0000000000
0000100000
0000000000
0000010000
0000000000
0010000000
0000100000
0010000000
0000000000
0000010000
0000000000
0000100000
0000000000
,
0000000100
0000010000
0000000100
0000100000
0000010000
0010000000
0000100000
0010000000
0010110000
0000000000
0000000000
0010010000
0000000000
0000000000
0000010000
0000000000
,
0010000000
0000000000
0000001000
0000000000
0001000000
0000000000
0000000100
0000000000
0000001000
0000000100
0001000000
0000000000
0000001000
0000000000
0010000000
0000000000
0001000000
0000000000
0010000000
0000000000
0000001000
0000000000
0001000000
0000000000
0000000100
0000001000
0000000100
0000000000
0001000000
0000000000
0000001000
0000000000
,
0010000000
0000000000
0001000000
0000000000
0010000000
0000000000
0000001000
0000000000
0001000000
0000000100
0000001000
0000000000
0000000100
0000000000
0001000000
0000000000
0001001100
0000000000
0000000000
0000000000
0000000000
0000000000
0001000100
0000000000
0000000000
0000000000
0000000000
0000000000
0001000000
0000000000
0000000000
0000000000
,
0000000100
0000000000
0000010000
0000000000
0000001000
0000000000
0000010000
0000000000
0000000100
0000001000
0000010000
0000000000
0000001000
0000000000
0000000100
0000000000
0000010000
0000000000
0000001000
0000000000
0000010000
0000000000
0000000100
0000000000
0000001000
0000010000
0000001000
0000000000
0000000100
0000000000
0000010000
0000000000
,
0000001000
0000000000
0000010000
0000000000
0000000100
0000000000
0000001000
0000000000
0000010000
0000001000
0000000100
0000000000
0000010000
0000000000
0000001000
0000000000
0000011100
0000000000
0000000000
0000000000
0000000000
0000000000
0000101000
0000000000
0000000000
0000000000
0000000000
0000000000
0000001000
0000000000
0000000000
0000000000
,
0010000000
0000000000
0000100000
0000000000
0001000000
0000000000
0000100000
0000000000
0010000000
0001000000
0000100000
0000000000
0001000000
0000000000
0010000000
0000000000
0000100000
0000000000
0001000000
0000000000
0000100000
0000000000
0010000000
0000000000
0001000000
0000100000
0001000000
0000000000
0010000000
0000000000
0000100000
0000000000
,
0001000000
0000000000
0000100000
0000000000
0010000000
0000000000
0001000000
0000000000
0000100000
0001000000
0010000000
0000000000
0000100000
0000000000
0001000000
0000000000
0011100000
0000000000
0000000000
0000000000
0000000000
0000000000
0001010000
0000000000
0000000000
0000000000
0000000000
0000000000
0001000000
0000000000
0000000000
0000000000
,
0000010000
0000000000
0000001000
0000000000
0000100000
0000000000
0001000000
0000000000
0000001000
0000010000
0001000000
0000000000
0000100000
0000000000
0000010000
0000000000
0000001000
0000000000
0000100000
0000000000
0001000000
0000000000
0000001000
0000000000
0000010000
0001000000
0000100000
0000000000
0000010000
0000000000
0000001000
0000000000
,
0000100000
0000000000
0001000000
0000000000
0000001000
0000000000
0000010000
0000000000
0001000000
0000000000
0000100000
0000000000
0000010000
0000000000
0000001000
0000000000
0000100000
0000000000
0001000000
0000000000
0000001000
0000000000
0000010000
0000000000
0001000000
0000100000
0000010000
0000000000
0000001000
0000000000
0000100000
0000000000
,
0000001000
0000000000
0000010000
0000000000
0000100000
0000000000
0001000000
0000000000
0000010000
0000001000
0001000000
0000000000
0000100000
0000000000
0000001000
0000000000
0000010000
0000000000
0000100000
0000000000
0001000000
0000000000
0000010000
0000000000
0000001000
0001000000
0000100000
0000000000
0000001000
0000000000
0000010000
0000000000
,
0000100000
0001000000
0000010000
0000001000
0001000000
0000100000
0000001000
0000010000
0000100000
0001000000
0000010000
0000001000
0001000000
0000100000
0000001000
0000010000
,
0000202000
0000303000
0000202000
0000303000
0000202000
0000303000
0000202000
0000303000
0000202000
0000303000
0000202000
0000303000
0000202000
0000303000
0000202000
0000303000
0000202000
0000303000
0000202000
0000303000
0000202000
0000303000
0000202000
0000303000
0000202000
0000303000
0000202000
0000303000
0000202000
0000303000
0000202000
0000303000
,
0000202000
0000303000
0000202000
0000303000
0000202000
0000303000
0000202000
0000303000
0000202000
0000303000
0000202000
0000303000
0000202000
0000303000
0000202000
0000303000
0000202000
0000303000
0000202000
0000303000
0000202000
0000303000
0000202000
0000303000
0000202000
0000303000
0000202000
0000303000
0000202000
0000303000
0000202000
0000303000
,
0000202000
0000303000
0000202000
0000303000
0000202000
0000303000
0000202000
0000303000
0000202000
0000303000
0000202000
0000303000
0000202000
0000303000
0000202000
0000303000
0000202000
0000303000
0000202000
0000303000
0000202000
0000303000
0000202000
0000303000
0000000000
0000000000
0000000000
0000000000
0000000000
0000000000
0000000000
0000000000