// measure 0
00000
00000
00000
00000
00020
00000
00000
00000
00000
00000
00000
00000
00000
00000
00000
00030
,  // measure 1
10000
01000
00100
00010
01000
00100
10000
00001
00010
00100
02000
03000
00020
00000
00000
00030
10000
01000
00100
00010
01000
00100
10000
00001
00010
00100
01000
00010
00200
00000
00300
00000
,  // measure 2
00001
01000
00100
10000
00010
10000
00100
01000
00002
00003
00200
00300
20000
00000
00000
30000
02000
03000
00100
10000
02000
03000
10000
00100
02000
03000
00100
10000
02000
03000
10000
00100
,  // measure 3
01000
00001
00100
00010
10000
00010
00100
00001
02000
03000
00200
00300
00020
00000
00000
00030
00002
00003
00100
00010
00002
00003
00010
00100
00002
00003
00100
00010
00002
00003
00010
00100
,  // measure 4
01000
10000
00100
01000
10000
01000
00100
10000
02000
03000
00200
00300
00020
00000
00000
00030
00200
00300
00001
10000
00200
00300
01000
00010
00200
00300
00001
10000
00200
00300
01000
00100
,  // measure 5
00010
00001
00100
00010
00001
00010
00100
00001
00020
00030
00200
00300
02000
00000
00000
03000
00200
00300
10000
00001
00200
00300
00010
01000
00200
00300
10000
00001
00200
00300
00010
01000
,  // measure 6
00001
00000
10000
00000
00010
00100
00000
00000
00010
00000
01000
00000
01110
00000
00000
00000
10000
00000
00001
00000
01000
00100
00000
00000
02000
03000
00020
00030
00002
00003
00200
00300
,  // measure 7
10000
00000
01000
00000
10000
00100
00000
00000
10000
00000
00010
00000
10110
00000
00000
00000
00001
00000
00010
00000
00001
00100
00000
00000
00001
00000
01000
00000
01101
00000
00000
00000
,  // measure 8
01000
00000
01000
00000
00010
00100
00010
00100
00001
10000
00100
01000
00010
00100
00001
01000
00100
10000
00001
00100
00010
00100
01000
00100
00020
00030
00002
00003
00200
00300
20000
00000
,  // measure 9
02000
00000
00000
00000
00000
33000
11100
00000
10110
00000
10000
00001
02000
00020
03000
00030
,  // measure 10
10000
00100
10000
00001
00100
10000
01000
00100
10000
00100
00001
00010
00100
00001
20000
30000
02000
03000
00200
00300
00020
00030
00200
00300
00002
00003
00200
00300
20000
30000
00200
00300
,  // measure 11
00001
00100
00001
10000
00100
00001
00010
00100
00001
00100
10000
01000
00100
10000
00002
00003
00020
00030
00200
00300
02000
03000
00200
00300
20000
30000
00200
00300
00002
00003
00200
00300
,  // measure 12
10000
01000
10000
00100
01000
00010
00100
00001
00010
00100
01000
00100
10000
00100
00002
00003
00020
00030
02000
03000
20000
30000
00200
00300
20000
30000
02000
03000
00020
00030
00200
00300
,  // measure 13
00001
00010
00001
00100
00010
01000
00100
10000
01000
00100
00010
00100
00001
00100
20000
30000
02000
03000
00020
00030
00002
00003
00200
00300
00002
00003
00020
00030
02000
03000
00200
00300
,  // measure 14
10000
00001
00100
00010
01000
00010
00100
00001
00010
00100
01000
00010
00001
00100
00001
00010
00200
00000
00300
00002
00000
00003
20000
00000
30000
02000
00000
03000
00200
00300
00020
00030
,  // measure 15
01000
00010
00100
00001
10000
00001
00100
00010
00001
00100
10000
00001
00010
00100
00010
00001
00200
00000
00300
00020
00000
00030
02000
00000
03000
20000
00000
30000
00200
00300
00002
00003
,  // measure 16
00100
10000
01000
00100
10000
00001
00100
00010
00001
00100
10000
01000
00100
00010
00100
00001
00020
00000
00030
00200
00000
00300
02000
00000
03000
00200
00000
00300
20000
30000
00002
00003
,  // measure 17
00100
00010
01000
00100
10000
00001
00100
00010
00001
00100
10000
01000
00100
00010
01000
00100
20000
00000
30000
00002
00000
00003
00020
00000
00030
00200
00000
00300
02000
03000
00020
00030
,  // measure 18
00000
00000
20000
00210
30300
00000
00002
01200
00303
00000
00020
10200
00330
00000
02000
00201
,  // measure 19
03300
00000
20000
00120
30030
00000
00002
02100
03003
00000
02000
03120
20030
00000
00002
30003
,  // measure 20
10000
00001
00100
00010
00100
01000
10000
00100
00010
00001
00100
00001
10000
00100
10000
01000
00001
00010
00100
00001
01000
00100
10000
01000
11000
00000
00000
10100
00000
00000
10010
00000
,  // measure 21
00010
01000
00100
10000
00100
00001
00010
00100
10000
01000
00100
01000
00010
00100
00010
00001
01000
10000
00100
01000
00001
00100
00010
00001
00011
00000
00000
00110
00000
00000
10010
00000
,  // measure 22
10000
00100
00001
00010
00100
00001
01000
00010
00100
10000
01000
00100
10000
01000
00100
00001
00010
00100
01000
00100
10000
01000
00100
00010
00110
00000
00000
01010
00000
00000
01100
00000
,  // measure 23
01000
00100
00010
00001
00100
00010
10000
00001
00100
01000
10000
00100
01000
10000
00100
00010
00001
00100
10000
00100
01000
10000
00100
00001
00101
00000
00000
10001
00000
00000
10100
00000
,  // measure 24
10000
00001
10000
00100
01000
00010
01000
00100
10000
01000
00100
00010
00001
00100
10000
00100
00010
00001
00100
00001
10000
00100
10000
01000
00001
00100
00001
00010
10000
00100
10000
01000
,  // measure 25
00100
00010
01000
00100
10000
00001
00100
10000
01000
00100
01000
00010
00100
00001
01000
00010
10000
00100
10000
01000
00001
00100
00001
00010
01000
00100
01000
10000
00010
00100
00010
00001
,  // measure 26
00200
00000
00000
00000
,  // measure 27
00000
00000
00000
00300
00000
00000
00000
00000