0000000000
0000000000
0000000000
0000000000
,
0000000000
0000000000
0000000000
0000000000
,
0000000000
0000000000
0000000000
0000000000
,
0000000000
0000000000
0000000000
0000000000
,
1000000000
0010000000
0000100000
0000010000
0000001000
0000000000
0000000000
0000000010
,
0000000001
0000000000
0000000000
0000000000
,
0000000011
0000011000
0001100000
1100000000
,
0010000000
0000000000
0000000000
0000000000
0000000000
0000000000
1000000000
0010000000
,
0100000000
0000000000
0000000000
0000000000
0001001000
0000000000
0000000001
0000000100
,
0000000010
0000000000
0000000000
0000000000
0000110000
0000000000
1000000000
0010000000
,
0000100000
0000010000
0000000100
0000000001
0000000100
0000001000
0001000000
0010000000
,
0100000000
0000000000
0000000000
0000000000
,
0100000000
0010000000
0001000000
0000001000
0000010000
0000000000
0000000000
0000000001
,
0000010000
0000000000
0000000000
0000000000
,
1100000000
0001100000
0000011000
0000000011
,
0000000100
0000000000
0000000000
0000000000
0000000000
0000000000
0000000000
0000000001
,
0000010000
0000100000
0000000000
0000000000
1000100000
0000000000
1000000000
0000100000
,
0000010000
0000000000
0000000000
0000000000
0000010001
0000000000
0000000001
0000000100
,
0000010000
0000100000
0010000000
1000000000
0010000000
0001000000
0000001000
0000000100
,
0000000010
0000000000
0000000000
0000000000
,
0100000000
0010000000
1000000000
0010000000
0001000000
0000001000
0000100000
0000010000
,
0000001000
0000000100
0000010000
0000000100
0000001000
0000000010
0000010000
0000000001
,
0000001000
0000000100
0000010000
0000000100
0001000000
0000001000
0000100000
0000010000
,
0100000000
0010000000
1000000000
0010000000
0100000000
0001000000
1000000000
0000100000
,
0100000000
0010000000
0001000000
0000001000
0000000100
0000000010
0000000001
0000000100
,
0000010000
0000100000
0010000000
1000000000
0010000000
0000000000
1000100000
0000000000
,
0100000000
1000000000
0010000000
0001000000
0000100000
0000010000
0000001000
0000000100
,
0000000001
0000000010
0000000100
0000010000
0000100000
0010000000
1000000000
0010000000
,
0100000000
0000000000
0000000000
0000000000
,
0100000000
0001000000
0100000000
0001000000
0000100000
0000010000
0000100000
0000010000
,
0000001000
0000000000
0000000000
0000000000
,
0000000001
0000010000
0000000001
0000010000
0000001000
0001000000
0000001000
0001000000
,
0000100000
0000000000
0000000000
0000000000
,
0100000000
0010000000
0001000000
0000001000
0000000100
0000000010
0000000100
0000000001
,
0000010000
0000000000
0000000000
0000000000
,
0000000001
0000000100
0000010000
0000100000
0010000000
1000000000
0010000000
0100000000
,
0101000000
0000000000
0000000000
0000000000
,
0101000000
0000000000
0000000000
0000000000
,
0101000000
0000000000
0000000000
0000000000
,
0101000000
0000000000
0000000000
0000000000
,
1000100000
0000000000
0000000000
0000000000
,
1000100000
0000000000
0000000000
0000000000
,
1000100000
0000000000
0000000000
0000000000
,
1000100000
0000110000
0000010001
0000000000
,
0000000100
0000000100
0000000100
0000000000
,
0000000100
0000010001
0000000100
0000010001
,
0000000000
0000110000
1000100000
0000000000
,
0101000000
0000001010
0000010001
1000100000
,
0101000000
0000000000
0000000000
0000000000
0000000000
0000000000
1000000000
0000100000
,
0000010000
0000000000
0000000000
0000000000
0000010001
0000000000
0000000001
0000010000
,
0000100000
0000000000
0000000000
0000000000
1000100000
0000000000
1000000000
0010000000
,
0000100000
0000010000
0000000100
0000000001
0000000100
0000001000
0001000000
0010000000
,
0100000000
0000000000
0000000000
0000000000
0000000000
0000000000
1000000000
0000100000
,
0000010000
0000010001
0000000100
0000010001
,
0000000000
0000110000
1000100000
0000000000
,
1000100000
0000010001
0000001010
0101000000
,
1000100000
0000000000
0000000000
0000000000
0000000000
0000000000
1000000000
0010000000
,
0000100000
0000000000
0000000000
0000000000
0000000011
0000000000
0000000010
0000000100
,
0000001000
0000000000
0000000000
0000000000
1100000000
0000000000
0010000000
0001000000
,
0000001000
0000000100
0000010000
0000100000
0010000000
0001000000
0000001000
0000000100
,
0000010000
0000000000
0000000000
0000000000
0000000000
0000000000
0100000000
0010000000
,
0000100000
0000000000
0000000000
0000000000
0000110000
0000000000
0000000010
0000000100
,
0000010000
0000000000
0000000000
0000000000
0000110000
0000000000
0000000100
0000001000
,
0001000000
0010000000
0000100000
0000010000
0000000100
0000001000
0001000000
0010000000
,
0000100000
0000000000
0000000000
0000000000
,
0000110000
0000000000
0000000000
0000000000