0000000000
0000000000
0000000000
0000000000
,
0000000000
0000000000
0000000000
0000000000
,
0000000000
0000000000
0000000000
0000000000
,
0000000000
0000000000
0000000000
0000000000
,
0000000000
0000000000
0000000000
0000000000
,
0000000000
0000000000
0000000000
0000000000
,
0000000000
0000000000
0000000000
0000000000
0000000000
0000000000
0000000000
0000000000
0000000000
0000110000
0000000000
0000000000
0000000000
0000000000
0000000000
0000000000
0000000000
0000000000
0000000000
0000000000
0000000000
0000000000
0000000000
0000000000
0000000000
0000000000
0000000000
0000000000
0000000000
0000000000
0000000000
0000000000
,
0000000000
0000000000
0000000000
0000000000
0000000000
0000000000
0000000000
0000000000
0000000000
0100000000
0010000000
0100000000
,
0010000000
0000000000
0000000000
0000000000
0000000000
0000000000
0000000000
0000000000
0000000000
1000000000
0000100000
1000000000
,
0000100000
0000000000
0000000000
0000000000
0000000000
0000000000
0000000000
0000000000
0000000000
0010000000
0001000000
0010000000
,
0001000000
0000000000
0000000000
0000100000
0000010000
0000100000
0000010000
0000000000
0000000000
0000001000
0000000100
0000001000
,
0000000100
0000000000
0000000000
0000000000
0000000000
0000000000
0000000000
0000000000
0000000000
0000000010
0000000100
0000000010
,
0000000100
0000000000
0000000000
0000000001
0000010000
0000000001
0000010000
0000000000
0000000000
0000000100
0000001000
0000000100
,
0000001000
0000000000
0000000000
0000010000
0000100000
0000010000
0000100000
0000000000
0000000000
0001000000
0010000000
0001000000
,
0010000000
0000000000
0000100000
0000000000
0001000000
0000000000
0000001000
0000000000
0000010000
0000000000
0000001000
0000000000
,
0002002000
0000000000
0000000000
0000000000
,
0000000000
0000000000
0000000000
0000000000
,
0000003000
0003000100
2002000000
0000000000
,
0000000000
0000000000
0000000000
0000000000
,
3003000000
0001001000
0002000002
0000000000
,
0000000000
0000000000
0000000000
0000000000
,
0003000003
0001001000
0000020020
0000000000
,
0000000000
0000000000
0000000000
0000000000
,
0000030030
0000110000
0200020000
0000000000
,
0000000000
0000000000
0000000000
0000000000
,
0300030000
0000000000
0000110000
0000000000
0010000000
0000010000
0000100000
0000001000
,
0000000000
0000001000
0000100000
0000000000
0000100000
0000010000
0000001000
0000000100
,
0000000000
0000000100
0000010000
0000000000
0000010000
0000000001
0000000100
0000000010
,
0000000000
0000000010
0000000100
0000000000
0000000100
0000000001
0000001000
0000000100
,
0000000000
0000000100
0000001000
0000000000
0000001000
0000010000
0000100000
0001000000
,
0000000000
0001000000
0100000000
0000000000
0100000000
0010000000
1000000000
0001000000
,
0000000000
0001000000
0010000000
0000100000
0001020000
0000000000
0000000000
0000000000
,
0000000000
0000000000
0000000000
0000000000
0000000000
0000000000
0000000000
0000030000
,
0000200000
0000301000
0000010100
0000000110
,
0000000100
0000000010
0000010000
0000000000
0000001100
0000000000
0001010000
0000000000
,
0000010000
0001000000
0000100000
0010000000
0000010000
0010000000
0000100000
0100000000
,
0000100000
0010000000
0000010000
0010000000
0000100000
0000001000
0000000100
0000000000
,
0000100000
0000001000
0000000100
0000000000
0000000110
0000000000
0000010100
0000000000
,
0000000100
0000010000
0000000010
0000000000
0000001100
0000000000
0001010000
0000000000
,
0000010000
0000000000
0000000000
0001000000
0000000000
0000000000
0000100000
0000000000
0000000000
0010000000
0000000000
0000000000
0000200000
0000000000
0000000000
0000000000
0010000000
0000000000
0000000000
0000000000
1000300000
0000000000
0000000000
0000000000
,
0002000000
0000000000
0000001000
0000000000
0003000100
0000000000
0000020000
0000000000
0000100000
0000000000
0010030000
0000000000
,
0000202000
0000303000
0011000000
1010000000
,
0010000000
0001000000
1000000000
0000000000
0011000000
0000000000
0000101000
0000000000
,
0000100000
0000001000
0000010000
0000001000
0000100000
0000010000
0000100000
0000001000
,
0000010000
0000000100
0000001000
0000000100
0000001100
0000000000
0000000101
0000000000
,
0000000001
0000001000
0000000100
0000001000
0000000001
0000010000
0000001000
0001000000
,
0000001000
0000000000
0010000000
0000000000
0000010000
0000000000
0000100000
0000000000
0000002000
0000003000
0000000000
0002000000
0003000000
0000000000
0000200000
0000300000
,
0000000000
0020000000
0030000000
0000000000
0002020000
0000000000
0003030000
0000000000
0000001100
0000000000
0000000000
0000000000
0000000101
0000000000
0000000000
0000000000
,
0000000100
0000001000
0000000001
0000000000
0000001100
0000000000
0001010000
0000000000
,
0000010000
0001000000
0000100000
0001000000
0000010000
0000100000
0000010000
0001000000
,
0000100000
0010000000
0001000000
0010000000
0011000000
0000000000
1010000000
0000000000
,
1000000000
0001000000
0010000000
0001000000
1000000000
0000100000
0001000000
0000001000
,
0001000000
0000000000
0000000100
0000000000
0000100000
0000000000
0000010000
0000000000
0002000000
0003000000
0000000000
0000002000
0000003000
0000000000
0000020000
0000030000
,
0000000000
0000000200
0000000300
0000000000
0000202000
0000000000
0000303000
0000000000
0010000000
0000000000
0000000000
0000000000
1000000000
0000000000
0000000000
0000000000
,
0000010000
0000100000
0001000000
0000100000
0000000100
0000000000
0000000001
0000000000
,
0000100000
0000010000
0000001000
0000010000
0020000000
0030000000
0000000200
0000000300
,
0002000000
0003000000
0000002000
0000003000
0010000000
0001000000
0000100000
0000010000
,
0000001000
0000010000
0000100000
0001000000
0020001000
0000000000
0000000000
0000000000
,
0000000000
0000000000
0000000000
0030000000
0000000100
0001000000
0000100000
0000001000
,
0000000100
0000100000
0001000000
0000010000
0000100200
0000000000
0000000000
0000000000
,
0000000000
0000000000
0000000000
0000000300
0010000000
0000001000
0000010000
0001000000
,
0010000000
0000010000
0000001000
0000100000
0020200000
0030300000
0002002000
0003003000
,
0000220000
0000330000
0002002000
0003003000
0000020200
0000030300
0002002000
0003003000
,
0000220000
0000330000
0002002000
0003003000
0020020000
0000000000
0000000000
0000000000
,
0000000000
0000000000
0000000000
0000000000
,
0000000000
0000000000
0000000000
0030030000
0002000200
0000000000
0000000000
0000000000
,
0000000000
0000000000
0000000000
0000000000
0003000300
0000000000
0000000000
0011000110